step,seen_samples,sample_idx,dataset_name,dataset_type,model_variant,seed,monitor_preset,monitor_preset_base,monitor_ph_params,monitor_ph_overrides,ph_error_threshold,ph_error_delta,ph_error_alpha,ph_error_min_instances,ph_divergence_threshold,ph_divergence_delta,ph_divergence_alpha,ph_divergence_min_instances,ph_entropy_threshold,ph_entropy_delta,ph_entropy_alpha,ph_entropy_min_instances,trigger_mode,trigger_k,trigger_threshold,trigger_weights,confirm_window,confirm_cooldown,effective_confirm_cooldown,confirm_rate_per10k,adaptive_cooldown_enabled,adaptive_window,adaptive_lower_per10k,adaptive_upper_per10k,adaptive_cooldown_low,adaptive_cooldown_high,confirm_cooldown_active,confirm_cooldown_remaining,severity_scheduler_scale,metric_accuracy,metric_kappa,student_error_rate,teacher_entropy,divergence_js,drift_flag,candidate_flag,candidate_count_total,confirmed_count_total,confirm_delay,confirm_rule_effective,last_perm_pvalue,last_perm_effect,perm_test_count_total,perm_accept_count_total,perm_reject_count_total,monitor_severity,monitor_fused_severity,monitor_vote_count,monitor_vote_score,drift_severity_raw,drift_severity,severity_carry,use_severity_v2,severity_gate,severity_confirmed,severity_gate_min_streak,severity_confirmed_streak,entropy_mode,decay,freeze_baseline_steps,regime,alpha,lr,lambda_u,tau,timestamp,supervised_loss,unsupervised_loss
1,64,63,sea_abrupt4,sea,ts_drift_adapt,3,"error_divergence_ph_meta@error.threshold=0.10,error.min_instances=5",error_divergence_ph_meta,"{""divergence"": {""alpha"": 0.1, ""delta"": 0.005, ""min_instances"": 30, ""threshold"": 0.05}, ""error_rate"": {""alpha"": 0.15, ""delta"": 0.005, ""min_instances"": 5, ""threshold"": 0.1}}","{""error_rate"": {""min_instances"": 5, ""threshold"": 0.1}}",0.1,0.005,0.15,5,0.05,0.005,0.1,30,,,,-1,two_stage,2,0.5,"__confirm_cooldown=200,divergence=0.3,error_rate=0.5,teacher_entropy=0.2",3,0,200,0.0,0,10000,10.0,25.0,200,500,0,0,1.0,0.359375,-0.036334913112164295,0.5,0.6651650667190552,0.006115575786679983,0,0,0,0,-1,weighted,,,0,0,0,0.0,0.0,0,0.0,0.0,0.0,0.0,0,none,0,1,0,overconfident,0.95,0,mild_drift,0.97515,0.00115,0.9,0.8775,1768042046.7407844,0.773678719997406,0.02456565946340561
2,128,127,sea_abrupt4,sea,ts_drift_adapt,3,"error_divergence_ph_meta@error.threshold=0.10,error.min_instances=5",error_divergence_ph_meta,"{""divergence"": {""alpha"": 0.1, ""delta"": 0.005, ""min_instances"": 30, ""threshold"": 0.05}, ""error_rate"": {""alpha"": 0.15, ""delta"": 0.005, ""min_instances"": 5, ""threshold"": 0.1}}","{""error_rate"": {""min_instances"": 5, ""threshold"": 0.1}}",0.1,0.005,0.15,5,0.05,0.005,0.1,30,,,,-1,two_stage,2,0.5,"__confirm_cooldown=200,divergence=0.3,error_rate=0.5,teacher_entropy=0.2",3,0,200,0.0,0,10000,10.0,25.0,200,500,0,0,1.0,0.34375,-0.06687834887874579,0.8333333333333334,0.6574885249137878,0.00546044809743762,0,0,0,0,-1,weighted,,,0,0,0,0.0,0.33333333333333337,0,0.0,0.0,0.0,0.0,0,none,0,1,0,overconfident,0.95,0,mild_drift,0.967725,0.001225,0.8500000000000001,0.86625,1768042046.7494357,0.7734878063201904,0.02170654572546482
3,192,191,sea_abrupt4,sea,ts_drift_adapt,3,"error_divergence_ph_meta@error.threshold=0.10,error.min_instances=5",error_divergence_ph_meta,"{""divergence"": {""alpha"": 0.1, ""delta"": 0.005, ""min_instances"": 30, ""threshold"": 0.05}, ""error_rate"": {""alpha"": 0.15, ""delta"": 0.005, ""min_instances"": 5, ""threshold"": 0.1}}","{""error_rate"": {""min_instances"": 5, ""threshold"": 0.1}}",0.1,0.005,0.15,5,0.05,0.005,0.1,30,,,,-1,two_stage,2,0.5,"__confirm_cooldown=200,divergence=0.3,error_rate=0.5,teacher_entropy=0.2",3,0,200,0.0,0,10000,10.0,25.0,200,500,0,0,1.0,0.4010416666666667,-0.047239612976664805,0.3333333333333333,0.6708844304084778,0.00895971991121769,0,0,0,0,-1,weighted,,,0,0,0,0.0,0.5,0,0.0,0.0,0.0,0.0,0,none,0,1,0,overconfident,0.95,0,mild_drift,0.9640124999999999,0.0012625000000000002,0.8250000000000001,0.860625,1768042046.7596433,0.6167799830436707,0.035863298922777176
4,256,255,sea_abrupt4,sea,ts_drift_adapt,3,"error_divergence_ph_meta@error.threshold=0.10,error.min_instances=5",error_divergence_ph_meta,"{""divergence"": {""alpha"": 0.1, ""delta"": 0.005, ""min_instances"": 30, ""threshold"": 0.05}, ""error_rate"": {""alpha"": 0.15, ""delta"": 0.005, ""min_instances"": 5, ""threshold"": 0.1}}","{""error_rate"": {""min_instances"": 5, ""threshold"": 0.1}}",0.1,0.005,0.15,5,0.05,0.005,0.1,30,,,,-1,two_stage,2,0.5,"__confirm_cooldown=200,divergence=0.3,error_rate=0.5,teacher_entropy=0.2",3,0,200,0.0,0,10000,10.0,25.0,200,500,0,0,1.0,0.4609375,-0.017980636237897647,0.6666666666666666,0.6665009260177612,0.014582684263586998,0,0,0,0,-1,weighted,,,0,0,0,0.0,0.3333333333333333,0,0.0,0.0,0.0,0.0,0,none,0,1,0,overconfident,0.95,0,mild_drift,0.9621562499999999,0.0012812500000000003,0.8125,0.8578125,1768042046.7690065,0.8285558819770813,0.058850377798080444
5,320,319,sea_abrupt4,sea,ts_drift_adapt,3,"error_divergence_ph_meta@error.threshold=0.10,error.min_instances=5",error_divergence_ph_meta,"{""divergence"": {""alpha"": 0.1, ""delta"": 0.005, ""min_instances"": 30, ""threshold"": 0.05}, ""error_rate"": {""alpha"": 0.15, ""delta"": 0.005, ""min_instances"": 5, ""threshold"": 0.1}}","{""error_rate"": {""min_instances"": 5, ""threshold"": 0.1}}",0.1,0.005,0.15,5,0.05,0.005,0.1,30,,,,-1,two_stage,2,0.5,"__confirm_cooldown=200,divergence=0.3,error_rate=0.5,teacher_entropy=0.2",3,0,200,0.0,0,10000,10.0,25.0,200,500,0,0,1.0,0.5125,0.030792529025744492,0.16666666666666666,0.6664420962333679,0.017053542658686638,1,1,1,1,0,weighted,,,0,0,0,0.0,0.5,1,0.5,0.0,0.0,0.0,0,none,1,1,0,overconfident,0.95,0,stable,0.9760781249999999,0.001040625,0.90625,0.90140625,1768042046.778802,0.5602366328239441,0.06905259191989899
6,384,383,sea_abrupt4,sea,ts_drift_adapt,3,"error_divergence_ph_meta@error.threshold=0.10,error.min_instances=5",error_divergence_ph_meta,"{""divergence"": {""alpha"": 0.1, ""delta"": 0.005, ""min_instances"": 30, ""threshold"": 0.05}, ""error_rate"": {""alpha"": 0.15, ""delta"": 0.005, ""min_instances"": 5, ""threshold"": 0.1}}","{""error_rate"": {""min_instances"": 5, ""threshold"": 0.1}}",0.1,0.005,0.15,5,0.05,0.005,0.1,30,,,,-1,two_stage,2,0.5,"__confirm_cooldown=200,divergence=0.3,error_rate=0.5,teacher_entropy=0.2",3,0,200,0.0,0,10000,10.0,25.0,200,500,1,136,1.0,0.546875,0.0744937252403248,0.3333333333333333,0.6800909638404846,0.01690882071852684,0,0,1,1,-1,weighted,,,0,0,0,0.0,0.16666666666666666,0,0.0,0.0,0.0,0.0,0,none,0,1,0,overconfident,0.95,0,mild_drift,0.9681890624999999,0.0011703125000000001,0.853125,0.878203125,1768042046.7898495,0.6063979268074036,0.0692344531416893
7,448,447,sea_abrupt4,sea,ts_drift_adapt,3,"error_divergence_ph_meta@error.threshold=0.10,error.min_instances=5",error_divergence_ph_meta,"{""divergence"": {""alpha"": 0.1, ""delta"": 0.005, ""min_instances"": 30, ""threshold"": 0.05}, ""error_rate"": {""alpha"": 0.15, ""delta"": 0.005, ""min_instances"": 5, ""threshold"": 0.1}}","{""error_rate"": {""min_instances"": 5, ""threshold"": 0.1}}",0.1,0.005,0.15,5,0.05,0.005,0.1,30,,,,-1,two_stage,2,0.5,"__confirm_cooldown=200,divergence=0.3,error_rate=0.5,teacher_entropy=0.2",3,0,200,0.0,0,10000,10.0,25.0,200,500,1,72,1.0,0.5736607142857143,0.10992760256303574,0.16666666666666666,0.6758967638015747,0.016366366297006607,0,0,1,1,-1,weighted,,,0,0,0,0.0,0.16666666666666666,0,0.0,0.0,0.0,0.0,0,none,0,1,0,overconfident,0.95,0,mild_drift,0.9642445312499999,0.0012351562500000001,0.8265625000000001,0.8666015625,1768042046.801253,0.651336133480072,0.06663383543491364
8,512,511,sea_abrupt4,sea,ts_drift_adapt,3,"error_divergence_ph_meta@error.threshold=0.10,error.min_instances=5",error_divergence_ph_meta,"{""divergence"": {""alpha"": 0.1, ""delta"": 0.005, ""min_instances"": 30, ""threshold"": 0.05}, ""error_rate"": {""alpha"": 0.15, ""delta"": 0.005, ""min_instances"": 5, ""threshold"": 0.1}}","{""error_rate"": {""min_instances"": 5, ""threshold"": 0.1}}",0.1,0.005,0.15,5,0.05,0.005,0.1,30,,,,-1,two_stage,2,0.5,"__confirm_cooldown=200,divergence=0.3,error_rate=0.5,teacher_entropy=0.2",3,0,200,0.0,0,10000,10.0,25.0,200,500,1,8,1.0,0.595703125,0.1348527395023836,0.16666666666666666,0.6760661602020264,0.017510849982500076,0,0,1,1,-1,weighted,,,0,0,0,0.0,0.0011444836854934692,0,0.0,0.0,0.0,0.0,0,none,0,1,0,overconfident,0.95,0,mild_drift,0.9622722656249999,0.001267578125,0.8132812500000001,0.86080078125,1768042046.8126051,0.6504725813865662,0.07153550535440445
9,576,575,sea_abrupt4,sea,ts_drift_adapt,3,"error_divergence_ph_meta@error.threshold=0.10,error.min_instances=5",error_divergence_ph_meta,"{""divergence"": {""alpha"": 0.1, ""delta"": 0.005, ""min_instances"": 30, ""threshold"": 0.05}, ""error_rate"": {""alpha"": 0.15, ""delta"": 0.005, ""min_instances"": 5, ""threshold"": 0.1}}","{""error_rate"": {""min_instances"": 5, ""threshold"": 0.1}}",0.1,0.005,0.15,5,0.05,0.005,0.1,30,,,,-1,two_stage,2,0.5,"__confirm_cooldown=200,divergence=0.3,error_rate=0.5,teacher_entropy=0.2",3,0,200,0.0,0,10000,10.0,25.0,200,500,0,0,1.0,0.6215277777777778,0.1853005294300841,0.16666666666666666,0.6764575242996216,0.009553570300340652,0,0,1,1,-1,weighted,,,0,0,0,0.0,0.007957279682159424,0,0.0,0.0,0.0,0.0,0,none,0,1,0,overconfident,0.95,0,mild_drift,0.9612861328125,0.0012837890625,0.806640625,0.857900390625,1768042046.8231916,0.5573744177818298,0.03869653865695
10,640,639,sea_abrupt4,sea,ts_drift_adapt,3,"error_divergence_ph_meta@error.threshold=0.10,error.min_instances=5",error_divergence_ph_meta,"{""divergence"": {""alpha"": 0.1, ""delta"": 0.005, ""min_instances"": 30, ""threshold"": 0.05}, ""error_rate"": {""alpha"": 0.15, ""delta"": 0.005, ""min_instances"": 5, ""threshold"": 0.1}}","{""error_rate"": {""min_instances"": 5, ""threshold"": 0.1}}",0.1,0.005,0.15,5,0.05,0.005,0.1,30,,,,-1,two_stage,2,0.5,"__confirm_cooldown=200,divergence=0.3,error_rate=0.5,teacher_entropy=0.2",3,0,200,0.0,0,10000,10.0,25.0,200,500,0,0,1.0,0.6375,0.20737956952511102,0.16666666666666666,0.677323043346405,0.01754947192966938,0,0,1,1,-1,weighted,,,0,0,0,0.0,0.007995901629328728,0,0.0,0.0,0.0,0.0,0,none,0,1,0,overconfident,0.95,0,mild_drift,0.96079306640625,0.0012918945312500002,0.8033203125,0.8564501953125,1768042046.8329384,0.5297160744667053,0.07210280001163483
11,704,703,sea_abrupt4,sea,ts_drift_adapt,3,"error_divergence_ph_meta@error.threshold=0.10,error.min_instances=5",error_divergence_ph_meta,"{""divergence"": {""alpha"": 0.1, ""delta"": 0.005, ""min_instances"": 30, ""threshold"": 0.05}, ""error_rate"": {""alpha"": 0.15, ""delta"": 0.005, ""min_instances"": 5, ""threshold"": 0.1}}","{""error_rate"": {""min_instances"": 5, ""threshold"": 0.1}}",0.1,0.005,0.15,5,0.05,0.005,0.1,30,,,,-1,two_stage,2,0.5,"__confirm_cooldown=200,divergence=0.3,error_rate=0.5,teacher_entropy=0.2",3,0,200,0.0,0,10000,10.0,25.0,200,500,0,0,1.0,0.6491477272727273,0.23067938485497377,0.0,0.6812273263931274,0.00881252996623516,1,1,2,2,0,weighted,,,0,0,0,0.16666666666666666,0.16666666666666666,1,0.5,0.0,0.0,0.0,0,none,1,1,0,overconfident,0.95,0,severe_drift,0.925896533203125,0.0016459472656250001,0.65166015625,0.8332250976562501,1768042046.843827,0.5156408548355103,0.03579847142100334
12,768,767,sea_abrupt4,sea,ts_drift_adapt,3,"error_divergence_ph_meta@error.threshold=0.10,error.min_instances=5",error_divergence_ph_meta,"{""divergence"": {""alpha"": 0.1, ""delta"": 0.005, ""min_instances"": 30, ""threshold"": 0.05}, ""error_rate"": {""alpha"": 0.15, ""delta"": 0.005, ""min_instances"": 5, ""threshold"": 0.1}}","{""error_rate"": {""min_instances"": 5, ""threshold"": 0.1}}",0.1,0.005,0.15,5,0.05,0.005,0.1,30,,,,-1,two_stage,2,0.5,"__confirm_cooldown=200,divergence=0.3,error_rate=0.5,teacher_entropy=0.2",3,0,200,0.0,0,10000,10.0,25.0,200,500,1,136,1.0,0.6536458333333334,0.23977940027240055,0.3333333333333333,0.6753799319267273,0.012114654295146465,0,0,2,2,-1,weighted,,,0,0,0,0.0,0.3333333333333333,0,0.0,0.0,0.0,0.0,0,none,0,1,0,overconfident,0.95,0,mild_drift,0.9430982666015625,0.0014729736328125001,0.725830078125,0.844112548828125,1768042046.8532941,0.6876370906829834,0.049297723919153214
13,832,831,sea_abrupt4,sea,ts_drift_adapt,3,"error_divergence_ph_meta@error.threshold=0.10,error.min_instances=5",error_divergence_ph_meta,"{""divergence"": {""alpha"": 0.1, ""delta"": 0.005, ""min_instances"": 30, ""threshold"": 0.05}, ""error_rate"": {""alpha"": 0.15, ""delta"": 0.005, ""min_instances"": 5, ""threshold"": 0.1}}","{""error_rate"": {""min_instances"": 5, ""threshold"": 0.1}}",0.1,0.005,0.15,5,0.05,0.005,0.1,30,,,,-1,two_stage,2,0.5,"__confirm_cooldown=200,divergence=0.3,error_rate=0.5,teacher_entropy=0.2",3,0,200,0.0,0,10000,10.0,25.0,200,500,1,72,1.0,0.6550480769230769,0.24509977490578916,0.16666666666666666,0.6796344518661499,0.013421920128166676,0,0,2,2,-1,weighted,,,0,0,0,0.0,0.16666666666666666,0,0.0,0.0,0.0,0.0,0,none,0,1,0,overconfident,0.95,0,mild_drift,0.9516991333007812,0.00138648681640625,0.7629150390625,0.8495562744140626,1768042046.8629527,0.4032885730266571,0.05757400766015053
14,896,895,sea_abrupt4,sea,ts_drift_adapt,3,"error_divergence_ph_meta@error.threshold=0.10,error.min_instances=5",error_divergence_ph_meta,"{""divergence"": {""alpha"": 0.1, ""delta"": 0.005, ""min_instances"": 30, ""threshold"": 0.05}, ""error_rate"": {""alpha"": 0.15, ""delta"": 0.005, ""min_instances"": 5, ""threshold"": 0.1}}","{""error_rate"": {""min_instances"": 5, ""threshold"": 0.1}}",0.1,0.005,0.15,5,0.05,0.005,0.1,30,,,,-1,two_stage,2,0.5,"__confirm_cooldown=200,divergence=0.3,error_rate=0.5,teacher_entropy=0.2",3,0,200,0.0,0,10000,10.0,25.0,200,500,1,8,1.0,0.6584821428571429,0.25173573206410216,0.16666666666666666,0.6789626479148865,0.009581423364579678,0,0,2,2,-1,weighted,,,0,0,0,0.0,0.003840496763586998,0,0.0,0.0,0.0,0.0,0,none,0,1,0,overconfident,0.95,0,mild_drift,0.9559995666503905,0.001343243408203125,0.7814575195312501,0.8522781372070313,1768042046.872915,0.5868350863456726,0.039679381996393204
15,960,959,sea_abrupt4,sea,ts_drift_adapt,3,"error_divergence_ph_meta@error.threshold=0.10,error.min_instances=5",error_divergence_ph_meta,"{""divergence"": {""alpha"": 0.1, ""delta"": 0.005, ""min_instances"": 30, ""threshold"": 0.05}, ""error_rate"": {""alpha"": 0.15, ""delta"": 0.005, ""min_instances"": 5, ""threshold"": 0.1}}","{""error_rate"": {""min_instances"": 5, ""threshold"": 0.1}}",0.1,0.005,0.15,5,0.05,0.005,0.1,30,,,,-1,two_stage,2,0.5,"__confirm_cooldown=200,divergence=0.3,error_rate=0.5,teacher_entropy=0.2",3,0,200,0.0,0,10000,10.0,25.0,200,500,0,0,1.0,0.6572916666666667,0.2554034174493607,0.3333333333333333,0.6774640679359436,0.011947877705097198,0,0,2,2,-1,weighted,,,0,0,0,0.0,0.16666666666666666,0,0.0,0.0,0.0,0.0,0,none,0,1,0,overconfident,0.95,0,mild_drift,0.9581497833251953,0.0013216217041015625,0.7907287597656251,0.8536390686035156,1768042046.8831317,0.5614174008369446,0.05012483522295952
16,1024,1023,sea_abrupt4,sea,ts_drift_adapt,3,"error_divergence_ph_meta@error.threshold=0.10,error.min_instances=5",error_divergence_ph_meta,"{""divergence"": {""alpha"": 0.1, ""delta"": 0.005, ""min_instances"": 30, ""threshold"": 0.05}, ""error_rate"": {""alpha"": 0.15, ""delta"": 0.005, ""min_instances"": 5, ""threshold"": 0.1}}","{""error_rate"": {""min_instances"": 5, ""threshold"": 0.1}}",0.1,0.005,0.15,5,0.05,0.005,0.1,30,,,,-1,two_stage,2,0.5,"__confirm_cooldown=200,divergence=0.3,error_rate=0.5,teacher_entropy=0.2",3,0,200,0.0,0,10000,10.0,25.0,200,500,0,0,1.0,0.662109375,0.2607423790347821,0.3333333333333333,0.6767498254776001,0.01653013750910759,1,1,3,3,0,weighted,,,0,0,0,0.3333333333333333,0.004582259804010391,1,0.5,0.0,0.0,0.0,0,none,1,1,0,overconfident,0.95,0,severe_drift,0.9245748916625977,0.0016608108520507813,0.6453643798828126,0.8318195343017578,1768042046.8929617,0.6230859160423279,0.07000000774860382
17,1088,1087,sea_abrupt4,sea,ts_drift_adapt,3,"error_divergence_ph_meta@error.threshold=0.10,error.min_instances=5",error_divergence_ph_meta,"{""divergence"": {""alpha"": 0.1, ""delta"": 0.005, ""min_instances"": 30, ""threshold"": 0.05}, ""error_rate"": {""alpha"": 0.15, ""delta"": 0.005, ""min_instances"": 5, ""threshold"": 0.1}}","{""error_rate"": {""min_instances"": 5, ""threshold"": 0.1}}",0.1,0.005,0.15,5,0.05,0.005,0.1,30,,,,-1,two_stage,2,0.5,"__confirm_cooldown=200,divergence=0.3,error_rate=0.5,teacher_entropy=0.2",3,0,200,0.0,0,10000,10.0,25.0,200,500,1,136,1.0,0.6709558823529411,0.27780023362319894,0.16666666666666666,0.6785514950752258,0.019845763221383095,0,0,3,3,-1,weighted,,,0,0,0,0.0,0.16666666666666666,0,0.0,0.0,0.0,0.0,0,none,0,1,0,overconfident,0.95,0,mild_drift,0.9424374458312987,0.0014804054260253907,0.7226821899414063,0.8434097671508789,1768042046.903015,0.5190151929855347,0.08431857079267502
18,1152,1151,sea_abrupt4,sea,ts_drift_adapt,3,"error_divergence_ph_meta@error.threshold=0.10,error.min_instances=5",error_divergence_ph_meta,"{""divergence"": {""alpha"": 0.1, ""delta"": 0.005, ""min_instances"": 30, ""threshold"": 0.05}, ""error_rate"": {""alpha"": 0.15, ""delta"": 0.005, ""min_instances"": 5, ""threshold"": 0.1}}","{""error_rate"": {""min_instances"": 5, ""threshold"": 0.1}}",0.1,0.005,0.15,5,0.05,0.005,0.1,30,,,,-1,two_stage,2,0.5,"__confirm_cooldown=200,divergence=0.3,error_rate=0.5,teacher_entropy=0.2",3,0,200,0.0,0,10000,10.0,25.0,200,500,1,72,1.0,0.6796875,0.291774961014035,0.16666666666666666,0.6808609962463379,0.018792156130075455,0,0,3,3,-1,weighted,,,0,0,0,0.0,0.00105360709130764,0,0.0,0.0,0.0,0.0,0,none,0,1,0,overconfident,0.95,0,mild_drift,0.9513687229156493,0.0013902027130126954,0.7613410949707031,0.8492048835754394,1768042046.9124389,0.34253808856010437,0.08012755215167999
19,1216,1215,sea_abrupt4,sea,ts_drift_adapt,3,"error_divergence_ph_meta@error.threshold=0.10,error.min_instances=5",error_divergence_ph_meta,"{""divergence"": {""alpha"": 0.1, ""delta"": 0.005, ""min_instances"": 30, ""threshold"": 0.05}, ""error_rate"": {""alpha"": 0.15, ""delta"": 0.005, ""min_instances"": 5, ""threshold"": 0.1}}","{""error_rate"": {""min_instances"": 5, ""threshold"": 0.1}}",0.1,0.005,0.15,5,0.05,0.005,0.1,30,,,,-1,two_stage,2,0.5,"__confirm_cooldown=200,divergence=0.3,error_rate=0.5,teacher_entropy=0.2",3,0,200,0.0,0,10000,10.0,25.0,200,500,1,8,1.0,0.6866776315789473,0.29693276112200356,0.0,0.6781772375106812,0.024481235072016716,0,0,3,3,-1,weighted,,,0,0,0,0.0,0.16666666666666666,0,0.0,0.0,0.0,0.0,0,none,0,1,0,overconfident,0.95,0,mild_drift,0.9558343614578246,0.001345101356506348,0.7806705474853516,0.8521024417877197,1768042046.921624,0.2740662693977356,0.10681259632110596
20,1280,1279,sea_abrupt4,sea,ts_drift_adapt,3,"error_divergence_ph_meta@error.threshold=0.10,error.min_instances=5",error_divergence_ph_meta,"{""divergence"": {""alpha"": 0.1, ""delta"": 0.005, ""min_instances"": 30, ""threshold"": 0.05}, ""error_rate"": {""alpha"": 0.15, ""delta"": 0.005, ""min_instances"": 5, ""threshold"": 0.1}}","{""error_rate"": {""min_instances"": 5, ""threshold"": 0.1}}",0.1,0.005,0.15,5,0.05,0.005,0.1,30,,,,-1,two_stage,2,0.5,"__confirm_cooldown=200,divergence=0.3,error_rate=0.5,teacher_entropy=0.2",3,0,200,0.0,0,10000,10.0,25.0,200,500,0,0,1.0,0.690625,0.2969471683981303,0.16666666666666666,0.6700059175491333,0.027767086401581764,0,0,3,3,-1,weighted,,,0,0,0,0.0,0.16666666666666666,0,0.0,0.0,0.0,0.0,0,none,0,1,0,overconfident,0.95,0,mild_drift,0.9580671807289123,0.0013225506782531741,0.7903352737426759,0.8535512208938598,1768042046.930808,0.3581136167049408,0.12380129843950272
21,1344,1343,sea_abrupt4,sea,ts_drift_adapt,3,"error_divergence_ph_meta@error.threshold=0.10,error.min_instances=5",error_divergence_ph_meta,"{""divergence"": {""alpha"": 0.1, ""delta"": 0.005, ""min_instances"": 30, ""threshold"": 0.05}, ""error_rate"": {""alpha"": 0.15, ""delta"": 0.005, ""min_instances"": 5, ""threshold"": 0.1}}","{""error_rate"": {""min_instances"": 5, ""threshold"": 0.1}}",0.1,0.005,0.15,5,0.05,0.005,0.1,30,,,,-1,two_stage,2,0.5,"__confirm_cooldown=200,divergence=0.3,error_rate=0.5,teacher_entropy=0.2",3,0,200,0.0,0,10000,10.0,25.0,200,500,0,0,1.0,0.6882440476190477,0.287494306392024,0.16666666666666666,0.673231303691864,0.030337821692228317,1,1,4,4,0,weighted,,,0,0,0,0.16666666666666666,0.002570735290646553,1,0.5,0.0,0.0,0.0,0,none,1,1,0,overconfident,0.95,0,severe_drift,0.9245335903644561,0.001661275339126587,0.6451676368713379,0.8317756104469299,1768042046.9401717,0.3704245388507843,0.13532254099845886
22,1408,1407,sea_abrupt4,sea,ts_drift_adapt,3,"error_divergence_ph_meta@error.threshold=0.10,error.min_instances=5",error_divergence_ph_meta,"{""divergence"": {""alpha"": 0.1, ""delta"": 0.005, ""min_instances"": 30, ""threshold"": 0.05}, ""error_rate"": {""alpha"": 0.15, ""delta"": 0.005, ""min_instances"": 5, ""threshold"": 0.1}}","{""error_rate"": {""min_instances"": 5, ""threshold"": 0.1}}",0.1,0.005,0.15,5,0.05,0.005,0.1,30,,,,-1,two_stage,2,0.5,"__confirm_cooldown=200,divergence=0.3,error_rate=0.5,teacher_entropy=0.2",3,0,200,0.0,0,10000,10.0,25.0,200,500,1,136,1.0,0.6931818181818182,0.2894886237533322,0.16666666666666666,0.665253221988678,0.029572008177638054,0,0,4,4,-1,weighted,,,0,0,0,0.0,0.0007658135145902634,0,0.0,0.0,0.0,0.0,0,none,0,1,0,overconfident,0.95,0,mild_drift,0.942416795182228,0.0014806376695632936,0.722583818435669,0.8433878052234649,1768042046.9498422,0.5324655175209045,0.1321742981672287
23,1472,1471,sea_abrupt4,sea,ts_drift_adapt,3,"error_divergence_ph_meta@error.threshold=0.10,error.min_instances=5",error_divergence_ph_meta,"{""divergence"": {""alpha"": 0.1, ""delta"": 0.005, ""min_instances"": 30, ""threshold"": 0.05}, ""error_rate"": {""alpha"": 0.15, ""delta"": 0.005, ""min_instances"": 5, ""threshold"": 0.1}}","{""error_rate"": {""min_instances"": 5, ""threshold"": 0.1}}",0.1,0.005,0.15,5,0.05,0.005,0.1,30,,,,-1,two_stage,2,0.5,"__confirm_cooldown=200,divergence=0.3,error_rate=0.5,teacher_entropy=0.2",3,0,200,0.0,0,10000,10.0,25.0,200,500,1,72,1.0,0.6963315217391305,0.28883508787099305,0.3333333333333333,0.6621479392051697,0.03436930477619171,0,0,4,4,-1,weighted,,,0,0,0,0.0,0.16666666666666666,0,0.0,0.0,0.0,0.0,0,none,0,1,0,overconfident,0.95,0,mild_drift,0.951358397591114,0.0013903188347816468,0.7612919092178345,0.8491939026117324,1768042046.9595447,0.6603293418884277,0.15897944569587708
24,1536,1535,sea_abrupt4,sea,ts_drift_adapt,3,"error_divergence_ph_meta@error.threshold=0.10,error.min_instances=5",error_divergence_ph_meta,"{""divergence"": {""alpha"": 0.1, ""delta"": 0.005, ""min_instances"": 30, ""threshold"": 0.05}, ""error_rate"": {""alpha"": 0.15, ""delta"": 0.005, ""min_instances"": 5, ""threshold"": 0.1}}","{""error_rate"": {""min_instances"": 5, ""threshold"": 0.1}}",0.1,0.005,0.15,5,0.05,0.005,0.1,30,,,,-1,two_stage,2,0.5,"__confirm_cooldown=200,divergence=0.3,error_rate=0.5,teacher_entropy=0.2",3,0,200,0.0,0,10000,10.0,25.0,200,500,1,8,1.0,0.7018229166666666,0.29502308876346833,0.3333333333333333,0.6495435237884521,0.025476209819316864,0,0,4,4,-1,weighted,,,0,0,0,0.0,0.008893094956874847,0,0.0,0.0,0.0,0.0,0,none,0,1,0,overconfident,0.95,0,mild_drift,0.955829198795557,0.0013451594173908236,0.7806459546089173,0.8520969513058663,1768042046.9691947,0.7319372296333313,0.11487147212028503
25,1600,1599,sea_abrupt4,sea,ts_drift_adapt,3,"error_divergence_ph_meta@error.threshold=0.10,error.min_instances=5",error_divergence_ph_meta,"{""divergence"": {""alpha"": 0.1, ""delta"": 0.005, ""min_instances"": 30, ""threshold"": 0.05}, ""error_rate"": {""alpha"": 0.15, ""delta"": 0.005, ""min_instances"": 5, ""threshold"": 0.1}}","{""error_rate"": {""min_instances"": 5, ""threshold"": 0.1}}",0.1,0.005,0.15,5,0.05,0.005,0.1,30,,,,-1,two_stage,2,0.5,"__confirm_cooldown=200,divergence=0.3,error_rate=0.5,teacher_entropy=0.2",3,0,200,0.0,0,10000,10.0,25.0,200,500,0,0,1.0,0.703125,0.2936566650928841,0.16666666666666666,0.6515914797782898,0.02035018615424633,0,0,4,4,-1,weighted,,,0,0,0,0.0,0.16666666666666666,0,0.0,0.0,0.0,0.0,0,none,0,1,0,overconfident,0.95,0,mild_drift,0.9580645993977784,0.0013225797086954118,0.7903229773044587,0.8535484756529331,1768042046.9785187,0.4865098297595978,0.0909227579832077
26,1664,1663,sea_abrupt4,sea,ts_drift_adapt,3,"error_divergence_ph_meta@error.threshold=0.10,error.min_instances=5",error_divergence_ph_meta,"{""divergence"": {""alpha"": 0.1, ""delta"": 0.005, ""min_instances"": 30, ""threshold"": 0.05}, ""error_rate"": {""alpha"": 0.15, ""delta"": 0.005, ""min_instances"": 5, ""threshold"": 0.1}}","{""error_rate"": {""min_instances"": 5, ""threshold"": 0.1}}",0.1,0.005,0.15,5,0.05,0.005,0.1,30,,,,-1,two_stage,2,0.5,"__confirm_cooldown=200,divergence=0.3,error_rate=0.5,teacher_entropy=0.2",3,0,200,0.0,0,10000,10.0,25.0,200,500,0,0,1.0,0.7043269230769231,0.29482294085625116,0.3333333333333333,0.6358928680419922,0.014544309116899967,1,1,5,5,0,weighted,,,0,0,0,0.16666666666666666,0.16666666666666666,1,0.5,0.0,0.0,0.0,0,none,1,1,0,overconfident,0.95,0,severe_drift,0.9245322996988892,0.001661289854347706,0.6451614886522293,0.8317742378264665,1768042046.9884884,0.5545144081115723,0.06295353174209595
27,1728,1727,sea_abrupt4,sea,ts_drift_adapt,3,"error_divergence_ph_meta@error.threshold=0.10,error.min_instances=5",error_divergence_ph_meta,"{""divergence"": {""alpha"": 0.1, ""delta"": 0.005, ""min_instances"": 30, ""threshold"": 0.05}, ""error_rate"": {""alpha"": 0.15, ""delta"": 0.005, ""min_instances"": 5, ""threshold"": 0.1}}","{""error_rate"": {""min_instances"": 5, ""threshold"": 0.1}}",0.1,0.005,0.15,5,0.05,0.005,0.1,30,,,,-1,two_stage,2,0.5,"__confirm_cooldown=200,divergence=0.3,error_rate=0.5,teacher_entropy=0.2",3,0,200,0.0,0,10000,10.0,25.0,200,500,1,136,1.0,0.7089120370370371,0.300934892130306,0.16666666666666666,0.6327404379844666,0.011160355992615223,0,0,5,5,-1,weighted,,,0,0,0,0.0,0.16666666666666666,0,0.0,0.0,0.0,0.0,0,none,0,1,0,overconfident,0.95,0,mild_drift,0.9424161498494446,0.001480644927173853,0.7225807443261147,0.8433871189132333,1768042047.0016768,0.40503668785095215,0.2795064449310303
28,1792,1791,sea_abrupt4,sea,ts_drift_adapt,3,"error_divergence_ph_meta@error.threshold=0.10,error.min_instances=5",error_divergence_ph_meta,"{""divergence"": {""alpha"": 0.1, ""delta"": 0.005, ""min_instances"": 30, ""threshold"": 0.05}, ""error_rate"": {""alpha"": 0.15, ""delta"": 0.005, ""min_instances"": 5, ""threshold"": 0.1}}","{""error_rate"": {""min_instances"": 5, ""threshold"": 0.1}}",0.1,0.005,0.15,5,0.05,0.005,0.1,30,,,,-1,two_stage,2,0.5,"__confirm_cooldown=200,divergence=0.3,error_rate=0.5,teacher_entropy=0.2",3,0,200,0.0,0,10000,10.0,25.0,200,500,1,72,1.0,0.7131696428571429,0.3066351909619762,0.0,0.6329848170280457,0.009072168730199337,0,0,5,5,-1,weighted,,,0,0,0,0.0,0.16666666666666666,0,0.0,0.0,0.0,0.0,0,none,0,1,0,overconfident,0.95,0,mild_drift,0.9513580749247222,0.0013903224635869265,0.7612903721630574,0.8491935594566167,1768042047.0135279,0.2734927833080292,0.03888348489999771
29,1856,1855,sea_abrupt4,sea,ts_drift_adapt,3,"error_divergence_ph_meta@error.threshold=0.10,error.min_instances=5",error_divergence_ph_meta,"{""divergence"": {""alpha"": 0.1, ""delta"": 0.005, ""min_instances"": 30, ""threshold"": 0.05}, ""error_rate"": {""alpha"": 0.15, ""delta"": 0.005, ""min_instances"": 5, ""threshold"": 0.1}}","{""error_rate"": {""min_instances"": 5, ""threshold"": 0.1}}",0.1,0.005,0.15,5,0.05,0.005,0.1,30,,,,-1,two_stage,2,0.5,"__confirm_cooldown=200,divergence=0.3,error_rate=0.5,teacher_entropy=0.2",3,0,200,0.0,0,10000,10.0,25.0,200,500,1,8,1.0,0.7160560344827587,0.3083793889545707,0.0,0.6273111701011658,0.009367874823510647,0,0,5,5,-1,weighted,,,0,0,0,0.0,0.0002957060933113098,0,0.0,0.0,0.0,0.0,0,none,0,1,0,overconfident,0.95,0,mild_drift,0.955829037462361,0.0013451612317934634,0.7806451860815287,0.8520967797283083,1768042047.02576,0.33275726437568665,0.04012507572770119
30,1920,1919,sea_abrupt4,sea,ts_drift_adapt,3,"error_divergence_ph_meta@error.threshold=0.10,error.min_instances=5",error_divergence_ph_meta,"{""divergence"": {""alpha"": 0.1, ""delta"": 0.005, ""min_instances"": 30, ""threshold"": 0.05}, ""error_rate"": {""alpha"": 0.15, ""delta"": 0.005, ""min_instances"": 5, ""threshold"": 0.1}}","{""error_rate"": {""min_instances"": 5, ""threshold"": 0.1}}",0.1,0.005,0.15,5,0.05,0.005,0.1,30,,,,-1,two_stage,2,0.5,"__confirm_cooldown=200,divergence=0.3,error_rate=0.5,teacher_entropy=0.2",3,0,200,0.0,0,10000,10.0,25.0,200,500,0,0,1.0,0.721875,0.3227289541827408,0.0,0.6167989373207092,0.006511949468404055,0,0,5,5,-1,weighted,,,0,0,0,0.0,0.002855925355106592,0,0.0,0.0,0.0,0.0,0,none,0,1,0,overconfident,0.95,0,mild_drift,0.9580645187311805,0.001322580615896732,0.7903225930407644,0.8535483898641542,1768042047.0363708,0.2972742021083832,0.027792371809482574
31,1984,1983,sea_abrupt4,sea,ts_drift_adapt,3,"error_divergence_ph_meta@error.threshold=0.10,error.min_instances=5",error_divergence_ph_meta,"{""divergence"": {""alpha"": 0.1, ""delta"": 0.005, ""min_instances"": 30, ""threshold"": 0.05}, ""error_rate"": {""alpha"": 0.15, ""delta"": 0.005, ""min_instances"": 5, ""threshold"": 0.1}}","{""error_rate"": {""min_instances"": 5, ""threshold"": 0.1}}",0.1,0.005,0.15,5,0.05,0.005,0.1,30,,,,-1,two_stage,2,0.5,"__confirm_cooldown=200,divergence=0.3,error_rate=0.5,teacher_entropy=0.2",3,0,200,0.0,0,10000,10.0,25.0,200,500,0,0,1.0,0.7247983870967742,0.32462564201039196,0.0,0.610333263874054,0.006881629582494497,0,0,5,5,-1,weighted,,,0,0,0,0.0,0.00036968011409044266,0,0.0,0.0,0.0,0.0,0,none,0,1,0,overconfident,0.95,0,mild_drift,0.9591822593655902,0.0013112903079483661,0.7951612965203823,0.8542741949320771,1768042047.0458012,0.4299927055835724,0.029358750209212303
32,2048,2047,sea_abrupt4,sea,ts_drift_adapt,3,"error_divergence_ph_meta@error.threshold=0.10,error.min_instances=5",error_divergence_ph_meta,"{""divergence"": {""alpha"": 0.1, ""delta"": 0.005, ""min_instances"": 30, ""threshold"": 0.05}, ""error_rate"": {""alpha"": 0.15, ""delta"": 0.005, ""min_instances"": 5, ""threshold"": 0.1}}","{""error_rate"": {""min_instances"": 5, ""threshold"": 0.1}}",0.1,0.005,0.15,5,0.05,0.005,0.1,30,,,,-1,two_stage,2,0.5,"__confirm_cooldown=200,divergence=0.3,error_rate=0.5,teacher_entropy=0.2",3,0,200,0.0,0,10000,10.0,25.0,200,500,0,0,1.0,0.7294921875,0.3327687762283822,0.0,0.6106288433074951,0.006351818796247244,0,0,5,5,-1,weighted,,,0,0,0,0.0,0.0005298107862472534,0,0.0,0.0,0.0,0.0,0,none,0,1,0,overconfident,0.95,0,mild_drift,0.9597411296827951,0.001305645153974183,0.7975806482601911,0.8546370974660386,1768042047.0548398,0.2883465588092804,0.026592513546347618
33,2112,2111,sea_abrupt4,sea,ts_drift_adapt,3,"error_divergence_ph_meta@error.threshold=0.10,error.min_instances=5",error_divergence_ph_meta,"{""divergence"": {""alpha"": 0.1, ""delta"": 0.005, ""min_instances"": 30, ""threshold"": 0.05}, ""error_rate"": {""alpha"": 0.15, ""delta"": 0.005, ""min_instances"": 5, ""threshold"": 0.1}}","{""error_rate"": {""min_instances"": 5, ""threshold"": 0.1}}",0.1,0.005,0.15,5,0.05,0.005,0.1,30,,,,-1,two_stage,2,0.5,"__confirm_cooldown=200,divergence=0.3,error_rate=0.5,teacher_entropy=0.2",3,0,200,0.0,0,10000,10.0,25.0,200,500,0,0,1.0,0.7277462121212122,0.3271858150558796,0.3333333333333333,0.6099777221679688,0.005986304022371769,1,1,6,6,0,weighted,,,0,0,0,0.0,0.3333333333333333,1,0.5,0.0,0.0,0.0,0,none,1,1,0,overconfident,0.95,0,stable,0.9748705648413976,0.0010528225769870915,0.8987903241300956,0.8998185487330193,1768042047.0645738,0.6395106911659241,0.025325138121843338
34,2176,2175,sea_abrupt4,sea,ts_drift_adapt,3,"error_divergence_ph_meta@error.threshold=0.10,error.min_instances=5",error_divergence_ph_meta,"{""divergence"": {""alpha"": 0.1, ""delta"": 0.005, ""min_instances"": 30, ""threshold"": 0.05}, ""error_rate"": {""alpha"": 0.15, ""delta"": 0.005, ""min_instances"": 5, ""threshold"": 0.1}}","{""error_rate"": {""min_instances"": 5, ""threshold"": 0.1}}",0.1,0.005,0.15,5,0.05,0.005,0.1,30,,,,-1,two_stage,2,0.5,"__confirm_cooldown=200,divergence=0.3,error_rate=0.5,teacher_entropy=0.2",3,0,200,0.0,0,10000,10.0,25.0,200,500,1,136,1.0,0.7302389705882353,0.3310148911030477,0.3333333333333333,0.5968465209007263,0.005297554656863213,0,0,6,6,-1,weighted,,,0,0,0,0.0,0.0006887493655085564,0,0.0,0.0,0.0,0.0,0,none,0,1,0,overconfident,0.95,0,mild_drift,0.9675852824206987,0.001176411288493546,0.8493951620650478,0.8774092743665096,1768042047.0743093,0.6036137938499451,0.022488316521048546
35,2240,2239,sea_abrupt4,sea,ts_drift_adapt,3,"error_divergence_ph_meta@error.threshold=0.10,error.min_instances=5",error_divergence_ph_meta,"{""divergence"": {""alpha"": 0.1, ""delta"": 0.005, ""min_instances"": 30, ""threshold"": 0.05}, ""error_rate"": {""alpha"": 0.15, ""delta"": 0.005, ""min_instances"": 5, ""threshold"": 0.1}}","{""error_rate"": {""min_instances"": 5, ""threshold"": 0.1}}",0.1,0.005,0.15,5,0.05,0.005,0.1,30,,,,-1,two_stage,2,0.5,"__confirm_cooldown=200,divergence=0.3,error_rate=0.5,teacher_entropy=0.2",3,0,200,0.0,0,10000,10.0,25.0,200,500,1,72,1.0,0.7321428571428571,0.33457176920730863,0.16666666666666666,0.6120114922523499,0.005442752968519926,0,0,6,6,-1,weighted,,,0,0,0,0.0,0.16666666666666666,0,0.0,0.0,0.0,0.0,0,none,0,1,0,overconfident,0.95,0,mild_drift,0.9639426412103493,0.0012382056442467732,0.8246975810325239,0.8662046371832548,1768042047.0839682,0.39206990599632263,0.023156268522143364
36,2304,2303,sea_abrupt4,sea,ts_drift_adapt,3,"error_divergence_ph_meta@error.threshold=0.10,error.min_instances=5",error_divergence_ph_meta,"{""divergence"": {""alpha"": 0.1, ""delta"": 0.005, ""min_instances"": 30, ""threshold"": 0.05}, ""error_rate"": {""alpha"": 0.15, ""delta"": 0.005, ""min_instances"": 5, ""threshold"": 0.1}}","{""error_rate"": {""min_instances"": 5, ""threshold"": 0.1}}",0.1,0.005,0.15,5,0.05,0.005,0.1,30,,,,-1,two_stage,2,0.5,"__confirm_cooldown=200,divergence=0.3,error_rate=0.5,teacher_entropy=0.2",3,0,200,0.0,0,10000,10.0,25.0,200,500,1,8,1.0,0.7352430555555556,0.34082262095049426,0.5,0.5824814438819885,0.005603700876235962,0,0,6,6,-1,weighted,,,0,0,0,0.0,0.33333333333333337,0,0.0,0.0,0.0,0.0,0,none,0,1,0,overconfident,0.95,0,mild_drift,0.9621213206051746,0.0012691028221233865,0.812348790516262,0.8606023185916274,1768042047.0944622,0.8636910319328308,0.16850398480892181
37,2368,2367,sea_abrupt4,sea,ts_drift_adapt,3,"error_divergence_ph_meta@error.threshold=0.10,error.min_instances=5",error_divergence_ph_meta,"{""divergence"": {""alpha"": 0.1, ""delta"": 0.005, ""min_instances"": 30, ""threshold"": 0.05}, ""error_rate"": {""alpha"": 0.15, ""delta"": 0.005, ""min_instances"": 5, ""threshold"": 0.1}}","{""error_rate"": {""min_instances"": 5, ""threshold"": 0.1}}",0.1,0.005,0.15,5,0.05,0.005,0.1,30,,,,-1,two_stage,2,0.5,"__confirm_cooldown=200,divergence=0.3,error_rate=0.5,teacher_entropy=0.2",3,0,200,0.0,0,10000,10.0,25.0,200,500,0,0,1.0,0.7360641891891891,0.3423812198295168,0.5,0.5979304313659668,0.0055047557689249516,0,0,6,6,-1,weighted,,,0,0,0,0.0,9.894510731101036e-05,0,0.0,0.0,0.0,0.0,0,none,0,1,0,overconfident,0.95,0,mild_drift,0.9612106603025873,0.0012845514110616935,0.8061743952581311,0.8578011592958137,1768042047.1041608,0.7890629172325134,0.023689771071076393
38,2432,2431,sea_abrupt4,sea,ts_drift_adapt,3,"error_divergence_ph_meta@error.threshold=0.10,error.min_instances=5",error_divergence_ph_meta,"{""divergence"": {""alpha"": 0.1, ""delta"": 0.005, ""min_instances"": 30, ""threshold"": 0.05}, ""error_rate"": {""alpha"": 0.15, ""delta"": 0.005, ""min_instances"": 5, ""threshold"": 0.1}}","{""error_rate"": {""min_instances"": 5, ""threshold"": 0.1}}",0.1,0.005,0.15,5,0.05,0.005,0.1,30,,,,-1,two_stage,2,0.5,"__confirm_cooldown=200,divergence=0.3,error_rate=0.5,teacher_entropy=0.2",3,0,200,0.0,0,10000,10.0,25.0,200,500,0,0,1.0,0.7384868421052632,0.34421258550557987,0.3333333333333333,0.5919715762138367,0.005429337732493877,1,1,7,7,0,weighted,,,0,0,0,0.0,0.16666666666666669,1,0.5,0.0,0.0,0.0,0,none,1,1,0,overconfident,0.95,0,stable,0.9756053301512937,0.0010422757055308467,0.9030871976290655,0.9014005796479069,1768042047.1139183,0.7078769207000732,0.022708768025040627
39,2496,2495,sea_abrupt4,sea,ts_drift_adapt,3,"error_divergence_ph_meta@error.threshold=0.10,error.min_instances=5",error_divergence_ph_meta,"{""divergence"": {""alpha"": 0.1, ""delta"": 0.005, ""min_instances"": 30, ""threshold"": 0.05}, ""error_rate"": {""alpha"": 0.15, ""delta"": 0.005, ""min_instances"": 5, ""threshold"": 0.1}}","{""error_rate"": {""min_instances"": 5, ""threshold"": 0.1}}",0.1,0.005,0.15,5,0.05,0.005,0.1,30,,,,-1,two_stage,2,0.5,"__confirm_cooldown=200,divergence=0.3,error_rate=0.5,teacher_entropy=0.2",3,0,200,0.0,0,10000,10.0,25.0,200,500,1,136,1.0,0.7411858974358975,0.34909789351050097,0.3333333333333333,0.6071583032608032,0.007199167739599943,0,0,7,7,-1,weighted,,,0,0,0,0.0,0.0017698300071060658,0,0.0,0.0,0.0,0.0,0,none,0,1,0,overconfident,0.95,0,mild_drift,0.9679526650756468,0.0011711378527654234,0.8515435988145328,0.8782002898239534,1768042047.1234937,0.4261063039302826,0.030274897813796997
40,2560,2559,sea_abrupt4,sea,ts_drift_adapt,3,"error_divergence_ph_meta@error.threshold=0.10,error.min_instances=5",error_divergence_ph_meta,"{""divergence"": {""alpha"": 0.1, ""delta"": 0.005, ""min_instances"": 30, ""threshold"": 0.05}, ""error_rate"": {""alpha"": 0.15, ""delta"": 0.005, ""min_instances"": 5, ""threshold"": 0.1}}","{""error_rate"": {""min_instances"": 5, ""threshold"": 0.1}}",0.1,0.005,0.15,5,0.05,0.005,0.1,30,,,,-1,two_stage,2,0.5,"__confirm_cooldown=200,divergence=0.3,error_rate=0.5,teacher_entropy=0.2",3,0,200,0.0,0,10000,10.0,25.0,200,500,1,72,1.0,0.7421875,0.3557125599443572,0.16666666666666666,0.614439845085144,0.004745569080114365,0,0,7,7,-1,weighted,,,0,0,0,0.0,0.16666666666666666,0,0.0,0.0,0.0,0.0,0,none,0,1,0,overconfident,0.95,0,mild_drift,0.9641263325378233,0.0012355689263827117,0.8257717994072664,0.8666001449119767,1768042047.1328967,0.47517797350883484,0.019545452669262886
41,2624,2623,sea_abrupt4,sea,ts_drift_adapt,3,"error_divergence_ph_meta@error.threshold=0.10,error.min_instances=5",error_divergence_ph_meta,"{""divergence"": {""alpha"": 0.1, ""delta"": 0.005, ""min_instances"": 30, ""threshold"": 0.05}, ""error_rate"": {""alpha"": 0.15, ""delta"": 0.005, ""min_instances"": 5, ""threshold"": 0.1}}","{""error_rate"": {""min_instances"": 5, ""threshold"": 0.1}}",0.1,0.005,0.15,5,0.05,0.005,0.1,30,,,,-1,two_stage,2,0.5,"__confirm_cooldown=200,divergence=0.3,error_rate=0.5,teacher_entropy=0.2",3,0,200,0.0,0,10000,10.0,25.0,200,500,1,8,1.0,0.7442835365853658,0.36593889230600796,0.3333333333333333,0.6029289364814758,0.005397071596235037,0,0,7,7,-1,weighted,,,0,0,0,0.0,0.16666666666666666,0,0.0,0.0,0.0,0.0,0,none,0,1,0,overconfident,0.95,0,mild_drift,0.9622131662689116,0.001267784463191356,0.8128858997036332,0.8608000724559883,1768042047.1434927,0.5823760628700256,0.14979839324951172
42,2688,2687,sea_abrupt4,sea,ts_drift_adapt,3,"error_divergence_ph_meta@error.threshold=0.10,error.min_instances=5",error_divergence_ph_meta,"{""divergence"": {""alpha"": 0.1, ""delta"": 0.005, ""min_instances"": 30, ""threshold"": 0.05}, ""error_rate"": {""alpha"": 0.15, ""delta"": 0.005, ""min_instances"": 5, ""threshold"": 0.1}}","{""error_rate"": {""min_instances"": 5, ""threshold"": 0.1}}",0.1,0.005,0.15,5,0.05,0.005,0.1,30,,,,-1,two_stage,2,0.5,"__confirm_cooldown=200,divergence=0.3,error_rate=0.5,teacher_entropy=0.2",3,0,200,0.0,0,10000,10.0,25.0,200,500,0,0,1.0,0.7433035714285714,0.36392400505096556,0.16666666666666666,0.6175853610038757,0.006273234263062477,0,0,7,7,-1,weighted,,,0,0,0,0.0,0.16666666666666666,0,0.0,0.0,0.0,0.0,0,none,0,1,0,overconfident,0.95,0,mild_drift,0.9612565831344557,0.001283892231595678,0.8064429498518166,0.8579000362279942,1768042047.1533275,0.4481555223464966,0.026095492765307426
43,2752,2751,sea_abrupt4,sea,ts_drift_adapt,3,"error_divergence_ph_meta@error.threshold=0.10,error.min_instances=5",error_divergence_ph_meta,"{""divergence"": {""alpha"": 0.1, ""delta"": 0.005, ""min_instances"": 30, ""threshold"": 0.05}, ""error_rate"": {""alpha"": 0.15, ""delta"": 0.005, ""min_instances"": 5, ""threshold"": 0.1}}","{""error_rate"": {""min_instances"": 5, ""threshold"": 0.1}}",0.1,0.005,0.15,5,0.05,0.005,0.1,30,,,,-1,two_stage,2,0.5,"__confirm_cooldown=200,divergence=0.3,error_rate=0.5,teacher_entropy=0.2",3,0,200,0.0,0,10000,10.0,25.0,200,500,0,0,1.0,0.7452761627906976,0.3669971978133756,0.16666666666666666,0.5868858098983765,0.007553707342594862,1,1,8,8,0,weighted,,,0,0,0,0.16666666666666666,0.0012804730795323849,1,0.5,0.0,0.0,0.0,0,none,1,1,0,overconfident,0.95,0,severe_drift,0.9261282915672279,0.001641946115797839,0.6532214749259083,0.8339500181139972,1768042047.1640713,0.47486579418182373,0.2754632830619812
44,2816,2815,sea_abrupt4,sea,ts_drift_adapt,3,"error_divergence_ph_meta@error.threshold=0.10,error.min_instances=5",error_divergence_ph_meta,"{""divergence"": {""alpha"": 0.1, ""delta"": 0.005, ""min_instances"": 30, ""threshold"": 0.05}, ""error_rate"": {""alpha"": 0.15, ""delta"": 0.005, ""min_instances"": 5, ""threshold"": 0.1}}","{""error_rate"": {""min_instances"": 5, ""threshold"": 0.1}}",0.1,0.005,0.15,5,0.05,0.005,0.1,30,,,,-1,two_stage,2,0.5,"__confirm_cooldown=200,divergence=0.3,error_rate=0.5,teacher_entropy=0.2",3,0,200,0.0,0,10000,10.0,25.0,200,500,1,136,1.0,0.7450284090909091,0.3679767132468414,0.3333333333333333,0.6107520461082458,0.009718559682369232,0,0,8,8,-1,weighted,,,0,0,0,0.0,0.16666666666666666,0,0.0,0.0,0.0,0.0,0,none,0,1,0,overconfident,0.95,0,mild_drift,0.9432141457836138,0.0014709730578989196,0.7266107374629542,0.8444750090569986,1768042047.174831,0.5068634152412415,0.10465304553508759
45,2880,2879,sea_abrupt4,sea,ts_drift_adapt,3,"error_divergence_ph_meta@error.threshold=0.10,error.min_instances=5",error_divergence_ph_meta,"{""divergence"": {""alpha"": 0.1, ""delta"": 0.005, ""min_instances"": 30, ""threshold"": 0.05}, ""error_rate"": {""alpha"": 0.15, ""delta"": 0.005, ""min_instances"": 5, ""threshold"": 0.1}}","{""error_rate"": {""min_instances"": 5, ""threshold"": 0.1}}",0.1,0.005,0.15,5,0.05,0.005,0.1,30,,,,-1,two_stage,2,0.5,"__confirm_cooldown=200,divergence=0.3,error_rate=0.5,teacher_entropy=0.2",3,0,200,0.0,0,10000,10.0,25.0,200,500,1,72,1.0,0.7458333333333333,0.3679726773859321,0.16666666666666666,0.5957694053649902,0.006336144637316465,0,0,8,8,-1,weighted,,,0,0,0,0.0,0.16666666666666666,0,0.0,0.0,0.0,0.0,0,none,0,1,0,overconfident,0.95,0,mild_drift,0.9517570728918069,0.0013854865289494598,0.7633053687314771,0.8497375045284993,1768042047.1856315,0.4150235950946808,0.0880453884601593
46,2944,2943,sea_abrupt4,sea,ts_drift_adapt,3,"error_divergence_ph_meta@error.threshold=0.10,error.min_instances=5",error_divergence_ph_meta,"{""divergence"": {""alpha"": 0.1, ""delta"": 0.005, ""min_instances"": 30, ""threshold"": 0.05}, ""error_rate"": {""alpha"": 0.15, ""delta"": 0.005, ""min_instances"": 5, ""threshold"": 0.1}}","{""error_rate"": {""min_instances"": 5, ""threshold"": 0.1}}",0.1,0.005,0.15,5,0.05,0.005,0.1,30,,,,-1,two_stage,2,0.5,"__confirm_cooldown=200,divergence=0.3,error_rate=0.5,teacher_entropy=0.2",3,0,200,0.0,0,10000,10.0,25.0,200,500,1,8,1.0,0.7445652173913043,0.36544049657509703,0.6666666666666666,0.6006202697753906,0.005880576092749834,0,0,8,8,-1,weighted,,,0,0,0,0.0,0.5,0,0.0,0.0,0.0,0.0,0,none,0,1,0,overconfident,0.95,0,mild_drift,0.9560285364459034,0.0013427432644747299,0.7816526843657385,0.8523687522642496,1768042047.1964025,0.7811813354492188,0.08690346032381058
47,3008,3007,sea_abrupt4,sea,ts_drift_adapt,3,"error_divergence_ph_meta@error.threshold=0.10,error.min_instances=5",error_divergence_ph_meta,"{""divergence"": {""alpha"": 0.1, ""delta"": 0.005, ""min_instances"": 30, ""threshold"": 0.05}, ""error_rate"": {""alpha"": 0.15, ""delta"": 0.005, ""min_instances"": 5, ""threshold"": 0.1}}","{""error_rate"": {""min_instances"": 5, ""threshold"": 0.1}}",0.1,0.005,0.15,5,0.05,0.005,0.1,30,,,,-1,two_stage,2,0.5,"__confirm_cooldown=200,divergence=0.3,error_rate=0.5,teacher_entropy=0.2",3,0,200,0.0,0,10000,10.0,25.0,200,500,0,0,1.0,0.746343085106383,0.36729443652334837,0.3333333333333333,0.590488612651825,0.006195764988660812,0,0,8,8,-1,weighted,,,0,0,0,0.0,0.3333333333333333,0,0.0,0.0,0.0,0.0,0,none,0,1,0,overconfident,0.95,0,mild_drift,0.9581642682229516,0.001321371632237365,0.7908263421828693,0.8536843761321248,1768042047.2064366,0.49456778168678284,0.025627952069044113
48,3072,3071,sea_abrupt4,sea,ts_drift_adapt,3,"error_divergence_ph_meta@error.threshold=0.10,error.min_instances=5",error_divergence_ph_meta,"{""divergence"": {""alpha"": 0.1, ""delta"": 0.005, ""min_instances"": 30, ""threshold"": 0.05}, ""error_rate"": {""alpha"": 0.15, ""delta"": 0.005, ""min_instances"": 5, ""threshold"": 0.1}}","{""error_rate"": {""min_instances"": 5, ""threshold"": 0.1}}",0.1,0.005,0.15,5,0.05,0.005,0.1,30,,,,-1,two_stage,2,0.5,"__confirm_cooldown=200,divergence=0.3,error_rate=0.5,teacher_entropy=0.2",3,0,200,0.0,0,10000,10.0,25.0,200,500,0,0,1.0,0.7477213541666666,0.3731912903918819,0.16666666666666666,0.5746293067932129,0.006913670804351568,1,1,9,9,0,weighted,,,0,0,0,0.0,0.16666666666666666,1,0.5,0.0,0.0,0.0,0,none,1,1,0,overconfident,0.95,0,stable,0.9740821341114758,0.0010606858161186824,0.8954131710914346,0.8993421880660624,1768042047.220302,0.3729743957519531,0.09998214244842529
49,3136,3135,sea_abrupt4,sea,ts_drift_adapt,3,"error_divergence_ph_meta@error.threshold=0.10,error.min_instances=5",error_divergence_ph_meta,"{""divergence"": {""alpha"": 0.1, ""delta"": 0.005, ""min_instances"": 30, ""threshold"": 0.05}, ""error_rate"": {""alpha"": 0.15, ""delta"": 0.005, ""min_instances"": 5, ""threshold"": 0.1}}","{""error_rate"": {""min_instances"": 5, ""threshold"": 0.1}}",0.1,0.005,0.15,5,0.05,0.005,0.1,30,,,,-1,two_stage,2,0.5,"__confirm_cooldown=200,divergence=0.3,error_rate=0.5,teacher_entropy=0.2",3,0,200,0.0,0,10000,10.0,25.0,200,500,1,136,1.0,0.7468112244897959,0.37219401699575,0.16666666666666666,0.599318265914917,0.005832250230014324,0,0,9,9,-1,weighted,,,0,0,0,0.0,0.001081420574337244,0,0.0,0.0,0.0,0.0,0,none,0,1,0,overconfident,0.95,0,mild_drift,0.9671910670557379,0.0011803429080593413,0.8477065855457173,0.8771710940330312,1768042047.2326252,0.4248581826686859,0.024347687140107155
50,3200,3199,sea_abrupt4,sea,ts_drift_adapt,3,"error_divergence_ph_meta@error.threshold=0.10,error.min_instances=5",error_divergence_ph_meta,"{""divergence"": {""alpha"": 0.1, ""delta"": 0.005, ""min_instances"": 30, ""threshold"": 0.05}, ""error_rate"": {""alpha"": 0.15, ""delta"": 0.005, ""min_instances"": 5, ""threshold"": 0.1}}","{""error_rate"": {""min_instances"": 5, ""threshold"": 0.1}}",0.1,0.005,0.15,5,0.05,0.005,0.1,30,,,,-1,two_stage,2,0.5,"__confirm_cooldown=200,divergence=0.3,error_rate=0.5,teacher_entropy=0.2",3,0,200,0.0,0,10000,10.0,25.0,200,500,1,72,1.0,0.7490625,0.37465016329768835,0.3333333333333333,0.593421995639801,0.004734497517347336,0,0,9,9,-1,weighted,,,0,0,0,0.0,0.16666666666666666,0,0.0,0.0,0.0,0.0,0,none,0,1,0,overconfident,0.95,0,mild_drift,0.9637455335278688,0.0012401714540296706,0.8238532927728587,0.8660855470165156,1768042047.2463324,0.4377783238887787,0.1345265507698059
51,3264,3263,sea_abrupt4,sea,ts_drift_adapt,3,"error_divergence_ph_meta@error.threshold=0.10,error.min_instances=5",error_divergence_ph_meta,"{""divergence"": {""alpha"": 0.1, ""delta"": 0.005, ""min_instances"": 30, ""threshold"": 0.05}, ""error_rate"": {""alpha"": 0.15, ""delta"": 0.005, ""min_instances"": 5, ""threshold"": 0.1}}","{""error_rate"": {""min_instances"": 5, ""threshold"": 0.1}}",0.1,0.005,0.15,5,0.05,0.005,0.1,30,,,,-1,two_stage,2,0.5,"__confirm_cooldown=200,divergence=0.3,error_rate=0.5,teacher_entropy=0.2",3,0,200,0.0,0,10000,10.0,25.0,200,500,1,8,1.0,0.7518382352941176,0.38316469659385516,0.16666666666666666,0.5699667930603027,0.0063736699521541595,0,0,9,9,-1,weighted,,,0,0,0,0.0,0.16666666666666666,0,0.0,0.0,0.0,0.0,0,none,0,1,0,overconfident,0.95,0,mild_drift,0.9620227667639344,0.0012700857270148353,0.8119266463864294,0.8605427735082578,1768042047.2578094,0.3380899429321289,0.10864783823490143
52,3328,3327,sea_abrupt4,sea,ts_drift_adapt,3,"error_divergence_ph_meta@error.threshold=0.10,error.min_instances=5",error_divergence_ph_meta,"{""divergence"": {""alpha"": 0.1, ""delta"": 0.005, ""min_instances"": 30, ""threshold"": 0.05}, ""error_rate"": {""alpha"": 0.15, ""delta"": 0.005, ""min_instances"": 5, ""threshold"": 0.1}}","{""error_rate"": {""min_instances"": 5, ""threshold"": 0.1}}",0.1,0.005,0.15,5,0.05,0.005,0.1,30,,,,-1,two_stage,2,0.5,"__confirm_cooldown=200,divergence=0.3,error_rate=0.5,teacher_entropy=0.2",3,0,200,0.0,0,10000,10.0,25.0,200,500,0,0,1.0,0.75390625,0.3878384861263585,0.16666666666666666,0.582603931427002,0.006880647502839565,0,0,9,9,-1,weighted,,,0,0,0,0.0,0.0005069775506854057,0,0.0,0.0,0.0,0.0,0,none,0,1,0,overconfident,0.95,0,mild_drift,0.9611613833819672,0.0012850428635074176,0.8059633231932147,0.8577713867541289,1768042047.2679012,0.5075235366821289,0.02926812879741192
53,3392,3391,sea_abrupt4,sea,ts_drift_adapt,3,"error_divergence_ph_meta@error.threshold=0.10,error.min_instances=5",error_divergence_ph_meta,"{""divergence"": {""alpha"": 0.1, ""delta"": 0.005, ""min_instances"": 30, ""threshold"": 0.05}, ""error_rate"": {""alpha"": 0.15, ""delta"": 0.005, ""min_instances"": 5, ""threshold"": 0.1}}","{""error_rate"": {""min_instances"": 5, ""threshold"": 0.1}}",0.1,0.005,0.15,5,0.05,0.005,0.1,30,,,,-1,two_stage,2,0.5,"__confirm_cooldown=200,divergence=0.3,error_rate=0.5,teacher_entropy=0.2",3,0,200,0.0,0,10000,10.0,25.0,200,500,0,0,1.0,0.7547169811320755,0.38912860243132597,0.16666666666666666,0.5870144367218018,0.007347196340560913,1,1,10,10,0,weighted,,,0,0,0,0.0,0.0004665488377213478,1,0.5,0.0,0.0,0.0,0,none,1,1,0,overconfident,0.95,0,stable,0.9755806916909836,0.0010425214317537088,0.9029816615966073,0.9013856933770645,1768042047.2788007,0.33271971344947815,0.11557653546333313
54,3456,3455,sea_abrupt4,sea,ts_drift_adapt,3,"error_divergence_ph_meta@error.threshold=0.10,error.min_instances=5",error_divergence_ph_meta,"{""divergence"": {""alpha"": 0.1, ""delta"": 0.005, ""min_instances"": 30, ""threshold"": 0.05}, ""error_rate"": {""alpha"": 0.15, ""delta"": 0.005, ""min_instances"": 5, ""threshold"": 0.1}}","{""error_rate"": {""min_instances"": 5, ""threshold"": 0.1}}",0.1,0.005,0.15,5,0.05,0.005,0.1,30,,,,-1,two_stage,2,0.5,"__confirm_cooldown=200,divergence=0.3,error_rate=0.5,teacher_entropy=0.2",3,0,200,0.0,0,10000,10.0,25.0,200,500,1,136,1.0,0.7557870370370371,0.39394297022099584,0.3333333333333333,0.581792950630188,0.006559282075613737,0,0,10,10,-1,weighted,,,0,0,0,0.0,0.16666666666666666,0,0.0,0.0,0.0,0.0,0,none,0,1,0,overconfident,0.95,0,mild_drift,0.9679403458454918,0.0011712607158768545,0.8514908307983037,0.8781928466885323,1768042047.2896008,0.4652586877346039,0.06177860498428345
55,3520,3519,sea_abrupt4,sea,ts_drift_adapt,3,"error_divergence_ph_meta@error.threshold=0.10,error.min_instances=5",error_divergence_ph_meta,"{""divergence"": {""alpha"": 0.1, ""delta"": 0.005, ""min_instances"": 30, ""threshold"": 0.05}, ""error_rate"": {""alpha"": 0.15, ""delta"": 0.005, ""min_instances"": 5, ""threshold"": 0.1}}","{""error_rate"": {""min_instances"": 5, ""threshold"": 0.1}}",0.1,0.005,0.15,5,0.05,0.005,0.1,30,,,,-1,two_stage,2,0.5,"__confirm_cooldown=200,divergence=0.3,error_rate=0.5,teacher_entropy=0.2",3,0,200,0.0,0,10000,10.0,25.0,200,500,1,72,1.0,0.7553977272727272,0.39296730413325104,0.5,0.5883304476737976,0.006279366090893745,0,0,10,10,-1,weighted,,,0,0,0,0.0,0.16666666666666669,0,0.0,0.0,0.0,0.0,0,none,0,1,0,overconfident,0.95,0,mild_drift,0.9641201729227459,0.0012356303579384273,0.8257454153991519,0.8665964233442661,1768042047.300377,0.7345485091209412,0.09815766662359238
56,3584,3583,sea_abrupt4,sea,ts_drift_adapt,3,"error_divergence_ph_meta@error.threshold=0.10,error.min_instances=5",error_divergence_ph_meta,"{""divergence"": {""alpha"": 0.1, ""delta"": 0.005, ""min_instances"": 30, ""threshold"": 0.05}, ""error_rate"": {""alpha"": 0.15, ""delta"": 0.005, ""min_instances"": 5, ""threshold"": 0.1}}","{""error_rate"": {""min_instances"": 5, ""threshold"": 0.1}}",0.1,0.005,0.15,5,0.05,0.005,0.1,30,,,,-1,two_stage,2,0.5,"__confirm_cooldown=200,divergence=0.3,error_rate=0.5,teacher_entropy=0.2",3,0,200,0.0,0,10000,10.0,25.0,200,500,1,8,1.0,0.7575334821428571,0.399407756857887,0.0,0.5968602895736694,0.006654155440628529,0,0,10,10,-1,weighted,,,0,0,0,0.0,0.5,0,0.0,0.0,0.0,0.0,0,none,0,1,0,overconfident,0.95,0,mild_drift,0.962210086461373,0.0012678151789692138,0.812872707699576,0.8607982116721331,1768042047.311224,0.18631048500537872,0.07073038816452026
57,3648,3647,sea_abrupt4,sea,ts_drift_adapt,3,"error_divergence_ph_meta@error.threshold=0.10,error.min_instances=5",error_divergence_ph_meta,"{""divergence"": {""alpha"": 0.1, ""delta"": 0.005, ""min_instances"": 30, ""threshold"": 0.05}, ""error_rate"": {""alpha"": 0.15, ""delta"": 0.005, ""min_instances"": 5, ""threshold"": 0.1}}","{""error_rate"": {""min_instances"": 5, ""threshold"": 0.1}}",0.1,0.005,0.15,5,0.05,0.005,0.1,30,,,,-1,two_stage,2,0.5,"__confirm_cooldown=200,divergence=0.3,error_rate=0.5,teacher_entropy=0.2",3,0,200,0.0,0,10000,10.0,25.0,200,500,0,0,1.0,0.7595942982456141,0.4028280819171646,0.3333333333333333,0.5588670372962952,0.007966122590005398,0,0,10,10,-1,weighted,,,0,0,0,0.0,0.3333333333333333,0,0.0,0.0,0.0,0.0,0,none,0,1,0,overconfident,0.95,0,mild_drift,0.9612550432306864,0.0012839075894846069,0.8064363538497881,0.8578991058360665,1768042047.322008,0.5303944945335388,0.11280140280723572
58,3712,3711,sea_abrupt4,sea,ts_drift_adapt,3,"error_divergence_ph_meta@error.threshold=0.10,error.min_instances=5",error_divergence_ph_meta,"{""divergence"": {""alpha"": 0.1, ""delta"": 0.005, ""min_instances"": 30, ""threshold"": 0.05}, ""error_rate"": {""alpha"": 0.15, ""delta"": 0.005, ""min_instances"": 5, ""threshold"": 0.1}}","{""error_rate"": {""min_instances"": 5, ""threshold"": 0.1}}",0.1,0.005,0.15,5,0.05,0.005,0.1,30,,,,-1,two_stage,2,0.5,"__confirm_cooldown=200,divergence=0.3,error_rate=0.5,teacher_entropy=0.2",3,0,200,0.0,0,10000,10.0,25.0,200,500,0,0,1.0,0.7610452586206896,0.40723414919388523,0.3333333333333333,0.5880133509635925,0.00727657089009881,1,1,11,11,0,weighted,,,0,0,0,0.16666666666666666,0.0006895516999065876,1,0.5,0.0,0.0,0.0,0,none,1,1,0,overconfident,0.95,0,severe_drift,0.9261275216153433,0.0016419537947423035,0.653218176924894,0.8339495529180333,1768042047.3323314,0.660313606262207,0.07270996272563934
59,3776,3775,sea_abrupt4,sea,ts_drift_adapt,3,"error_divergence_ph_meta@error.threshold=0.10,error.min_instances=5",error_divergence_ph_meta,"{""divergence"": {""alpha"": 0.1, ""delta"": 0.005, ""min_instances"": 30, ""threshold"": 0.05}, ""error_rate"": {""alpha"": 0.15, ""delta"": 0.005, ""min_instances"": 5, ""threshold"": 0.1}}","{""error_rate"": {""min_instances"": 5, ""threshold"": 0.1}}",0.1,0.005,0.15,5,0.05,0.005,0.1,30,,,,-1,two_stage,2,0.5,"__confirm_cooldown=200,divergence=0.3,error_rate=0.5,teacher_entropy=0.2",3,0,200,0.0,0,10000,10.0,25.0,200,500,1,136,1.0,0.7613877118644068,0.4092525503967283,0.16666666666666666,0.5637288093566895,0.0074750808998942375,0,0,11,11,-1,weighted,,,0,0,0,0.0,0.16666666666666666,0,0.0,0.0,0.0,0.0,0,none,0,1,0,overconfident,0.95,0,mild_drift,0.9432137608076716,0.001470976897371152,0.726609088462447,0.8444747764590166,1768042047.3426995,0.3374076783657074,0.1405683159828186
60,3840,3839,sea_abrupt4,sea,ts_drift_adapt,3,"error_divergence_ph_meta@error.threshold=0.10,error.min_instances=5",error_divergence_ph_meta,"{""divergence"": {""alpha"": 0.1, ""delta"": 0.005, ""min_instances"": 30, ""threshold"": 0.05}, ""error_rate"": {""alpha"": 0.15, ""delta"": 0.005, ""min_instances"": 5, ""threshold"": 0.1}}","{""error_rate"": {""min_instances"": 5, ""threshold"": 0.1}}",0.1,0.005,0.15,5,0.05,0.005,0.1,30,,,,-1,two_stage,2,0.5,"__confirm_cooldown=200,divergence=0.3,error_rate=0.5,teacher_entropy=0.2",3,0,200,0.0,0,10000,10.0,25.0,200,500,1,72,1.0,0.76171875,0.4086102947859546,0.0,0.5760376453399658,0.006447156425565481,0,0,11,11,-1,weighted,,,0,0,0,0.0,0.16666666666666666,0,0.0,0.0,0.0,0.0,0,none,0,1,0,overconfident,0.95,0,mild_drift,0.9517568804038358,0.001385488448685576,0.7633045442312235,0.8497373882295083,1768042047.3531492,0.39793169498443604,0.144526407122612
61,3904,3903,sea_abrupt4,sea,ts_drift_adapt,3,"error_divergence_ph_meta@error.threshold=0.10,error.min_instances=5",error_divergence_ph_meta,"{""divergence"": {""alpha"": 0.1, ""delta"": 0.005, ""min_instances"": 30, ""threshold"": 0.05}, ""error_rate"": {""alpha"": 0.15, ""delta"": 0.005, ""min_instances"": 5, ""threshold"": 0.1}}","{""error_rate"": {""min_instances"": 5, ""threshold"": 0.1}}",0.1,0.005,0.15,5,0.05,0.005,0.1,30,,,,-1,two_stage,2,0.5,"__confirm_cooldown=200,divergence=0.3,error_rate=0.5,teacher_entropy=0.2",3,0,200,0.0,0,10000,10.0,25.0,200,500,1,8,1.0,0.7635758196721312,0.4129145402136675,0.16666666666666666,0.5666399598121643,0.009828616864979267,0,0,11,11,-1,weighted,,,0,0,0,0.0,0.16666666666666666,0,0.0,0.0,0.0,0.0,0,none,0,1,0,overconfident,0.95,0,mild_drift,0.9560284402019179,0.0013427442243427882,0.7816522721156118,0.8523686941147541,1768042047.3635738,0.5342840552330017,0.1785813868045807
62,3968,3967,sea_abrupt4,sea,ts_drift_adapt,3,"error_divergence_ph_meta@error.threshold=0.10,error.min_instances=5",error_divergence_ph_meta,"{""divergence"": {""alpha"": 0.1, ""delta"": 0.005, ""min_instances"": 30, ""threshold"": 0.05}, ""error_rate"": {""alpha"": 0.15, ""delta"": 0.005, ""min_instances"": 5, ""threshold"": 0.1}}","{""error_rate"": {""min_instances"": 5, ""threshold"": 0.1}}",0.1,0.005,0.15,5,0.05,0.005,0.1,30,,,,-1,two_stage,2,0.5,"__confirm_cooldown=200,divergence=0.3,error_rate=0.5,teacher_entropy=0.2",3,0,200,0.0,0,10000,10.0,25.0,200,500,0,0,1.0,0.764616935483871,0.41577148622233445,0.16666666666666666,0.5611362457275391,0.006905939895659685,0,0,11,11,-1,weighted,,,0,0,0,0.0,0.002922676969319582,0,0.0,0.0,0.0,0.0,0,none,0,1,0,overconfident,0.95,0,mild_drift,0.9581642201009589,0.001321372112171394,0.7908261360578059,0.8536843470573771,1768042047.3743024,0.3634101152420044,0.1197318434715271
63,4032,4031,sea_abrupt4,sea,ts_drift_adapt,3,"error_divergence_ph_meta@error.threshold=0.10,error.min_instances=5",error_divergence_ph_meta,"{""divergence"": {""alpha"": 0.1, ""delta"": 0.005, ""min_instances"": 30, ""threshold"": 0.05}, ""error_rate"": {""alpha"": 0.15, ""delta"": 0.005, ""min_instances"": 5, ""threshold"": 0.1}}","{""error_rate"": {""min_instances"": 5, ""threshold"": 0.1}}",0.1,0.005,0.15,5,0.05,0.005,0.1,30,,,,-1,two_stage,2,0.5,"__confirm_cooldown=200,divergence=0.3,error_rate=0.5,teacher_entropy=0.2",3,0,200,0.0,0,10000,10.0,25.0,200,500,0,0,1.0,0.765625,0.4182654960646078,0.3333333333333333,0.5615259408950806,0.01198891457170248,1,1,12,12,0,weighted,,,0,0,0,0.0,0.16666666666666666,1,0.5,0.0,0.0,0.0,0,none,1,1,0,overconfident,0.95,0,stable,0.9740821100504795,0.001060686056085697,0.895413068028903,0.8993421735286886,1768042047.384895,0.6026385426521301,0.1417473405599594
64,4096,4095,sea_abrupt4,sea,ts_drift_adapt,3,"error_divergence_ph_meta@error.threshold=0.10,error.min_instances=5",error_divergence_ph_meta,"{""divergence"": {""alpha"": 0.1, ""delta"": 0.005, ""min_instances"": 30, ""threshold"": 0.05}, ""error_rate"": {""alpha"": 0.15, ""delta"": 0.005, ""min_instances"": 5, ""threshold"": 0.1}}","{""error_rate"": {""min_instances"": 5, ""threshold"": 0.1}}",0.1,0.005,0.15,5,0.05,0.005,0.1,30,,,,-1,two_stage,2,0.5,"__confirm_cooldown=200,divergence=0.3,error_rate=0.5,teacher_entropy=0.2",3,0,200,0.0,0,10000,10.0,25.0,200,500,1,136,1.0,0.766845703125,0.4202630490018579,0.0,0.5489106178283691,0.012101068161427975,0,0,12,12,-1,weighted,,,0,0,0,0.0,0.3333333333333333,0,0.0,0.0,0.0,0.0,0,none,0,1,0,overconfident,0.95,0,mild_drift,0.9671910550252397,0.0011803430280428486,0.8477065340144515,0.8771710867643443,1768042047.395058,0.14963747560977936,0.05569753795862198
65,4160,4159,sea_abrupt4,sea,ts_drift_adapt,3,"error_divergence_ph_meta@error.threshold=0.10,error.min_instances=5",error_divergence_ph_meta,"{""divergence"": {""alpha"": 0.1, ""delta"": 0.005, ""min_instances"": 30, ""threshold"": 0.05}, ""error_rate"": {""alpha"": 0.15, ""delta"": 0.005, ""min_instances"": 5, ""threshold"": 0.1}}","{""error_rate"": {""min_instances"": 5, ""threshold"": 0.1}}",0.1,0.005,0.15,5,0.05,0.005,0.1,30,,,,-1,two_stage,2,0.5,"__confirm_cooldown=200,divergence=0.3,error_rate=0.5,teacher_entropy=0.2",3,0,200,0.0,0,10000,10.0,25.0,200,500,1,72,1.0,0.7677884615384616,0.42204672226210865,0.16666666666666666,0.5547165870666504,0.011363560333848,0,0,12,12,-1,weighted,,,0,0,0,0.0,0.16666666666666666,0,0.0,0.0,0.0,0.0,0,none,0,1,0,overconfident,0.95,0,mild_drift,0.9637455275126199,0.0012401715140214244,0.8238532670072258,0.8660855433821721,1768042047.4067852,0.4739430844783783,0.10574144124984741
66,4224,4223,sea_abrupt4,sea,ts_drift_adapt,3,"error_divergence_ph_meta@error.threshold=0.10,error.min_instances=5",error_divergence_ph_meta,"{""divergence"": {""alpha"": 0.1, ""delta"": 0.005, ""min_instances"": 30, ""threshold"": 0.05}, ""error_rate"": {""alpha"": 0.15, ""delta"": 0.005, ""min_instances"": 5, ""threshold"": 0.1}}","{""error_rate"": {""min_instances"": 5, ""threshold"": 0.1}}",0.1,0.005,0.15,5,0.05,0.005,0.1,30,,,,-1,two_stage,2,0.5,"__confirm_cooldown=200,divergence=0.3,error_rate=0.5,teacher_entropy=0.2",3,0,200,0.0,0,10000,10.0,25.0,200,500,1,8,1.0,0.7670454545454546,0.42028956399705786,0.5,0.5519766807556152,0.011699756607413292,0,0,12,12,-1,weighted,,,0,0,0,0.0,0.33333333333333337,0,0.0,0.0,0.0,0.0,0,none,0,1,0,overconfident,0.95,0,mild_drift,0.9620227637563099,0.0012700857570107122,0.8119266335036129,0.8605427716910861,1768042047.4209163,0.7391083836555481,0.12838830053806305
67,4288,4287,sea_abrupt4,sea,ts_drift_adapt,3,"error_divergence_ph_meta@error.threshold=0.10,error.min_instances=5",error_divergence_ph_meta,"{""divergence"": {""alpha"": 0.1, ""delta"": 0.005, ""min_instances"": 30, ""threshold"": 0.05}, ""error_rate"": {""alpha"": 0.15, ""delta"": 0.005, ""min_instances"": 5, ""threshold"": 0.1}}","{""error_rate"": {""min_instances"": 5, ""threshold"": 0.1}}",0.1,0.005,0.15,5,0.05,0.005,0.1,30,,,,-1,two_stage,2,0.5,"__confirm_cooldown=200,divergence=0.3,error_rate=0.5,teacher_entropy=0.2",3,0,200,0.0,0,10000,10.0,25.0,200,500,0,0,1.0,0.7665578358208955,0.4187464181906621,0.3333333333333333,0.5820209980010986,0.01792573370039463,0,0,12,12,-1,weighted,,,0,0,0,0.0,0.16666666666666669,0,0.0,0.0,0.0,0.0,0,none,0,1,0,overconfident,0.95,0,mild_drift,0.9611613818781549,0.0012850428785053563,0.8059633167518065,0.857771385845543,1768042047.4351413,0.9235983490943909,0.19053879380226135
68,4352,4351,sea_abrupt4,sea,ts_drift_adapt,3,"error_divergence_ph_meta@error.threshold=0.10,error.min_instances=5",error_divergence_ph_meta,"{""divergence"": {""alpha"": 0.1, ""delta"": 0.005, ""min_instances"": 30, ""threshold"": 0.05}, ""error_rate"": {""alpha"": 0.15, ""delta"": 0.005, ""min_instances"": 5, ""threshold"": 0.1}}","{""error_rate"": {""min_instances"": 5, ""threshold"": 0.1}}",0.1,0.005,0.15,5,0.05,0.005,0.1,30,,,,-1,two_stage,2,0.5,"__confirm_cooldown=200,divergence=0.3,error_rate=0.5,teacher_entropy=0.2",3,0,200,0.0,0,10000,10.0,25.0,200,500,0,0,1.0,0.7672334558823529,0.42132916240727125,0.16666666666666666,0.5708741545677185,0.01667693257331848,1,1,13,13,0,weighted,,,0,0,0,0.16666666666666666,0.16666666666666666,1,0.5,0.0,0.0,0.0,0,none,1,1,0,overconfident,0.95,0,severe_drift,0.9260806909390775,0.0016425214392526782,0.6529816583759033,0.8338856929227716,1768042047.4489932,0.4341548681259155,0.15651537477970123
69,4416,4415,sea_abrupt4,sea,ts_drift_adapt,3,"error_divergence_ph_meta@error.threshold=0.10,error.min_instances=5",error_divergence_ph_meta,"{""divergence"": {""alpha"": 0.1, ""delta"": 0.005, ""min_instances"": 30, ""threshold"": 0.05}, ""error_rate"": {""alpha"": 0.15, ""delta"": 0.005, ""min_instances"": 5, ""threshold"": 0.1}}","{""error_rate"": {""min_instances"": 5, ""threshold"": 0.1}}",0.1,0.005,0.15,5,0.05,0.005,0.1,30,,,,-1,two_stage,2,0.5,"__confirm_cooldown=200,divergence=0.3,error_rate=0.5,teacher_entropy=0.2",3,0,200,0.0,0,10000,10.0,25.0,200,500,1,136,1.0,0.7690217391304348,0.4242254503415671,0.0,0.5213562250137329,0.010553216561675072,0,0,13,13,-1,weighted,,,0,0,0,0.0,0.16666666666666666,0,0.0,0.0,0.0,0.0,0,none,0,1,0,overconfident,0.95,0,mild_drift,0.9431903454695387,0.0014712607196263393,0.7264908291879517,0.8444428464613858,1768042047.4598262,0.12486383318901062,0.1350405365228653
70,4480,4479,sea_abrupt4,sea,ts_drift_adapt,3,"error_divergence_ph_meta@error.threshold=0.10,error.min_instances=5",error_divergence_ph_meta,"{""divergence"": {""alpha"": 0.1, ""delta"": 0.005, ""min_instances"": 30, ""threshold"": 0.05}, ""error_rate"": {""alpha"": 0.15, ""delta"": 0.005, ""min_instances"": 5, ""threshold"": 0.1}}","{""error_rate"": {""min_instances"": 5, ""threshold"": 0.1}}",0.1,0.005,0.15,5,0.05,0.005,0.1,30,,,,-1,two_stage,2,0.5,"__confirm_cooldown=200,divergence=0.3,error_rate=0.5,teacher_entropy=0.2",3,0,200,0.0,0,10000,10.0,25.0,200,500,1,72,1.0,0.7703125,0.42818839497511524,0.16666666666666666,0.5417943596839905,0.00864063948392868,0,0,13,13,-1,weighted,,,0,0,0,0.0,0.16666666666666666,0,0.0,0.0,0.0,0.0,0,none,0,1,0,overconfident,0.95,0,mild_drift,0.9517451727347693,0.0013856303598131698,0.7632454145939759,0.8497214232306929,1768042047.4708529,0.39936181902885437,0.13345548510551453
71,4544,4543,sea_abrupt4,sea,ts_drift_adapt,3,"error_divergence_ph_meta@error.threshold=0.10,error.min_instances=5",error_divergence_ph_meta,"{""divergence"": {""alpha"": 0.1, ""delta"": 0.005, ""min_instances"": 30, ""threshold"": 0.05}, ""error_rate"": {""alpha"": 0.15, ""delta"": 0.005, ""min_instances"": 5, ""threshold"": 0.1}}","{""error_rate"": {""min_instances"": 5, ""threshold"": 0.1}}",0.1,0.005,0.15,5,0.05,0.005,0.1,30,,,,-1,two_stage,2,0.5,"__confirm_cooldown=200,divergence=0.3,error_rate=0.5,teacher_entropy=0.2",3,0,200,0.0,0,10000,10.0,25.0,200,500,1,8,1.0,0.7722271126760564,0.4336028764973327,0.16666666666666666,0.5115537643432617,0.010165976360440254,0,0,13,13,-1,weighted,,,0,0,0,0.0,0.0015253368765115738,0,0.0,0.0,0.0,0.0,0,none,0,1,0,overconfident,0.95,0,mild_drift,0.9560225863673846,0.001342815179906585,0.7816227072969879,0.8523607116153464,1768042047.4821842,0.44937992095947266,0.1378854215145111
72,4608,4607,sea_abrupt4,sea,ts_drift_adapt,3,"error_divergence_ph_meta@error.threshold=0.10,error.min_instances=5",error_divergence_ph_meta,"{""divergence"": {""alpha"": 0.1, ""delta"": 0.005, ""min_instances"": 30, ""threshold"": 0.05}, ""error_rate"": {""alpha"": 0.15, ""delta"": 0.005, ""min_instances"": 5, ""threshold"": 0.1}}","{""error_rate"": {""min_instances"": 5, ""threshold"": 0.1}}",0.1,0.005,0.15,5,0.05,0.005,0.1,30,,,,-1,two_stage,2,0.5,"__confirm_cooldown=200,divergence=0.3,error_rate=0.5,teacher_entropy=0.2",3,0,200,0.0,0,10000,10.0,25.0,200,500,0,0,1.0,0.7734375,0.4367112262647779,0.3333333333333333,0.495159387588501,0.010389348492026329,0,0,13,13,-1,weighted,,,0,0,0,0.0,0.16666666666666666,0,0.0,0.0,0.0,0.0,0,none,0,1,0,overconfident,0.95,0,mild_drift,0.9581612931836923,0.0013214075899532925,0.790811353648494,0.8536803558076732,1768042047.4931738,0.4382818639278412,0.13008537888526917
73,4672,4671,sea_abrupt4,sea,ts_drift_adapt,3,"error_divergence_ph_meta@error.threshold=0.10,error.min_instances=5",error_divergence_ph_meta,"{""divergence"": {""alpha"": 0.1, ""delta"": 0.005, ""min_instances"": 30, ""threshold"": 0.05}, ""error_rate"": {""alpha"": 0.15, ""delta"": 0.005, ""min_instances"": 5, ""threshold"": 0.1}}","{""error_rate"": {""min_instances"": 5, ""threshold"": 0.1}}",0.1,0.005,0.15,5,0.05,0.005,0.1,30,,,,-1,two_stage,2,0.5,"__confirm_cooldown=200,divergence=0.3,error_rate=0.5,teacher_entropy=0.2",3,0,200,0.0,0,10000,10.0,25.0,200,500,0,0,1.0,0.7741866438356164,0.43844823154759405,0.0,0.542291522026062,0.008485778234899044,1,1,14,14,0,weighted,,,0,0,0,0.16666666666666666,0.3333333333333333,1,0.5,0.0,0.0,0.0,0,none,1,1,0,overconfident,0.95,0,severe_drift,0.9245806465918461,0.0016607037949766463,0.645405676824247,0.8318401779038367,1768042047.5040746,0.2129204422235489,0.1494947224855423
74,4736,4735,sea_abrupt4,sea,ts_drift_adapt,3,"error_divergence_ph_meta@error.threshold=0.10,error.min_instances=5",error_divergence_ph_meta,"{""divergence"": {""alpha"": 0.1, ""delta"": 0.005, ""min_instances"": 30, ""threshold"": 0.05}, ""error_rate"": {""alpha"": 0.15, ""delta"": 0.005, ""min_instances"": 5, ""threshold"": 0.1}}","{""error_rate"": {""min_instances"": 5, ""threshold"": 0.1}}",0.1,0.005,0.15,5,0.05,0.005,0.1,30,,,,-1,two_stage,2,0.5,"__confirm_cooldown=200,divergence=0.3,error_rate=0.5,teacher_entropy=0.2",3,0,200,0.0,0,10000,10.0,25.0,200,500,1,136,1.0,0.7749155405405406,0.43987572162691785,0.3333333333333333,0.5079783201217651,0.007403713185340166,0,0,14,14,-1,weighted,,,0,0,0,0.0,0.3333333333333333,0,0.0,0.0,0.0,0.0,0,none,0,1,0,overconfident,0.95,0,mild_drift,0.9424403232959231,0.0014803518974883232,0.7227028384121235,0.8434200889519183,1768042047.5148883,0.5293839573860168,0.17009025812149048
75,4800,4799,sea_abrupt4,sea,ts_drift_adapt,3,"error_divergence_ph_meta@error.threshold=0.10,error.min_instances=5",error_divergence_ph_meta,"{""divergence"": {""alpha"": 0.1, ""delta"": 0.005, ""min_instances"": 30, ""threshold"": 0.05}, ""error_rate"": {""alpha"": 0.15, ""delta"": 0.005, ""min_instances"": 5, ""threshold"": 0.1}}","{""error_rate"": {""min_instances"": 5, ""threshold"": 0.1}}",0.1,0.005,0.15,5,0.05,0.005,0.1,30,,,,-1,two_stage,2,0.5,"__confirm_cooldown=200,divergence=0.3,error_rate=0.5,teacher_entropy=0.2",3,0,200,0.0,0,10000,10.0,25.0,200,500,1,72,1.0,0.7752083333333334,0.4406208296593655,0.3333333333333333,0.5189359188079834,0.009140952490270138,0,0,14,14,-1,weighted,,,0,0,0,0.0,0.0017372393049299717,0,0.0,0.0,0.0,0.0,0,none,0,1,0,overconfident,0.95,0,mild_drift,0.9513701616479615,0.0013901759487441618,0.7613514192060618,0.8492100444759592,1768042047.5259037,0.5852648615837097,0.17434468865394592
76,4864,4863,sea_abrupt4,sea,ts_drift_adapt,3,"error_divergence_ph_meta@error.threshold=0.10,error.min_instances=5",error_divergence_ph_meta,"{""divergence"": {""alpha"": 0.1, ""delta"": 0.005, ""min_instances"": 30, ""threshold"": 0.05}, ""error_rate"": {""alpha"": 0.15, ""delta"": 0.005, ""min_instances"": 5, ""threshold"": 0.1}}","{""error_rate"": {""min_instances"": 5, ""threshold"": 0.1}}",0.1,0.005,0.15,5,0.05,0.005,0.1,30,,,,-1,two_stage,2,0.5,"__confirm_cooldown=200,divergence=0.3,error_rate=0.5,teacher_entropy=0.2",3,0,200,0.0,0,10000,10.0,25.0,200,500,1,8,1.0,0.7752878289473685,0.4412842968404176,0.3333333333333333,0.5119919180870056,0.008544143289327621,0,0,14,14,-1,weighted,,,0,0,0,0.0,0.0005968092009425163,0,0.0,0.0,0.0,0.0,0,none,0,1,0,overconfident,0.95,0,mild_drift,0.9558350808239807,0.0013450879743720809,0.7806757096030309,0.8521050222379796,1768042047.5368226,0.7737151980400085,0.1252996325492859
77,4928,4927,sea_abrupt4,sea,ts_drift_adapt,3,"error_divergence_ph_meta@error.threshold=0.10,error.min_instances=5",error_divergence_ph_meta,"{""divergence"": {""alpha"": 0.1, ""delta"": 0.005, ""min_instances"": 30, ""threshold"": 0.05}, ""error_rate"": {""alpha"": 0.15, ""delta"": 0.005, ""min_instances"": 5, ""threshold"": 0.1}}","{""error_rate"": {""min_instances"": 5, ""threshold"": 0.1}}",0.1,0.005,0.15,5,0.05,0.005,0.1,30,,,,-1,two_stage,2,0.5,"__confirm_cooldown=200,divergence=0.3,error_rate=0.5,teacher_entropy=0.2",3,0,200,0.0,0,10000,10.0,25.0,200,500,0,0,1.0,0.7755681818181818,0.44349746701234866,0.16666666666666666,0.5107279419898987,0.007006811909377575,0,0,14,14,-1,weighted,,,0,0,0,0.0,0.16666666666666666,0,0.0,0.0,0.0,0.0,0,none,0,1,0,overconfident,0.95,0,mild_drift,0.9580675404119903,0.0013225439871860406,0.7903378548015154,0.8535525111189898,1768042047.5484781,0.32626858353614807,0.13260574638843536
78,4992,4991,sea_abrupt4,sea,ts_drift_adapt,3,"error_divergence_ph_meta@error.threshold=0.10,error.min_instances=5",error_divergence_ph_meta,"{""divergence"": {""alpha"": 0.1, ""delta"": 0.005, ""min_instances"": 30, ""threshold"": 0.05}, ""error_rate"": {""alpha"": 0.15, ""delta"": 0.005, ""min_instances"": 5, ""threshold"": 0.1}}","{""error_rate"": {""min_instances"": 5, ""threshold"": 0.1}}",0.1,0.005,0.15,5,0.05,0.005,0.1,30,,,,-1,two_stage,2,0.5,"__confirm_cooldown=200,divergence=0.3,error_rate=0.5,teacher_entropy=0.2",3,0,200,0.0,0,10000,10.0,25.0,200,500,0,0,1.0,0.7768429487179487,0.4469141460433853,0.16666666666666666,0.48074379563331604,0.005575135815888643,1,1,15,15,0,weighted,,,0,0,0,0.16666666666666666,0.0014316760934889317,1,0.5,0.0,0.0,0.0,0,none,1,1,0,overconfident,0.95,0,severe_drift,0.9245337702059951,0.0016612719935930203,0.6451689274007577,0.831776255559495,1768042047.5601213,0.1793060302734375,0.11840984970331192
79,5056,5055,sea_abrupt4,sea,ts_drift_adapt,3,"error_divergence_ph_meta@error.threshold=0.10,error.min_instances=5",error_divergence_ph_meta,"{""divergence"": {""alpha"": 0.1, ""delta"": 0.005, ""min_instances"": 30, ""threshold"": 0.05}, ""error_rate"": {""alpha"": 0.15, ""delta"": 0.005, ""min_instances"": 5, ""threshold"": 0.1}}","{""error_rate"": {""min_instances"": 5, ""threshold"": 0.1}}",0.1,0.005,0.15,5,0.05,0.005,0.1,30,,,,-1,two_stage,2,0.5,"__confirm_cooldown=200,divergence=0.3,error_rate=0.5,teacher_entropy=0.2",3,0,200,0.0,0,10000,10.0,25.0,200,500,1,136,1.0,0.7778876582278481,0.44920969053083737,0.0,0.5206571221351624,0.008031465113162994,0,0,15,15,-1,weighted,,,0,0,0,0.0,0.16666666666666666,0,0.0,0.0,0.0,0.0,0,none,0,1,0,overconfident,0.95,0,mild_drift,0.9424168851029975,0.0014806359967965102,0.7225844637003789,0.8433881277797475,1768042047.571807,0.23963628709316254,0.15635347366333008
80,5120,5119,sea_abrupt4,sea,ts_drift_adapt,3,"error_divergence_ph_meta@error.threshold=0.10,error.min_instances=5",error_divergence_ph_meta,"{""divergence"": {""alpha"": 0.1, ""delta"": 0.005, ""min_instances"": 30, ""threshold"": 0.05}, ""error_rate"": {""alpha"": 0.15, ""delta"": 0.005, ""min_instances"": 5, ""threshold"": 0.1}}","{""error_rate"": {""min_instances"": 5, ""threshold"": 0.1}}",0.1,0.005,0.15,5,0.05,0.005,0.1,30,,,,-1,two_stage,2,0.5,"__confirm_cooldown=200,divergence=0.3,error_rate=0.5,teacher_entropy=0.2",3,0,200,0.0,0,10000,10.0,25.0,200,500,1,72,1.0,0.777734375,0.4486217056751871,0.3333333333333333,0.47525376081466675,0.007337071467190981,0,0,15,15,-1,weighted,,,0,0,0,0.0,0.3333333333333333,0,0.0,0.0,0.0,0.0,0,none,0,1,0,overconfident,0.95,0,mild_drift,0.9513584425514987,0.0013903179983982552,0.7612922318501895,0.8491940638898737,1768042047.583345,0.8130534291267395,0.12044030427932739
81,5184,5183,sea_abrupt4,sea,ts_drift_adapt,3,"error_divergence_ph_meta@error.threshold=0.10,error.min_instances=5",error_divergence_ph_meta,"{""divergence"": {""alpha"": 0.1, ""delta"": 0.005, ""min_instances"": 30, ""threshold"": 0.05}, ""error_rate"": {""alpha"": 0.15, ""delta"": 0.005, ""min_instances"": 5, ""threshold"": 0.1}}","{""error_rate"": {""min_instances"": 5, ""threshold"": 0.1}}",0.1,0.005,0.15,5,0.05,0.005,0.1,30,,,,-1,two_stage,2,0.5,"__confirm_cooldown=200,divergence=0.3,error_rate=0.5,teacher_entropy=0.2",3,0,200,0.0,0,10000,10.0,25.0,200,500,1,8,1.0,0.779320987654321,0.4510024061301889,0.16666666666666666,0.45565882325172424,0.00782547052949667,0,0,15,15,-1,weighted,,,0,0,0,0.0,0.16666666666666666,0,0.0,0.0,0.0,0.0,0,none,0,1,0,overconfident,0.95,0,mild_drift,0.9558292212757493,0.0013451589991991277,0.7806461159250948,0.8520970319449368,1768042047.5949364,0.4170863926410675,0.11411736905574799
82,5248,5247,sea_abrupt4,sea,ts_drift_adapt,3,"error_divergence_ph_meta@error.threshold=0.10,error.min_instances=5",error_divergence_ph_meta,"{""divergence"": {""alpha"": 0.1, ""delta"": 0.005, ""min_instances"": 30, ""threshold"": 0.05}, ""error_rate"": {""alpha"": 0.15, ""delta"": 0.005, ""min_instances"": 5, ""threshold"": 0.1}}","{""error_rate"": {""min_instances"": 5, ""threshold"": 0.1}}",0.1,0.005,0.15,5,0.05,0.005,0.1,30,,,,-1,two_stage,2,0.5,"__confirm_cooldown=200,divergence=0.3,error_rate=0.5,teacher_entropy=0.2",3,0,200,0.0,0,10000,10.0,25.0,200,500,0,0,1.0,0.7795350609756098,0.4504939814338857,0.3333333333333333,0.5062809586524963,0.017730168998241425,0,0,15,15,-1,weighted,,,0,0,0,0.0,0.16666666666666666,0,0.0,0.0,0.0,0.0,0,none,0,1,0,overconfident,0.95,0,mild_drift,0.9580646106378746,0.001322579499599564,0.7903230579625474,0.8535485159724684,1768042047.60669,0.4661913812160492,0.17113400995731354
83,5312,5311,sea_abrupt4,sea,ts_drift_adapt,3,"error_divergence_ph_meta@error.threshold=0.10,error.min_instances=5",error_divergence_ph_meta,"{""divergence"": {""alpha"": 0.1, ""delta"": 0.005, ""min_instances"": 30, ""threshold"": 0.05}, ""error_rate"": {""alpha"": 0.15, ""delta"": 0.005, ""min_instances"": 5, ""threshold"": 0.1}}","{""error_rate"": {""min_instances"": 5, ""threshold"": 0.1}}",0.1,0.005,0.15,5,0.05,0.005,0.1,30,,,,-1,two_stage,2,0.5,"__confirm_cooldown=200,divergence=0.3,error_rate=0.5,teacher_entropy=0.2",3,0,200,0.0,0,10000,10.0,25.0,200,500,0,0,1.0,0.7801204819277109,0.45205851099907307,0.3333333333333333,0.4621117413043976,0.014976540580391884,1,1,16,16,0,weighted,,,0,0,0,0.16666666666666666,0.0027536284178495407,1,0.5,0.0,0.0,0.0,0,none,1,1,0,overconfident,0.95,0,severe_drift,0.9245323053189374,0.001661289749799782,0.6451615289812738,0.8317742579862342,1768042047.6181576,0.6754223704338074,0.14033567905426025
84,5376,5375,sea_abrupt4,sea,ts_drift_adapt,3,"error_divergence_ph_meta@error.threshold=0.10,error.min_instances=5",error_divergence_ph_meta,"{""divergence"": {""alpha"": 0.1, ""delta"": 0.005, ""min_instances"": 30, ""threshold"": 0.05}, ""error_rate"": {""alpha"": 0.15, ""delta"": 0.005, ""min_instances"": 5, ""threshold"": 0.1}}","{""error_rate"": {""min_instances"": 5, ""threshold"": 0.1}}",0.1,0.005,0.15,5,0.05,0.005,0.1,30,,,,-1,two_stage,2,0.5,"__confirm_cooldown=200,divergence=0.3,error_rate=0.5,teacher_entropy=0.2",3,0,200,0.0,0,10000,10.0,25.0,200,500,1,136,1.0,0.7810639880952381,0.4534795983516165,0.16666666666666666,0.46527478098869324,0.011055564507842064,0,0,16,16,-1,weighted,,,0,0,0,0.0,0.16666666666666666,0,0.0,0.0,0.0,0.0,0,none,0,1,0,overconfident,0.95,0,mild_drift,0.9424161526594687,0.001480644874899891,0.7225807644906369,0.8433871289931171,1768042047.6324997,0.31612637639045715,0.1343216449022293
85,5440,5439,sea_abrupt4,sea,ts_drift_adapt,3,"error_divergence_ph_meta@error.threshold=0.10,error.min_instances=5",error_divergence_ph_meta,"{""divergence"": {""alpha"": 0.1, ""delta"": 0.005, ""min_instances"": 30, ""threshold"": 0.05}, ""error_rate"": {""alpha"": 0.15, ""delta"": 0.005, ""min_instances"": 5, ""threshold"": 0.1}}","{""error_rate"": {""min_instances"": 5, ""threshold"": 0.1}}",0.1,0.005,0.15,5,0.05,0.005,0.1,30,,,,-1,two_stage,2,0.5,"__confirm_cooldown=200,divergence=0.3,error_rate=0.5,teacher_entropy=0.2",3,0,200,0.0,0,10000,10.0,25.0,200,500,1,72,1.0,0.7818014705882353,0.4545816365591667,0.16666666666666666,0.4766964018344879,0.011423863470554352,0,0,16,16,-1,weighted,,,0,0,0,0.0,0.0003682989627122879,0,0.0,0.0,0.0,0.0,0,none,0,1,0,overconfident,0.95,0,mild_drift,0.9513580763297342,0.0013903224374499455,0.7612903822453185,0.8491935644965585,1768042047.6466799,0.4999958574771881,0.1420823484659195
86,5504,5503,sea_abrupt4,sea,ts_drift_adapt,3,"error_divergence_ph_meta@error.threshold=0.10,error.min_instances=5",error_divergence_ph_meta,"{""divergence"": {""alpha"": 0.1, ""delta"": 0.005, ""min_instances"": 30, ""threshold"": 0.05}, ""error_rate"": {""alpha"": 0.15, ""delta"": 0.005, ""min_instances"": 5, ""threshold"": 0.1}}","{""error_rate"": {""min_instances"": 5, ""threshold"": 0.1}}",0.1,0.005,0.15,5,0.05,0.005,0.1,30,,,,-1,two_stage,2,0.5,"__confirm_cooldown=200,divergence=0.3,error_rate=0.5,teacher_entropy=0.2",3,0,200,0.0,0,10000,10.0,25.0,200,500,1,8,1.0,0.7830668604651163,0.4575648022503738,0.3333333333333333,0.45249801874160767,0.006314893718808889,0,0,16,16,-1,weighted,,,0,0,0,0.0,0.16666666666666666,0,0.0,0.0,0.0,0.0,0,none,0,1,0,overconfident,0.95,0,mild_drift,0.9558290381648671,0.0013451612187249727,0.7806451911226593,0.8520967822482792,1768042047.6608837,0.5036247968673706,0.12026309967041016
87,5568,5567,sea_abrupt4,sea,ts_drift_adapt,3,"error_divergence_ph_meta@error.threshold=0.10,error.min_instances=5",error_divergence_ph_meta,"{""divergence"": {""alpha"": 0.1, ""delta"": 0.005, ""min_instances"": 30, ""threshold"": 0.05}, ""error_rate"": {""alpha"": 0.15, ""delta"": 0.005, ""min_instances"": 5, ""threshold"": 0.1}}","{""error_rate"": {""min_instances"": 5, ""threshold"": 0.1}}",0.1,0.005,0.15,5,0.05,0.005,0.1,30,,,,-1,two_stage,2,0.5,"__confirm_cooldown=200,divergence=0.3,error_rate=0.5,teacher_entropy=0.2",3,0,200,0.0,0,10000,10.0,25.0,200,500,0,0,1.0,0.7832255747126436,0.4576028682601229,0.0,0.4623066782951355,0.006911237258464098,0,0,16,16,-1,weighted,,,0,0,0,0.0,0.3333333333333333,0,0.0,0.0,0.0,0.0,0,none,0,1,0,overconfident,0.95,0,mild_drift,0.9580645190824335,0.0013225806093624865,0.7903225955613297,0.8535483911241396,1768042047.6720679,0.2066148966550827,0.12537741661071777
88,5632,5631,sea_abrupt4,sea,ts_drift_adapt,3,"error_divergence_ph_meta@error.threshold=0.10,error.min_instances=5",error_divergence_ph_meta,"{""divergence"": {""alpha"": 0.1, ""delta"": 0.005, ""min_instances"": 30, ""threshold"": 0.05}, ""error_rate"": {""alpha"": 0.15, ""delta"": 0.005, ""min_instances"": 5, ""threshold"": 0.1}}","{""error_rate"": {""min_instances"": 5, ""threshold"": 0.1}}",0.1,0.005,0.15,5,0.05,0.005,0.1,30,,,,-1,two_stage,2,0.5,"__confirm_cooldown=200,divergence=0.3,error_rate=0.5,teacher_entropy=0.2",3,0,200,0.0,0,10000,10.0,25.0,200,500,0,0,1.0,0.7839133522727273,0.45884497489611376,0.16666666666666666,0.4465605914592743,0.006239618174731731,1,1,17,17,0,weighted,,,0,0,0,0.16666666666666666,0.16666666666666666,1,0.5,0.0,0.0,0.0,0,none,1,1,0,overconfident,0.95,0,severe_drift,0.9245322595412168,0.0016612903046812433,0.6451612977806649,0.8317741955620699,1768042047.6833298,0.4036062955856323,0.10861754417419434
89,5696,5695,sea_abrupt4,sea,ts_drift_adapt,3,"error_divergence_ph_meta@error.threshold=0.10,error.min_instances=5",error_divergence_ph_meta,"{""divergence"": {""alpha"": 0.1, ""delta"": 0.005, ""min_instances"": 30, ""threshold"": 0.05}, ""error_rate"": {""alpha"": 0.15, ""delta"": 0.005, ""min_instances"": 5, ""threshold"": 0.1}}","{""error_rate"": {""min_instances"": 5, ""threshold"": 0.1}}",0.1,0.005,0.15,5,0.05,0.005,0.1,30,,,,-1,two_stage,2,0.5,"__confirm_cooldown=200,divergence=0.3,error_rate=0.5,teacher_entropy=0.2",3,0,200,0.0,0,10000,10.0,25.0,200,500,1,136,1.0,0.7845856741573034,0.4606343669450063,0.0,0.4567390978336334,0.007220122497528791,0,0,17,17,-1,weighted,,,0,0,0,0.0,0.16666666666666666,0,0.0,0.0,0.0,0.0,0,none,0,1,0,overconfident,0.95,0,mild_drift,0.9424161297706084,0.0014806451523406217,0.7225806488903325,0.8433870977810349,1768042047.6948168,0.16410674154758453,0.13506430387496948
90,5760,5759,sea_abrupt4,sea,ts_drift_adapt,3,"error_divergence_ph_meta@error.threshold=0.10,error.min_instances=5",error_divergence_ph_meta,"{""divergence"": {""alpha"": 0.1, ""delta"": 0.005, ""min_instances"": 30, ""threshold"": 0.05}, ""error_rate"": {""alpha"": 0.15, ""delta"": 0.005, ""min_instances"": 5, ""threshold"": 0.1}}","{""error_rate"": {""min_instances"": 5, ""threshold"": 0.1}}",0.1,0.005,0.15,5,0.05,0.005,0.1,30,,,,-1,two_stage,2,0.5,"__confirm_cooldown=200,divergence=0.3,error_rate=0.5,teacher_entropy=0.2",3,0,200,0.0,0,10000,10.0,25.0,200,500,1,72,1.0,0.7852430555555555,0.46213331320298917,0.0,0.44755440950393677,0.0067565967328846455,0,0,17,17,-1,weighted,,,0,0,0,0.0,0.00046352576464414597,0,0.0,0.0,0.0,0.0,0,none,0,1,0,overconfident,0.95,0,mild_drift,0.9513580648853042,0.001390322576170311,0.7612903244451663,0.8491935488905175,1768042047.7061827,0.15692733228206635,0.11677269637584686
91,5824,5823,sea_abrupt4,sea,ts_drift_adapt,3,"error_divergence_ph_meta@error.threshold=0.10,error.min_instances=5",error_divergence_ph_meta,"{""divergence"": {""alpha"": 0.1, ""delta"": 0.005, ""min_instances"": 30, ""threshold"": 0.05}, ""error_rate"": {""alpha"": 0.15, ""delta"": 0.005, ""min_instances"": 5, ""threshold"": 0.1}}","{""error_rate"": {""min_instances"": 5, ""threshold"": 0.1}}",0.1,0.005,0.15,5,0.05,0.005,0.1,30,,,,-1,two_stage,2,0.5,"__confirm_cooldown=200,divergence=0.3,error_rate=0.5,teacher_entropy=0.2",3,0,200,0.0,0,10000,10.0,25.0,200,500,1,8,1.0,0.7846840659340659,0.4619127309839209,0.16666666666666666,0.4687086343765259,0.009664095006883144,0,0,17,17,-1,weighted,,,0,0,0,0.0,0.16666666666666666,0,0.0,0.0,0.0,0.0,0,none,0,1,0,overconfident,0.95,0,mild_drift,0.955829032442652,0.0013451612880851557,0.7806451622225832,0.8520967744452588,1768042047.7174947,0.3727964460849762,0.12090522795915604
92,5888,5887,sea_abrupt4,sea,ts_drift_adapt,3,"error_divergence_ph_meta@error.threshold=0.10,error.min_instances=5",error_divergence_ph_meta,"{""divergence"": {""alpha"": 0.1, ""delta"": 0.005, ""min_instances"": 30, ""threshold"": 0.05}, ""error_rate"": {""alpha"": 0.15, ""delta"": 0.005, ""min_instances"": 5, ""threshold"": 0.1}}","{""error_rate"": {""min_instances"": 5, ""threshold"": 0.1}}",0.1,0.005,0.15,5,0.05,0.005,0.1,30,,,,-1,two_stage,2,0.5,"__confirm_cooldown=200,divergence=0.3,error_rate=0.5,teacher_entropy=0.2",3,0,200,0.0,0,10000,10.0,25.0,200,500,0,0,1.0,0.7863451086956522,0.4647049913336473,0.0,0.4150795042514801,0.005848599597811699,0,0,17,17,-1,weighted,,,0,0,0,0.0,0.16666666666666666,0,0.0,0.0,0.0,0.0,0,none,0,1,0,overconfident,0.95,0,mild_drift,0.9580645162213259,0.0013225806440425778,0.7903225811112916,0.8535483872226294,1768042047.7286181,0.1735091209411621,0.10271384567022324
93,5952,5951,sea_abrupt4,sea,ts_drift_adapt,3,"error_divergence_ph_meta@error.threshold=0.10,error.min_instances=5",error_divergence_ph_meta,"{""divergence"": {""alpha"": 0.1, ""delta"": 0.005, ""min_instances"": 30, ""threshold"": 0.05}, ""error_rate"": {""alpha"": 0.15, ""delta"": 0.005, ""min_instances"": 5, ""threshold"": 0.1}}","{""error_rate"": {""min_instances"": 5, ""threshold"": 0.1}}",0.1,0.005,0.15,5,0.05,0.005,0.1,30,,,,-1,two_stage,2,0.5,"__confirm_cooldown=200,divergence=0.3,error_rate=0.5,teacher_entropy=0.2",3,0,200,0.0,0,10000,10.0,25.0,200,500,0,0,1.0,0.7869623655913979,0.4657742064267333,0.16666666666666666,0.4574906826019287,0.010117949917912483,1,1,18,18,0,weighted,,,0,0,0,0.0,0.16666666666666666,1,0.5,0.0,0.0,0.0,0,none,1,1,0,overconfident,0.95,0,stable,0.974032258110663,0.0010612903220212889,0.8951612905556459,0.8992741936113147,1768042047.7395077,0.31751009821891785,0.133265882730484
94,6016,6015,sea_abrupt4,sea,ts_drift_adapt,3,"error_divergence_ph_meta@error.threshold=0.10,error.min_instances=5",error_divergence_ph_meta,"{""divergence"": {""alpha"": 0.1, ""delta"": 0.005, ""min_instances"": 30, ""threshold"": 0.05}, ""error_rate"": {""alpha"": 0.15, ""delta"": 0.005, ""min_instances"": 5, ""threshold"": 0.1}}","{""error_rate"": {""min_instances"": 5, ""threshold"": 0.1}}",0.1,0.005,0.15,5,0.05,0.005,0.1,30,,,,-1,two_stage,2,0.5,"__confirm_cooldown=200,divergence=0.3,error_rate=0.5,teacher_entropy=0.2",3,0,200,0.0,0,10000,10.0,25.0,200,500,1,136,1.0,0.7875664893617021,0.4674669527364288,0.0,0.4575175940990448,0.008836346678435802,0,0,18,18,-1,weighted,,,0,0,0,0.0,0.16666666666666666,0,0.0,0.0,0.0,0.0,0,none,0,1,0,overconfident,0.95,0,mild_drift,0.9671661290553315,0.0011806451610106446,0.847580645277823,0.8771370968056573,1768042047.750744,0.11815550178289413,0.09602531045675278
95,6080,6079,sea_abrupt4,sea,ts_drift_adapt,3,"error_divergence_ph_meta@error.threshold=0.10,error.min_instances=5",error_divergence_ph_meta,"{""divergence"": {""alpha"": 0.1, ""delta"": 0.005, ""min_instances"": 30, ""threshold"": 0.05}, ""error_rate"": {""alpha"": 0.15, ""delta"": 0.005, ""min_instances"": 5, ""threshold"": 0.1}}","{""error_rate"": {""min_instances"": 5, ""threshold"": 0.1}}",0.1,0.005,0.15,5,0.05,0.005,0.1,30,,,,-1,two_stage,2,0.5,"__confirm_cooldown=200,divergence=0.3,error_rate=0.5,teacher_entropy=0.2",3,0,200,0.0,0,10000,10.0,25.0,200,500,1,72,1.0,0.787828947368421,0.46796935668465245,0.5,0.4370979070663452,0.010606707073748112,0,0,18,18,-1,weighted,,,0,0,0,0.0,0.5,0,0.0,0.0,0.0,0.0,0,none,0,1,0,overconfident,0.95,0,mild_drift,0.9637330645276657,0.0012403225805053225,0.8237903226389115,0.8660685484028287,1768042047.7619114,0.9774172902107239,0.13713739812374115
96,6144,6143,sea_abrupt4,sea,ts_drift_adapt,3,"error_divergence_ph_meta@error.threshold=0.10,error.min_instances=5",error_divergence_ph_meta,"{""divergence"": {""alpha"": 0.1, ""delta"": 0.005, ""min_instances"": 30, ""threshold"": 0.05}, ""error_rate"": {""alpha"": 0.15, ""delta"": 0.005, ""min_instances"": 5, ""threshold"": 0.1}}","{""error_rate"": {""min_instances"": 5, ""threshold"": 0.1}}",0.1,0.005,0.15,5,0.05,0.005,0.1,30,,,,-1,two_stage,2,0.5,"__confirm_cooldown=200,divergence=0.3,error_rate=0.5,teacher_entropy=0.2",3,0,200,0.0,0,10000,10.0,25.0,200,500,1,8,1.0,0.7884114583333334,0.46940629599066697,0.16666666666666666,0.4509980082511902,0.007840833626687527,0,0,18,18,-1,weighted,,,0,0,0,0.0,0.33333333333333337,0,0.0,0.0,0.0,0.0,0,none,0,1,0,overconfident,0.95,0,mild_drift,0.9620165322638328,0.0012701612902526614,0.8118951613194558,0.8605342742014144,1768042047.77331,0.5367094278335571,0.09536238759756088
97,6208,6207,sea_abrupt4,sea,ts_drift_adapt,3,"error_divergence_ph_meta@error.threshold=0.10,error.min_instances=5",error_divergence_ph_meta,"{""divergence"": {""alpha"": 0.1, ""delta"": 0.005, ""min_instances"": 30, ""threshold"": 0.05}, ""error_rate"": {""alpha"": 0.15, ""delta"": 0.005, ""min_instances"": 5, ""threshold"": 0.1}}","{""error_rate"": {""min_instances"": 5, ""threshold"": 0.1}}",0.1,0.005,0.15,5,0.05,0.005,0.1,30,,,,-1,two_stage,2,0.5,"__confirm_cooldown=200,divergence=0.3,error_rate=0.5,teacher_entropy=0.2",3,0,200,0.0,0,10000,10.0,25.0,200,500,0,0,1.0,0.7896262886597938,0.4721995677421033,0.16666666666666666,0.43337157368659973,0.00801014807075262,0,0,18,18,-1,weighted,,,0,0,0,0.0,0.000169314444065094,0,0.0,0.0,0.0,0.0,0,none,0,1,0,overconfident,0.95,0,mild_drift,0.9611582661319164,0.001285080645126331,0.8059475806597279,0.8577671371007072,1768042047.7847626,0.4340956211090088,0.11490219831466675
98,6272,6271,sea_abrupt4,sea,ts_drift_adapt,3,"error_divergence_ph_meta@error.threshold=0.10,error.min_instances=5",error_divergence_ph_meta,"{""divergence"": {""alpha"": 0.1, ""delta"": 0.005, ""min_instances"": 30, ""threshold"": 0.05}, ""error_rate"": {""alpha"": 0.15, ""delta"": 0.005, ""min_instances"": 5, ""threshold"": 0.1}}","{""error_rate"": {""min_instances"": 5, ""threshold"": 0.1}}",0.1,0.005,0.15,5,0.05,0.005,0.1,30,,,,-1,two_stage,2,0.5,"__confirm_cooldown=200,divergence=0.3,error_rate=0.5,teacher_entropy=0.2",3,0,200,0.0,0,10000,10.0,25.0,200,500,0,0,1.0,0.7893813775510204,0.4726430098837682,0.16666666666666666,0.43396052718162537,0.006397376302629709,1,1,19,19,0,weighted,,,0,0,0,0.0,0.0016127717681229115,1,0.5,0.0,0.0,0.0,0,none,1,1,0,overconfident,0.95,0,stable,0.9755791330659582,0.0010425403225631654,0.902973790329864,0.9013835685503536,1768042047.796057,0.21385067701339722,0.10013633966445923
99,6336,6335,sea_abrupt4,sea,ts_drift_adapt,3,"error_divergence_ph_meta@error.threshold=0.10,error.min_instances=5",error_divergence_ph_meta,"{""divergence"": {""alpha"": 0.1, ""delta"": 0.005, ""min_instances"": 30, ""threshold"": 0.05}, ""error_rate"": {""alpha"": 0.15, ""delta"": 0.005, ""min_instances"": 5, ""threshold"": 0.1}}","{""error_rate"": {""min_instances"": 5, ""threshold"": 0.1}}",0.1,0.005,0.15,5,0.05,0.005,0.1,30,,,,-1,two_stage,2,0.5,"__confirm_cooldown=200,divergence=0.3,error_rate=0.5,teacher_entropy=0.2",3,0,200,0.0,0,10000,10.0,25.0,200,500,1,136,1.0,0.789614898989899,0.473508380715714,0.0,0.40295588970184326,0.008065070025622845,0,0,19,19,-1,weighted,,,0,0,0,0.0,0.16666666666666666,0,0.0,0.0,0.0,0.0,0,none,0,1,0,overconfident,0.95,0,mild_drift,0.9679395665329791,0.0011712701612815828,0.851486895164932,0.8781917842751767,1768042047.807375,0.2308633178472519,0.09745911508798599
100,6400,6399,sea_abrupt4,sea,ts_drift_adapt,3,"error_divergence_ph_meta@error.threshold=0.10,error.min_instances=5",error_divergence_ph_meta,"{""divergence"": {""alpha"": 0.1, ""delta"": 0.005, ""min_instances"": 30, ""threshold"": 0.05}, ""error_rate"": {""alpha"": 0.15, ""delta"": 0.005, ""min_instances"": 5, ""threshold"": 0.1}}","{""error_rate"": {""min_instances"": 5, ""threshold"": 0.1}}",0.1,0.005,0.15,5,0.05,0.005,0.1,30,,,,-1,two_stage,2,0.5,"__confirm_cooldown=200,divergence=0.3,error_rate=0.5,teacher_entropy=0.2",3,0,200,0.0,0,10000,10.0,25.0,200,500,1,72,1.0,0.78984375,0.47374187136607976,0.16666666666666666,0.4150227904319763,0.0066132512874901295,0,0,19,19,-1,weighted,,,0,0,0,0.0,0.16666666666666666,0,0.0,0.0,0.0,0.0,0,none,0,1,0,overconfident,0.95,0,mild_drift,0.9641197832664895,0.0012356350806407915,0.8257434475824661,0.8665958921375884,1768042047.8186653,0.16750212013721466,0.11398160457611084
101,6464,6463,sea_abrupt4,sea,ts_drift_adapt,3,"error_divergence_ph_meta@error.threshold=0.10,error.min_instances=5",error_divergence_ph_meta,"{""divergence"": {""alpha"": 0.1, ""delta"": 0.005, ""min_instances"": 30, ""threshold"": 0.05}, ""error_rate"": {""alpha"": 0.15, ""delta"": 0.005, ""min_instances"": 5, ""threshold"": 0.1}}","{""error_rate"": {""min_instances"": 5, ""threshold"": 0.1}}",0.1,0.005,0.15,5,0.05,0.005,0.1,30,,,,-1,two_stage,2,0.5,"__confirm_cooldown=200,divergence=0.3,error_rate=0.5,teacher_entropy=0.2",3,0,200,0.0,0,10000,10.0,25.0,200,500,1,8,1.0,0.7903774752475248,0.4752357769910223,0.16666666666666666,0.4022009074687958,0.008658555336296558,0,0,19,19,-1,weighted,,,0,0,0,0.0,0.002045304048806429,0,0.0,0.0,0.0,0.0,0,none,0,1,0,overconfident,0.95,0,mild_drift,0.9622098916332447,0.0012678175403203957,0.8128717237912331,0.8607979460687942,1768042047.8303654,0.34141433238983154,0.12208110094070435
102,6528,6527,sea_abrupt4,sea,ts_drift_adapt,3,"error_divergence_ph_meta@error.threshold=0.10,error.min_instances=5",error_divergence_ph_meta,"{""divergence"": {""alpha"": 0.1, ""delta"": 0.005, ""min_instances"": 30, ""threshold"": 0.05}, ""error_rate"": {""alpha"": 0.15, ""delta"": 0.005, ""min_instances"": 5, ""threshold"": 0.1}}","{""error_rate"": {""min_instances"": 5, ""threshold"": 0.1}}",0.1,0.005,0.15,5,0.05,0.005,0.1,30,,,,-1,two_stage,2,0.5,"__confirm_cooldown=200,divergence=0.3,error_rate=0.5,teacher_entropy=0.2",3,0,200,0.0,0,10000,10.0,25.0,200,500,0,0,1.0,0.7909007352941176,0.4752774974772957,0.16666666666666666,0.3926265239715576,0.007350458297878504,0,0,19,19,-1,weighted,,,0,0,0,0.0,0.0013080970384180546,0,0.0,0.0,0.0,0.0,0,none,0,1,0,overconfident,0.95,0,mild_drift,0.9612549458166223,0.001283908770160198,0.8064358618956166,0.8578989730343971,1768042047.8422194,0.2574077248573303,0.13470585644245148
103,6592,6591,sea_abrupt4,sea,ts_drift_adapt,3,"error_divergence_ph_meta@error.threshold=0.10,error.min_instances=5",error_divergence_ph_meta,"{""divergence"": {""alpha"": 0.1, ""delta"": 0.005, ""min_instances"": 30, ""threshold"": 0.05}, ""error_rate"": {""alpha"": 0.15, ""delta"": 0.005, ""min_instances"": 5, ""threshold"": 0.1}}","{""error_rate"": {""min_instances"": 5, ""threshold"": 0.1}}",0.1,0.005,0.15,5,0.05,0.005,0.1,30,,,,-1,two_stage,2,0.5,"__confirm_cooldown=200,divergence=0.3,error_rate=0.5,teacher_entropy=0.2",3,0,200,0.0,0,10000,10.0,25.0,200,500,0,0,1.0,0.7920206310679612,0.47778912869630324,0.0,0.41331735253334045,0.007571130990982056,1,1,20,20,0,weighted,,,0,0,0,0.16666666666666666,0.16666666666666666,1,0.5,0.0,0.0,0.0,0,none,1,1,0,overconfident,0.95,0,severe_drift,0.9261274729083111,0.001641954385080099,0.6532179309478083,0.8339494865171986,1768042047.8549545,0.18285982310771942,0.10851816087961197
104,6656,6655,sea_abrupt4,sea,ts_drift_adapt,3,"error_divergence_ph_meta@error.threshold=0.10,error.min_instances=5",error_divergence_ph_meta,"{""divergence"": {""alpha"": 0.1, ""delta"": 0.005, ""min_instances"": 30, ""threshold"": 0.05}, ""error_rate"": {""alpha"": 0.15, ""delta"": 0.005, ""min_instances"": 5, ""threshold"": 0.1}}","{""error_rate"": {""min_instances"": 5, ""threshold"": 0.1}}",0.1,0.005,0.15,5,0.05,0.005,0.1,30,,,,-1,two_stage,2,0.5,"__confirm_cooldown=200,divergence=0.3,error_rate=0.5,teacher_entropy=0.2",3,0,200,0.0,0,10000,10.0,25.0,200,500,1,136,1.0,0.7916165865384616,0.47768025259986674,0.16666666666666666,0.4262937009334564,0.011205858550965786,0,0,20,20,-1,weighted,,,0,0,0,0.0,0.16666666666666666,0,0.0,0.0,0.0,0.0,0,none,0,1,0,overconfident,0.95,0,mild_drift,0.9432137364541555,0.0014709771925400495,0.7266089654739042,0.8444747432585993,1768042047.8690305,0.2853727638721466,0.15836399793624878
105,6720,6719,sea_abrupt4,sea,ts_drift_adapt,3,"error_divergence_ph_meta@error.threshold=0.10,error.min_instances=5",error_divergence_ph_meta,"{""divergence"": {""alpha"": 0.1, ""delta"": 0.005, ""min_instances"": 30, ""threshold"": 0.05}, ""error_rate"": {""alpha"": 0.15, ""delta"": 0.005, ""min_instances"": 5, ""threshold"": 0.1}}","{""error_rate"": {""min_instances"": 5, ""threshold"": 0.1}}",0.1,0.005,0.15,5,0.05,0.005,0.1,30,,,,-1,two_stage,2,0.5,"__confirm_cooldown=200,divergence=0.3,error_rate=0.5,teacher_entropy=0.2",3,0,200,0.0,0,10000,10.0,25.0,200,500,1,72,1.0,0.7916666666666666,0.4778554778554776,0.3333333333333333,0.38821157813072205,0.007190485019236803,0,0,20,20,-1,weighted,,,0,0,0,0.0,0.16666666666666666,0,0.0,0.0,0.0,0.0,0,none,0,1,0,overconfident,0.95,0,mild_drift,0.9517568682270777,0.001385488596270025,0.7633044827369522,0.8497373716292996,1768042047.8830094,0.9617301821708679,0.11160899698734283
106,6784,6783,sea_abrupt4,sea,ts_drift_adapt,3,"error_divergence_ph_meta@error.threshold=0.10,error.min_instances=5",error_divergence_ph_meta,"{""divergence"": {""alpha"": 0.1, ""delta"": 0.005, ""min_instances"": 30, ""threshold"": 0.05}, ""error_rate"": {""alpha"": 0.15, ""delta"": 0.005, ""min_instances"": 5, ""threshold"": 0.1}}","{""error_rate"": {""min_instances"": 5, ""threshold"": 0.1}}",0.1,0.005,0.15,5,0.05,0.005,0.1,30,,,,-1,two_stage,2,0.5,"__confirm_cooldown=200,divergence=0.3,error_rate=0.5,teacher_entropy=0.2",3,0,200,0.0,0,10000,10.0,25.0,200,500,1,8,1.0,0.7920106132075472,0.4794680736288557,0.16666666666666666,0.4473247528076172,0.009674153290688992,0,0,20,20,-1,weighted,,,0,0,0,0.0,0.16666666666666666,0,0.0,0.0,0.0,0.0,0,none,0,1,0,overconfident,0.95,0,mild_drift,0.9560284341135388,0.0013427442981350127,0.7816522413684761,0.8523686858146498,1768042047.896412,0.3348972499370575,0.10207003355026245
107,6848,6847,sea_abrupt4,sea,ts_drift_adapt,3,"error_divergence_ph_meta@error.threshold=0.10,error.min_instances=5",error_divergence_ph_meta,"{""divergence"": {""alpha"": 0.1, ""delta"": 0.005, ""min_instances"": 30, ""threshold"": 0.05}, ""error_rate"": {""alpha"": 0.15, ""delta"": 0.005, ""min_instances"": 5, ""threshold"": 0.1}}","{""error_rate"": {""min_instances"": 5, ""threshold"": 0.1}}",0.1,0.005,0.15,5,0.05,0.005,0.1,30,,,,-1,two_stage,2,0.5,"__confirm_cooldown=200,divergence=0.3,error_rate=0.5,teacher_entropy=0.2",3,0,200,0.0,0,10000,10.0,25.0,200,500,0,0,1.0,0.7924941588785047,0.4823363586300113,0.16666666666666666,0.42626482248306274,0.013020380400121212,0,0,20,20,-1,weighted,,,0,0,0,0.0,0.0033462271094322205,0,0.0,0.0,0.0,0.0,0,none,0,1,0,overconfident,0.95,0,mild_drift,0.9581642170567694,0.0013213721490675065,0.7908261206842381,0.8536843429073249,1768042047.9075334,0.3182935416698456,0.12298732995986938
108,6912,6911,sea_abrupt4,sea,ts_drift_adapt,3,"error_divergence_ph_meta@error.threshold=0.10,error.min_instances=5",error_divergence_ph_meta,"{""divergence"": {""alpha"": 0.1, ""delta"": 0.005, ""min_instances"": 30, ""threshold"": 0.05}, ""error_rate"": {""alpha"": 0.15, ""delta"": 0.005, ""min_instances"": 5, ""threshold"": 0.1}}","{""error_rate"": {""min_instances"": 5, ""threshold"": 0.1}}",0.1,0.005,0.15,5,0.05,0.005,0.1,30,,,,-1,two_stage,2,0.5,"__confirm_cooldown=200,divergence=0.3,error_rate=0.5,teacher_entropy=0.2",3,0,200,0.0,0,10000,10.0,25.0,200,500,0,0,1.0,0.79296875,0.4831381245956738,0.3333333333333333,0.3794052302837372,0.008257054723799229,1,1,21,21,0,weighted,,,0,0,0,0.3333333333333333,0.16666666666666666,1,0.5,0.0,0.0,0.0,0,none,1,1,0,overconfident,0.95,0,severe_drift,0.9245821085283847,0.0016606860745337533,0.6454130603421191,0.8318421714536625,1768042047.918661,0.8055658340454102,0.1046554446220398
109,6976,6975,sea_abrupt4,sea,ts_drift_adapt,3,"error_divergence_ph_meta@error.threshold=0.10,error.min_instances=5",error_divergence_ph_meta,"{""divergence"": {""alpha"": 0.1, ""delta"": 0.005, ""min_instances"": 30, ""threshold"": 0.05}, ""error_rate"": {""alpha"": 0.15, ""delta"": 0.005, ""min_instances"": 5, ""threshold"": 0.1}}","{""error_rate"": {""min_instances"": 5, ""threshold"": 0.1}}",0.1,0.005,0.15,5,0.05,0.005,0.1,30,,,,-1,two_stage,2,0.5,"__confirm_cooldown=200,divergence=0.3,error_rate=0.5,teacher_entropy=0.2",3,0,200,0.0,0,10000,10.0,25.0,200,500,1,136,1.0,0.7931479357798165,0.4842453103186514,0.0,0.3886721730232239,0.007618001662194729,0,0,21,21,-1,weighted,,,0,0,0,0.0,0.3333333333333333,0,0.0,0.0,0.0,0.0,0,none,0,1,0,overconfident,0.95,0,mild_drift,0.9424410542641923,0.0014803430372668767,0.7227065301710596,0.8434210857268312,1768042047.929873,0.07339895516633987,0.11934107542037964
110,7040,7039,sea_abrupt4,sea,ts_drift_adapt,3,"error_divergence_ph_meta@error.threshold=0.10,error.min_instances=5",error_divergence_ph_meta,"{""divergence"": {""alpha"": 0.1, ""delta"": 0.005, ""min_instances"": 30, ""threshold"": 0.05}, ""error_rate"": {""alpha"": 0.15, ""delta"": 0.005, ""min_instances"": 5, ""threshold"": 0.1}}","{""error_rate"": {""min_instances"": 5, ""threshold"": 0.1}}",0.1,0.005,0.15,5,0.05,0.005,0.1,30,,,,-1,two_stage,2,0.5,"__confirm_cooldown=200,divergence=0.3,error_rate=0.5,teacher_entropy=0.2",3,0,200,0.0,0,10000,10.0,25.0,200,500,1,72,1.0,0.7938920454545455,0.4863243637487124,0.3333333333333333,0.38260531425476074,0.007940808311104774,0,0,21,21,-1,weighted,,,0,0,0,0.0,0.3333333333333333,0,0.0,0.0,0.0,0.0,0,none,0,1,0,overconfident,0.95,0,mild_drift,0.9513705271320961,0.0013901715186334384,0.7613532650855298,0.8492105428634156,1768042047.9409347,0.7138066291809082,0.12310311198234558
111,7104,7103,sea_abrupt4,sea,ts_drift_adapt,3,"error_divergence_ph_meta@error.threshold=0.10,error.min_instances=5",error_divergence_ph_meta,"{""divergence"": {""alpha"": 0.1, ""delta"": 0.005, ""min_instances"": 30, ""threshold"": 0.05}, ""error_rate"": {""alpha"": 0.15, ""delta"": 0.005, ""min_instances"": 5, ""threshold"": 0.1}}","{""error_rate"": {""min_instances"": 5, ""threshold"": 0.1}}",0.1,0.005,0.15,5,0.05,0.005,0.1,30,,,,-1,two_stage,2,0.5,"__confirm_cooldown=200,divergence=0.3,error_rate=0.5,teacher_entropy=0.2",3,0,200,0.0,0,10000,10.0,25.0,200,500,1,8,1.0,0.7944819819819819,0.48837374036234066,0.0,0.3520147204399109,0.0056747556664049625,0,0,21,21,-1,weighted,,,0,0,0,0.0,0.3333333333333333,0,0.0,0.0,0.0,0.0,0,none,0,1,0,overconfident,0.95,0,mild_drift,0.9558352635660481,0.0013450857593167193,0.780676632542765,0.8521052714317078,1768042047.9521916,0.17417144775390625,0.0977848470211029
112,7168,7167,sea_abrupt4,sea,ts_drift_adapt,3,"error_divergence_ph_meta@error.threshold=0.10,error.min_instances=5",error_divergence_ph_meta,"{""divergence"": {""alpha"": 0.1, ""delta"": 0.005, ""min_instances"": 30, ""threshold"": 0.05}, ""error_rate"": {""alpha"": 0.15, ""delta"": 0.005, ""min_instances"": 5, ""threshold"": 0.1}}","{""error_rate"": {""min_instances"": 5, ""threshold"": 0.1}}",0.1,0.005,0.15,5,0.05,0.005,0.1,30,,,,-1,two_stage,2,0.5,"__confirm_cooldown=200,divergence=0.3,error_rate=0.5,teacher_entropy=0.2",3,0,200,0.0,0,10000,10.0,25.0,200,500,0,0,1.0,0.794921875,0.49034525382760036,0.0,0.42749494314193726,0.008243653923273087,0,0,21,21,-1,weighted,,,0,0,0,0.0,0.002568898256868124,0,0.0,0.0,0.0,0.0,0,none,0,1,0,overconfident,0.95,0,mild_drift,0.958067631783024,0.0013225428796583597,0.7903383162713825,0.8535526357158538,1768042047.9634466,0.28248438239097595,0.13912340998649597
113,7232,7231,sea_abrupt4,sea,ts_drift_adapt,3,"error_divergence_ph_meta@error.threshold=0.10,error.min_instances=5",error_divergence_ph_meta,"{""divergence"": {""alpha"": 0.1, ""delta"": 0.005, ""min_instances"": 30, ""threshold"": 0.05}, ""error_rate"": {""alpha"": 0.15, ""delta"": 0.005, ""min_instances"": 5, ""threshold"": 0.1}}","{""error_rate"": {""min_instances"": 5, ""threshold"": 0.1}}",0.1,0.005,0.15,5,0.05,0.005,0.1,30,,,,-1,two_stage,2,0.5,"__confirm_cooldown=200,divergence=0.3,error_rate=0.5,teacher_entropy=0.2",3,0,200,0.0,0,10000,10.0,25.0,200,500,0,0,1.0,0.7957688053097345,0.4923417327232498,0.16666666666666666,0.404152512550354,0.007907548919320107,1,1,22,22,0,weighted,,,0,0,0,0.16666666666666666,0.16666666666666666,1,0.5,0.0,0.0,0.0,0,none,1,1,0,overconfident,0.95,0,severe_drift,0.924533815891512,0.0016612714398291798,0.6451691581356913,0.8317763178579269,1768042047.9748902,0.22670988738536835,0.11207945644855499
114,7296,7295,sea_abrupt4,sea,ts_drift_adapt,3,"error_divergence_ph_meta@error.threshold=0.10,error.min_instances=5",error_divergence_ph_meta,"{""divergence"": {""alpha"": 0.1, ""delta"": 0.005, ""min_instances"": 30, ""threshold"": 0.05}, ""error_rate"": {""alpha"": 0.15, ""delta"": 0.005, ""min_instances"": 5, ""threshold"": 0.1}}","{""error_rate"": {""min_instances"": 5, ""threshold"": 0.1}}",0.1,0.005,0.15,5,0.05,0.005,0.1,30,,,,-1,two_stage,2,0.5,"__confirm_cooldown=200,divergence=0.3,error_rate=0.5,teacher_entropy=0.2",3,0,200,0.0,0,10000,10.0,25.0,200,500,1,136,1.0,0.7959155701754386,0.4919700000841748,0.3333333333333333,0.410198450088501,0.0055974810384213924,0,0,22,22,-1,weighted,,,0,0,0,0.0,0.16666666666666666,0,0.0,0.0,0.0,0.0,0,none,0,1,0,overconfident,0.95,0,mild_drift,0.9424169079457559,0.0014806357199145899,0.7225845790678457,0.8433881589289635,1768042047.9861128,0.6207570433616638,0.1040821224451065
115,7360,7359,sea_abrupt4,sea,ts_drift_adapt,3,"error_divergence_ph_meta@error.threshold=0.10,error.min_instances=5",error_divergence_ph_meta,"{""divergence"": {""alpha"": 0.1, ""delta"": 0.005, ""min_instances"": 30, ""threshold"": 0.05}, ""error_rate"": {""alpha"": 0.15, ""delta"": 0.005, ""min_instances"": 5, ""threshold"": 0.1}}","{""error_rate"": {""min_instances"": 5, ""threshold"": 0.1}}",0.1,0.005,0.15,5,0.05,0.005,0.1,30,,,,-1,two_stage,2,0.5,"__confirm_cooldown=200,divergence=0.3,error_rate=0.5,teacher_entropy=0.2",3,0,200,0.0,0,10000,10.0,25.0,200,500,1,72,1.0,0.7960597826086957,0.49312132023667965,0.0,0.38691216707229614,0.005755113437771797,0,0,22,22,-1,weighted,,,0,0,0,0.0,0.3333333333333333,0,0.0,0.0,0.0,0.0,0,none,0,1,0,overconfident,0.95,0,mild_drift,0.9513584539728779,0.001390317859957295,0.7612922895339229,0.8491940794644817,1768042047.9975278,0.171120285987854,0.11203727126121521
116,7424,7423,sea_abrupt4,sea,ts_drift_adapt,3,"error_divergence_ph_meta@error.threshold=0.10,error.min_instances=5",error_divergence_ph_meta,"{""divergence"": {""alpha"": 0.1, ""delta"": 0.005, ""min_instances"": 30, ""threshold"": 0.05}, ""error_rate"": {""alpha"": 0.15, ""delta"": 0.005, ""min_instances"": 5, ""threshold"": 0.1}}","{""error_rate"": {""min_instances"": 5, ""threshold"": 0.1}}",0.1,0.005,0.15,5,0.05,0.005,0.1,30,,,,-1,two_stage,2,0.5,"__confirm_cooldown=200,divergence=0.3,error_rate=0.5,teacher_entropy=0.2",3,0,200,0.0,0,10000,10.0,25.0,200,500,1,8,1.0,0.7962015086206896,0.49308456617562374,0.16666666666666666,0.33051741123199463,0.004998952616006136,0,0,22,22,-1,weighted,,,0,0,0,0.0,0.16666666666666666,0,0.0,0.0,0.0,0.0,0,none,0,1,0,overconfident,0.95,0,mild_drift,0.9558292269864389,0.0013451589299786474,0.7806461447669615,0.8520970397322408,1768042048.0087123,0.6724308133125305,0.11214037239551544
117,7488,7487,sea_abrupt4,sea,ts_drift_adapt,3,"error_divergence_ph_meta@error.threshold=0.10,error.min_instances=5",error_divergence_ph_meta,"{""divergence"": {""alpha"": 0.1, ""delta"": 0.005, ""min_instances"": 30, ""threshold"": 0.05}, ""error_rate"": {""alpha"": 0.15, ""delta"": 0.005, ""min_instances"": 5, ""threshold"": 0.1}}","{""error_rate"": {""min_instances"": 5, ""threshold"": 0.1}}",0.1,0.005,0.15,5,0.05,0.005,0.1,30,,,,-1,two_stage,2,0.5,"__confirm_cooldown=200,divergence=0.3,error_rate=0.5,teacher_entropy=0.2",3,0,200,0.0,0,10000,10.0,25.0,200,500,0,0,1.0,0.796340811965812,0.4931027851825074,0.16666666666666666,0.3824008107185364,0.013757765293121338,0,0,22,22,-1,weighted,,,0,0,0,0.0,0.008758812677115202,0,0.0,0.0,0.0,0.0,0,none,0,1,0,overconfident,0.95,0,mild_drift,0.9580646134932194,0.001322579464989324,0.7903230723834808,0.8535485198661203,1768042048.0200477,0.3485053777694702,0.13987146317958832
118,7552,7551,sea_abrupt4,sea,ts_drift_adapt,3,"error_divergence_ph_meta@error.threshold=0.10,error.min_instances=5",error_divergence_ph_meta,"{""divergence"": {""alpha"": 0.1, ""delta"": 0.005, ""min_instances"": 30, ""threshold"": 0.05}, ""error_rate"": {""alpha"": 0.15, ""delta"": 0.005, ""min_instances"": 5, ""threshold"": 0.1}}","{""error_rate"": {""min_instances"": 5, ""threshold"": 0.1}}",0.1,0.005,0.15,5,0.05,0.005,0.1,30,,,,-1,two_stage,2,0.5,"__confirm_cooldown=200,divergence=0.3,error_rate=0.5,teacher_entropy=0.2",3,0,200,0.0,0,10000,10.0,25.0,200,500,0,0,1.0,0.7963453389830508,0.49355021899256435,0.16666666666666666,0.4137938916683197,0.008858255110681057,1,1,23,23,0,weighted,,,0,0,0,0.0,0.004899510182440281,1,0.5,0.0,0.0,0.0,0,none,1,1,0,overconfident,0.95,0,stable,0.9740323067466097,0.001061289732494662,0.8951615361917404,0.8992742599330602,1768042048.031709,0.36166951060295105,0.1424669623374939
119,7616,7615,sea_abrupt4,sea,ts_drift_adapt,3,"error_divergence_ph_meta@error.threshold=0.10,error.min_instances=5",error_divergence_ph_meta,"{""divergence"": {""alpha"": 0.1, ""delta"": 0.005, ""min_instances"": 30, ""threshold"": 0.05}, ""error_rate"": {""alpha"": 0.15, ""delta"": 0.005, ""min_instances"": 5, ""threshold"": 0.1}}","{""error_rate"": {""min_instances"": 5, ""threshold"": 0.1}}",0.1,0.005,0.15,5,0.05,0.005,0.1,30,,,,-1,two_stage,2,0.5,"__confirm_cooldown=200,divergence=0.3,error_rate=0.5,teacher_entropy=0.2",3,0,200,0.0,0,10000,10.0,25.0,200,500,1,136,1.0,0.7963497899159664,0.4937187678512282,0.0,0.41559818387031555,0.011418758891522884,0,0,23,23,-1,weighted,,,0,0,0,0.0,0.16666666666666666,0,0.0,0.0,0.0,0.0,0,none,0,1,0,overconfident,0.95,0,mild_drift,0.9671661533733048,0.001180644866247331,0.8475807680958702,0.87713712996653,1768042048.0432985,0.13653133809566498,0.12992368638515472
120,7680,7679,sea_abrupt4,sea,ts_drift_adapt,3,"error_divergence_ph_meta@error.threshold=0.10,error.min_instances=5",error_divergence_ph_meta,"{""divergence"": {""alpha"": 0.1, ""delta"": 0.005, ""min_instances"": 30, ""threshold"": 0.05}, ""error_rate"": {""alpha"": 0.15, ""delta"": 0.005, ""min_instances"": 5, ""threshold"": 0.1}}","{""error_rate"": {""min_instances"": 5, ""threshold"": 0.1}}",0.1,0.005,0.15,5,0.05,0.005,0.1,30,,,,-1,two_stage,2,0.5,"__confirm_cooldown=200,divergence=0.3,error_rate=0.5,teacher_entropy=0.2",3,0,200,0.0,0,10000,10.0,25.0,200,500,1,72,1.0,0.7970052083333333,0.4955892198642752,0.16666666666666666,0.34113961458206177,0.009756149724125862,0,0,23,23,-1,weighted,,,0,0,0,0.0,0.16666666666666666,0,0.0,0.0,0.0,0.0,0,none,0,1,0,overconfident,0.95,0,mild_drift,0.9637330766866523,0.0012403224331236657,0.8237903840479351,0.866068564983265,1768042048.0547583,0.31309792399406433,0.10012458264827728
121,7744,7743,sea_abrupt4,sea,ts_drift_adapt,3,"error_divergence_ph_meta@error.threshold=0.10,error.min_instances=5",error_divergence_ph_meta,"{""divergence"": {""alpha"": 0.1, ""delta"": 0.005, ""min_instances"": 30, ""threshold"": 0.05}, ""error_rate"": {""alpha"": 0.15, ""delta"": 0.005, ""min_instances"": 5, ""threshold"": 0.1}}","{""error_rate"": {""min_instances"": 5, ""threshold"": 0.1}}",0.1,0.005,0.15,5,0.05,0.005,0.1,30,,,,-1,two_stage,2,0.5,"__confirm_cooldown=200,divergence=0.3,error_rate=0.5,teacher_entropy=0.2",3,0,200,0.0,0,10000,10.0,25.0,200,500,1,8,1.0,0.79713326446281,0.4956812679401364,0.3333333333333333,0.38496285676956177,0.009868326596915722,0,0,23,23,-1,weighted,,,0,0,0,0.0,0.16666666666666666,0,0.0,0.0,0.0,0.0,0,none,0,1,0,overconfident,0.95,0,mild_drift,0.9620165383433261,0.0012701612165618328,0.8118951920239676,0.8605342824916324,1768042048.0659451,0.3671940863132477,0.11337320506572723
122,7808,7807,sea_abrupt4,sea,ts_drift_adapt,3,"error_divergence_ph_meta@error.threshold=0.10,error.min_instances=5",error_divergence_ph_meta,"{""divergence"": {""alpha"": 0.1, ""delta"": 0.005, ""min_instances"": 30, ""threshold"": 0.05}, ""error_rate"": {""alpha"": 0.15, ""delta"": 0.005, ""min_instances"": 5, ""threshold"": 0.1}}","{""error_rate"": {""min_instances"": 5, ""threshold"": 0.1}}",0.1,0.005,0.15,5,0.05,0.005,0.1,30,,,,-1,two_stage,2,0.5,"__confirm_cooldown=200,divergence=0.3,error_rate=0.5,teacher_entropy=0.2",3,0,200,0.0,0,10000,10.0,25.0,200,500,0,0,1.0,0.7966188524590164,0.49573290067343234,0.0,0.3658987283706665,0.008046966046094894,0,0,23,23,-1,weighted,,,0,0,0,0.0,0.3333333333333333,0,0.0,0.0,0.0,0.0,0,none,0,1,0,overconfident,0.95,0,mild_drift,0.961158269171663,0.0012850806082809166,0.8059475960119838,0.8577671412458162,1768042048.0800238,0.21813805401325226,0.11759669333696365
123,7872,7871,sea_abrupt4,sea,ts_drift_adapt,3,"error_divergence_ph_meta@error.threshold=0.10,error.min_instances=5",error_divergence_ph_meta,"{""divergence"": {""alpha"": 0.1, ""delta"": 0.005, ""min_instances"": 30, ""threshold"": 0.05}, ""error_rate"": {""alpha"": 0.15, ""delta"": 0.005, ""min_instances"": 5, ""threshold"": 0.1}}","{""error_rate"": {""min_instances"": 5, ""threshold"": 0.1}}",0.1,0.005,0.15,5,0.05,0.005,0.1,30,,,,-1,two_stage,2,0.5,"__confirm_cooldown=200,divergence=0.3,error_rate=0.5,teacher_entropy=0.2",3,0,200,0.0,0,10000,10.0,25.0,200,500,0,0,1.0,0.7976371951219512,0.4983695936536799,0.0,0.3448449969291687,0.006795481313019991,1,1,24,24,0,weighted,,,0,0,0,0.16666666666666666,0.0012514847330749035,1,0.5,0.0,0.0,0.0,0,none,1,1,0,overconfident,0.95,0,severe_drift,0.9260791345858315,0.0016425403041404583,0.652973798005992,0.8338835706229082,1768042048.094306,0.07455670833587646,0.08458171784877777
124,7936,7935,sea_abrupt4,sea,ts_drift_adapt,3,"error_divergence_ph_meta@error.threshold=0.10,error.min_instances=5",error_divergence_ph_meta,"{""divergence"": {""alpha"": 0.1, ""delta"": 0.005, ""min_instances"": 30, ""threshold"": 0.05}, ""error_rate"": {""alpha"": 0.15, ""delta"": 0.005, ""min_instances"": 5, ""threshold"": 0.1}}","{""error_rate"": {""min_instances"": 5, ""threshold"": 0.1}}",0.1,0.005,0.15,5,0.05,0.005,0.1,30,,,,-1,two_stage,2,0.5,"__confirm_cooldown=200,divergence=0.3,error_rate=0.5,teacher_entropy=0.2",3,0,200,0.0,0,10000,10.0,25.0,200,500,1,136,1.0,0.7981350806451613,0.4997653749448454,0.0,0.3943351209163666,0.006638184655457735,0,0,24,24,-1,weighted,,,0,0,0,0.0,0.00015729665756225586,0,0.0,0.0,0.0,0.0,0,none,0,1,0,overconfident,0.95,0,mild_drift,0.9431895672929157,0.0014712701520702292,0.726486899002996,0.8444417853114541,1768042048.1088238,0.06364666670560837,0.09536713361740112
125,8000,7999,sea_abrupt4,sea,ts_drift_adapt,3,"error_divergence_ph_meta@error.threshold=0.10,error.min_instances=5",error_divergence_ph_meta,"{""divergence"": {""alpha"": 0.1, ""delta"": 0.005, ""min_instances"": 30, ""threshold"": 0.05}, ""error_rate"": {""alpha"": 0.15, ""delta"": 0.005, ""min_instances"": 5, ""threshold"": 0.1}}","{""error_rate"": {""min_instances"": 5, ""threshold"": 0.1}}",0.1,0.005,0.15,5,0.05,0.005,0.1,30,,,,-1,two_stage,2,0.5,"__confirm_cooldown=200,divergence=0.3,error_rate=0.5,teacher_entropy=0.2",3,0,200,0.0,0,10000,10.0,25.0,200,500,1,72,1.0,0.798375,0.500216118572409,0.0,0.3560113310813904,0.007555280812084675,0,0,24,24,-1,weighted,,,0,0,0,0.0,0.0009170961566269398,0,0.0,0.0,0.0,0.0,0,none,0,1,0,overconfident,0.95,0,mild_drift,0.9517447836464579,0.0013856350760351147,0.763243449501498,0.849720892655727,1768042048.120844,0.12581418454647064,0.11368312686681747
126,8064,8063,sea_abrupt4,sea,ts_drift_adapt,3,"error_divergence_ph_meta@error.threshold=0.10,error.min_instances=5",error_divergence_ph_meta,"{""divergence"": {""alpha"": 0.1, ""delta"": 0.005, ""min_instances"": 30, ""threshold"": 0.05}, ""error_rate"": {""alpha"": 0.15, ""delta"": 0.005, ""min_instances"": 5, ""threshold"": 0.1}}","{""error_rate"": {""min_instances"": 5, ""threshold"": 0.1}}",0.1,0.005,0.15,5,0.05,0.005,0.1,30,,,,-1,two_stage,2,0.5,"__confirm_cooldown=200,divergence=0.3,error_rate=0.5,teacher_entropy=0.2",3,0,200,0.0,0,10000,10.0,25.0,200,500,1,8,1.0,0.798859126984127,0.5019083132265849,0.5,0.3228359520435333,0.007840033620595932,0,0,24,24,-1,weighted,,,0,0,0,0.0,0.5,0,0.0,0.0,0.0,0.0,0,none,0,1,0,overconfident,0.95,0,mild_drift,0.9560223918232289,0.0013428175380175574,0.7816217247507491,0.8523604463278636,1768042048.1324282,0.9877011775970459,0.09144540876150131
127,8128,8127,sea_abrupt4,sea,ts_drift_adapt,3,"error_divergence_ph_meta@error.threshold=0.10,error.min_instances=5",error_divergence_ph_meta,"{""divergence"": {""alpha"": 0.1, ""delta"": 0.005, ""min_instances"": 30, ""threshold"": 0.05}, ""error_rate"": {""alpha"": 0.15, ""delta"": 0.005, ""min_instances"": 5, ""threshold"": 0.1}}","{""error_rate"": {""min_instances"": 5, ""threshold"": 0.1}}",0.1,0.005,0.15,5,0.05,0.005,0.1,30,,,,-1,two_stage,2,0.5,"__confirm_cooldown=200,divergence=0.3,error_rate=0.5,teacher_entropy=0.2",3,0,200,0.0,0,10000,10.0,25.0,200,500,0,0,1.0,0.7985974409448819,0.5005720387460911,0.5,0.34719765186309814,0.008007091470062733,0,0,24,24,-1,weighted,,,0,0,0,0.0,0.0001670578494668007,0,0.0,0.0,0.0,0.0,0,none,0,1,0,overconfident,0.95,0,mild_drift,0.9581611959116144,0.0013214087690087788,0.7908108623753746,0.8536802231639318,1768042048.1439013,0.634539783000946,0.09610231220722198
128,8192,8191,sea_abrupt4,sea,ts_drift_adapt,3,"error_divergence_ph_meta@error.threshold=0.10,error.min_instances=5",error_divergence_ph_meta,"{""divergence"": {""alpha"": 0.1, ""delta"": 0.005, ""min_instances"": 30, ""threshold"": 0.05}, ""error_rate"": {""alpha"": 0.15, ""delta"": 0.005, ""min_instances"": 5, ""threshold"": 0.1}}","{""error_rate"": {""min_instances"": 5, ""threshold"": 0.1}}",0.1,0.005,0.15,5,0.05,0.005,0.1,30,,,,-1,two_stage,2,0.5,"__confirm_cooldown=200,divergence=0.3,error_rate=0.5,teacher_entropy=0.2",3,0,200,0.0,0,10000,10.0,25.0,200,500,0,0,1.0,0.7991943359375,0.5020793496006094,0.16666666666666666,0.3671238422393799,0.009581973776221275,1,1,25,25,0,weighted,,,0,0,0,0.16666666666666666,0.33333333333333337,1,0.5,0.0,0.0,0.0,0,none,1,1,0,overconfident,0.95,0,severe_drift,0.9245805979558073,0.0016607043845043895,0.6454054311876873,0.8318401115819659,1768042048.1555922,0.32059386372566223,0.09471850097179413
129,8256,8255,sea_abrupt4,sea,ts_drift_adapt,3,"error_divergence_ph_meta@error.threshold=0.10,error.min_instances=5",error_divergence_ph_meta,"{""divergence"": {""alpha"": 0.1, ""delta"": 0.005, ""min_instances"": 30, ""threshold"": 0.05}, ""error_rate"": {""alpha"": 0.15, ""delta"": 0.005, ""min_instances"": 5, ""threshold"": 0.1}}","{""error_rate"": {""min_instances"": 5, ""threshold"": 0.1}}",0.1,0.005,0.15,5,0.05,0.005,0.1,30,,,,-1,two_stage,2,0.5,"__confirm_cooldown=200,divergence=0.3,error_rate=0.5,teacher_entropy=0.2",3,0,200,0.0,0,10000,10.0,25.0,200,500,1,136,1.0,0.7995397286821705,0.5029376982711692,0.3333333333333333,0.3577078580856323,0.006878086365759373,0,0,25,25,-1,weighted,,,0,0,0,0.0,0.16666666666666666,0,0.0,0.0,0.0,0.0,0,none,0,1,0,overconfident,0.95,0,mild_drift,0.9424402989779036,0.001480352192252195,0.7227027155938437,0.843420055790983,1768042048.1666877,0.933981716632843,0.09024517238140106
130,8320,8319,sea_abrupt4,sea,ts_drift_adapt,3,"error_divergence_ph_meta@error.threshold=0.10,error.min_instances=5",error_divergence_ph_meta,"{""divergence"": {""alpha"": 0.1, ""delta"": 0.005, ""min_instances"": 30, ""threshold"": 0.05}, ""error_rate"": {""alpha"": 0.15, ""delta"": 0.005, ""min_instances"": 5, ""threshold"": 0.1}}","{""error_rate"": {""min_instances"": 5, ""threshold"": 0.1}}",0.1,0.005,0.15,5,0.05,0.005,0.1,30,,,,-1,two_stage,2,0.5,"__confirm_cooldown=200,divergence=0.3,error_rate=0.5,teacher_entropy=0.2",3,0,200,0.0,0,10000,10.0,25.0,200,500,1,72,1.0,0.8,0.503703240600801,0.16666666666666666,0.3182346522808075,0.008188523352146149,0,0,25,25,-1,weighted,,,0,0,0,0.0,0.16666666666666666,0,0.0,0.0,0.0,0.0,0,none,0,1,0,overconfident,0.95,0,mild_drift,0.9513701494889517,0.0013901760961260974,0.7613513577969219,0.8492100278954915,1768042048.17803,0.3106350600719452,0.09510190039873123
131,8384,8383,sea_abrupt4,sea,ts_drift_adapt,3,"error_divergence_ph_meta@error.threshold=0.10,error.min_instances=5",error_divergence_ph_meta,"{""divergence"": {""alpha"": 0.1, ""delta"": 0.005, ""min_instances"": 30, ""threshold"": 0.05}, ""error_rate"": {""alpha"": 0.15, ""delta"": 0.005, ""min_instances"": 5, ""threshold"": 0.1}}","{""error_rate"": {""min_instances"": 5, ""threshold"": 0.1}}",0.1,0.005,0.15,5,0.05,0.005,0.1,30,,,,-1,two_stage,2,0.5,"__confirm_cooldown=200,divergence=0.3,error_rate=0.5,teacher_entropy=0.2",3,0,200,0.0,0,10000,10.0,25.0,200,500,1,8,1.0,0.8008110687022901,0.5067896179406209,0.16666666666666666,0.33188459277153015,0.006949242204427719,0,0,25,25,-1,weighted,,,0,0,0,0.0,0.0012392811477184296,0,0.0,0.0,0.0,0.0,0,none,0,1,0,overconfident,0.95,0,mild_drift,0.9558350747444758,0.0013450880480630487,0.780675678898461,0.8521050139477457,1768042048.18926,0.4060085117816925,0.11242561042308807
132,8448,8447,sea_abrupt4,sea,ts_drift_adapt,3,"error_divergence_ph_meta@error.threshold=0.10,error.min_instances=5",error_divergence_ph_meta,"{""divergence"": {""alpha"": 0.1, ""delta"": 0.005, ""min_instances"": 30, ""threshold"": 0.05}, ""error_rate"": {""alpha"": 0.15, ""delta"": 0.005, ""min_instances"": 5, ""threshold"": 0.1}}","{""error_rate"": {""min_instances"": 5, ""threshold"": 0.1}}",0.1,0.005,0.15,5,0.05,0.005,0.1,30,,,,-1,two_stage,2,0.5,"__confirm_cooldown=200,divergence=0.3,error_rate=0.5,teacher_entropy=0.2",3,0,200,0.0,0,10000,10.0,25.0,200,500,0,0,1.0,0.8013731060606061,0.5079201774907324,0.0,0.35639363527297974,0.008258100599050522,0,0,25,25,-1,weighted,,,0,0,0,0.0,0.16666666666666666,0,0.0,0.0,0.0,0.0,0,none,0,1,0,overconfident,0.95,0,mild_drift,0.9580675373722378,0.0013225440240315243,0.7903378394492305,0.8535525069738729,1768042048.1999297,0.05607665702700615,0.10747011005878448
133,8512,8511,sea_abrupt4,sea,ts_drift_adapt,3,"error_divergence_ph_meta@error.threshold=0.10,error.min_instances=5",error_divergence_ph_meta,"{""divergence"": {""alpha"": 0.1, ""delta"": 0.005, ""min_instances"": 30, ""threshold"": 0.05}, ""error_rate"": {""alpha"": 0.15, ""delta"": 0.005, ""min_instances"": 5, ""threshold"": 0.1}}","{""error_rate"": {""min_instances"": 5, ""threshold"": 0.1}}",0.1,0.005,0.15,5,0.05,0.005,0.1,30,,,,-1,two_stage,2,0.5,"__confirm_cooldown=200,divergence=0.3,error_rate=0.5,teacher_entropy=0.2",3,0,200,0.0,0,10000,10.0,25.0,200,500,0,0,1.0,0.8020441729323309,0.509297628105824,0.3333333333333333,0.3221968710422516,0.0070913503877818584,1,1,26,26,0,weighted,,,0,0,0,0.16666666666666666,0.3333333333333333,1,0.5,0.0,0.0,0.0,0,none,1,1,0,overconfident,0.95,0,severe_drift,0.9245337686861189,0.0016612720120157622,0.6451689197246153,0.8317762534869364,1768042048.2107313,0.9443773627281189,0.10038400441408157
134,8576,8575,sea_abrupt4,sea,ts_drift_adapt,3,"error_divergence_ph_meta@error.threshold=0.10,error.min_instances=5",error_divergence_ph_meta,"{""divergence"": {""alpha"": 0.1, ""delta"": 0.005, ""min_instances"": 30, ""threshold"": 0.05}, ""error_rate"": {""alpha"": 0.15, ""delta"": 0.005, ""min_instances"": 5, ""threshold"": 0.1}}","{""error_rate"": {""min_instances"": 5, ""threshold"": 0.1}}",0.1,0.005,0.15,5,0.05,0.005,0.1,30,,,,-1,two_stage,2,0.5,"__confirm_cooldown=200,divergence=0.3,error_rate=0.5,teacher_entropy=0.2",3,0,200,0.0,0,10000,10.0,25.0,200,500,1,136,1.0,0.8020055970149254,0.5094281983730802,0.16666666666666666,0.39354273676872253,0.011393403634428978,0,0,26,26,-1,weighted,,,0,0,0,0.0,0.16666666666666666,0,0.0,0.0,0.0,0.0,0,none,0,1,0,overconfident,0.95,0,mild_drift,0.9424168843430594,0.0014806360060078813,0.7225844598623077,0.8433881267434682,1768042048.2215798,0.4610471725463867,0.12350039184093475
135,8640,8639,sea_abrupt4,sea,ts_drift_adapt,3,"error_divergence_ph_meta@error.threshold=0.10,error.min_instances=5",error_divergence_ph_meta,"{""divergence"": {""alpha"": 0.1, ""delta"": 0.005, ""min_instances"": 30, ""threshold"": 0.05}, ""error_rate"": {""alpha"": 0.15, ""delta"": 0.005, ""min_instances"": 5, ""threshold"": 0.1}}","{""error_rate"": {""min_instances"": 5, ""threshold"": 0.1}}",0.1,0.005,0.15,5,0.05,0.005,0.1,30,,,,-1,two_stage,2,0.5,"__confirm_cooldown=200,divergence=0.3,error_rate=0.5,teacher_entropy=0.2",3,0,200,0.0,0,10000,10.0,25.0,200,500,1,72,1.0,0.8025462962962963,0.5111425875908333,0.0,0.3317950665950775,0.01015407033264637,0,0,26,26,-1,weighted,,,0,0,0,0.0,0.16666666666666666,0,0.0,0.0,0.0,0.0,0,none,0,1,0,overconfident,0.95,0,mild_drift,0.9513584421715297,0.0013903180030039406,0.7612922299311539,0.8491940633717341,1768042048.2328696,0.08327106386423111,0.14204932749271393
136,8704,8703,sea_abrupt4,sea,ts_drift_adapt,3,"error_divergence_ph_meta@error.threshold=0.10,error.min_instances=5",error_divergence_ph_meta,"{""divergence"": {""alpha"": 0.1, ""delta"": 0.005, ""min_instances"": 30, ""threshold"": 0.05}, ""error_rate"": {""alpha"": 0.15, ""delta"": 0.005, ""min_instances"": 5, ""threshold"": 0.1}}","{""error_rate"": {""min_instances"": 5, ""threshold"": 0.1}}",0.1,0.005,0.15,5,0.05,0.005,0.1,30,,,,-1,two_stage,2,0.5,"__confirm_cooldown=200,divergence=0.3,error_rate=0.5,teacher_entropy=0.2",3,0,200,0.0,0,10000,10.0,25.0,200,500,1,8,1.0,0.8035386029411765,0.5139656058720274,0.0,0.315681129693985,0.009917110204696655,0,0,26,26,-1,weighted,,,0,0,0,0.0,0.00023696012794971466,0,0.0,0.0,0.0,0.0,0,none,0,1,0,overconfident,0.95,0,mild_drift,0.9558292210857648,0.0013451590015019703,0.780646114965577,0.852097031685867,1768042048.2437387,0.0686177983880043,0.14030981063842773
137,8768,8767,sea_abrupt4,sea,ts_drift_adapt,3,"error_divergence_ph_meta@error.threshold=0.10,error.min_instances=5",error_divergence_ph_meta,"{""divergence"": {""alpha"": 0.1, ""delta"": 0.005, ""min_instances"": 30, ""threshold"": 0.05}, ""error_rate"": {""alpha"": 0.15, ""delta"": 0.005, ""min_instances"": 5, ""threshold"": 0.1}}","{""error_rate"": {""min_instances"": 5, ""threshold"": 0.1}}",0.1,0.005,0.15,5,0.05,0.005,0.1,30,,,,-1,two_stage,2,0.5,"__confirm_cooldown=200,divergence=0.3,error_rate=0.5,teacher_entropy=0.2",3,0,200,0.0,0,10000,10.0,25.0,200,500,0,0,1.0,0.8036040145985401,0.513899512440937,0.16666666666666666,0.3363238275051117,0.011241897009313107,0,0,26,26,-1,weighted,,,0,0,0,0.0,0.16666666666666666,0,0.0,0.0,0.0,0.0,0,none,0,1,0,overconfident,0.95,0,mild_drift,0.9580646105428824,0.0013225795007509853,0.7903230574827885,0.8535485158429335,1768042048.254405,0.24507693946361542,0.17263026535511017
138,8832,8831,sea_abrupt4,sea,ts_drift_adapt,3,"error_divergence_ph_meta@error.threshold=0.10,error.min_instances=5",error_divergence_ph_meta,"{""divergence"": {""alpha"": 0.1, ""delta"": 0.005, ""min_instances"": 30, ""threshold"": 0.05}, ""error_rate"": {""alpha"": 0.15, ""delta"": 0.005, ""min_instances"": 5, ""threshold"": 0.1}}","{""error_rate"": {""min_instances"": 5, ""threshold"": 0.1}}",0.1,0.005,0.15,5,0.05,0.005,0.1,30,,,,-1,two_stage,2,0.5,"__confirm_cooldown=200,divergence=0.3,error_rate=0.5,teacher_entropy=0.2",3,0,200,0.0,0,10000,10.0,25.0,200,500,0,0,1.0,0.8031023550724637,0.5126812019553609,0.16666666666666666,0.37763890624046326,0.018151648342609406,1,1,27,27,0,weighted,,,0,0,0,0.16666666666666666,0.006909751333296299,1,0.5,0.0,0.0,0.0,0,none,1,1,0,overconfident,0.95,0,severe_drift,0.9245323052714411,0.0016612897503754927,0.6451615287413943,0.8317742579214668,1768042048.2651236,0.2462041974067688,0.2188751995563507
139,8896,8895,sea_abrupt4,sea,ts_drift_adapt,3,"error_divergence_ph_meta@error.threshold=0.10,error.min_instances=5",error_divergence_ph_meta,"{""divergence"": {""alpha"": 0.1, ""delta"": 0.005, ""min_instances"": 30, ""threshold"": 0.05}, ""error_rate"": {""alpha"": 0.15, ""delta"": 0.005, ""min_instances"": 5, ""threshold"": 0.1}}","{""error_rate"": {""min_instances"": 5, ""threshold"": 0.1}}",0.1,0.005,0.15,5,0.05,0.005,0.1,30,,,,-1,two_stage,2,0.5,"__confirm_cooldown=200,divergence=0.3,error_rate=0.5,teacher_entropy=0.2",3,0,200,0.0,0,10000,10.0,25.0,200,500,1,136,1.0,0.8035071942446043,0.514373144688197,0.0,0.35355570912361145,0.007447967305779457,0,0,27,27,-1,weighted,,,0,0,0,0.0,0.16666666666666666,0,0.0,0.0,0.0,0.0,0,none,0,1,0,overconfident,0.95,0,mild_drift,0.9424161526357205,0.0014806448751877464,0.7225807643706972,0.8433871289607333,1768042048.2769217,0.17949889600276947,0.12493635714054108
140,8960,8959,sea_abrupt4,sea,ts_drift_adapt,3,"error_divergence_ph_meta@error.threshold=0.10,error.min_instances=5",error_divergence_ph_meta,"{""divergence"": {""alpha"": 0.1, ""delta"": 0.005, ""min_instances"": 30, ""threshold"": 0.05}, ""error_rate"": {""alpha"": 0.15, ""delta"": 0.005, ""min_instances"": 5, ""threshold"": 0.1}}","{""error_rate"": {""min_instances"": 5, ""threshold"": 0.1}}",0.1,0.005,0.15,5,0.05,0.005,0.1,30,,,,-1,two_stage,2,0.5,"__confirm_cooldown=200,divergence=0.3,error_rate=0.5,teacher_entropy=0.2",3,0,200,0.0,0,10000,10.0,25.0,200,500,1,72,1.0,0.8041294642857143,0.5160691699057363,0.0,0.38146087527275085,0.007165456656366587,0,0,27,27,-1,weighted,,,0,0,0,0.0,0.0002825106494128704,0,0.0,0.0,0.0,0.0,0,none,0,1,0,overconfident,0.95,0,mild_drift,0.9513580763178602,0.0013903224375938733,0.7612903821853486,0.8491935644803666,1768042048.2910526,0.1657266765832901,0.13322941958904266
141,9024,9023,sea_abrupt4,sea,ts_drift_adapt,3,"error_divergence_ph_meta@error.threshold=0.10,error.min_instances=5",error_divergence_ph_meta,"{""divergence"": {""alpha"": 0.1, ""delta"": 0.005, ""min_instances"": 30, ""threshold"": 0.05}, ""error_rate"": {""alpha"": 0.15, ""delta"": 0.005, ""min_instances"": 5, ""threshold"": 0.1}}","{""error_rate"": {""min_instances"": 5, ""threshold"": 0.1}}",0.1,0.005,0.15,5,0.05,0.005,0.1,30,,,,-1,two_stage,2,0.5,"__confirm_cooldown=200,divergence=0.3,error_rate=0.5,teacher_entropy=0.2",3,0,200,0.0,0,10000,10.0,25.0,200,500,1,8,1.0,0.8047429078014184,0.5180164900850511,0.0,0.34173670411109924,0.007477359380573034,0,0,27,27,-1,weighted,,,0,0,0,0.0,0.0003119027242064476,0,0.0,0.0,0.0,0.0,0,none,0,1,0,overconfident,0.95,0,mild_drift,0.95582903815893,0.0013451612187969368,0.7806451910926744,0.8520967822401833,1768042048.3051383,0.17911215126514435,0.09911255538463593
142,9088,9087,sea_abrupt4,sea,ts_drift_adapt,3,"error_divergence_ph_meta@error.threshold=0.10,error.min_instances=5",error_divergence_ph_meta,"{""divergence"": {""alpha"": 0.1, ""delta"": 0.005, ""min_instances"": 30, ""threshold"": 0.05}, ""error_rate"": {""alpha"": 0.15, ""delta"": 0.005, ""min_instances"": 5, ""threshold"": 0.1}}","{""error_rate"": {""min_instances"": 5, ""threshold"": 0.1}}",0.1,0.005,0.15,5,0.05,0.005,0.1,30,,,,-1,two_stage,2,0.5,"__confirm_cooldown=200,divergence=0.3,error_rate=0.5,teacher_entropy=0.2",3,0,200,0.0,0,10000,10.0,25.0,200,500,0,0,1.0,0.805237676056338,0.5190355451370616,0.0,0.3208032548427582,0.00785124022513628,0,0,27,27,-1,weighted,,,0,0,0,0.0,0.0003738808445632458,0,0.0,0.0,0.0,0.0,0,none,0,1,0,overconfident,0.95,0,mild_drift,0.958064519079465,0.0013225806093984686,0.7903225955463372,0.8535483911200916,1768042048.319187,0.0743318498134613,0.10633572936058044
143,9152,9151,sea_abrupt4,sea,ts_drift_adapt,3,"error_divergence_ph_meta@error.threshold=0.10,error.min_instances=5",error_divergence_ph_meta,"{""divergence"": {""alpha"": 0.1, ""delta"": 0.005, ""min_instances"": 30, ""threshold"": 0.05}, ""error_rate"": {""alpha"": 0.15, ""delta"": 0.005, ""min_instances"": 5, ""threshold"": 0.1}}","{""error_rate"": {""min_instances"": 5, ""threshold"": 0.1}}",0.1,0.005,0.15,5,0.05,0.005,0.1,30,,,,-1,two_stage,2,0.5,"__confirm_cooldown=200,divergence=0.3,error_rate=0.5,teacher_entropy=0.2",3,0,200,0.0,0,10000,10.0,25.0,200,500,0,0,1.0,0.8053977272727273,0.5196441885645007,0.3333333333333333,0.32853734493255615,0.006529451347887516,1,1,28,28,0,weighted,,,0,0,0,0.16666666666666666,0.3333333333333333,1,0.5,0.0,0.0,0.0,0,none,1,1,0,overconfident,0.95,0,severe_drift,0.9245322595397325,0.0016612903046992343,0.6451612977731687,0.8317741955600458,1768042048.3303213,0.6212256550788879,0.08682777732610703
144,9216,9215,sea_abrupt4,sea,ts_drift_adapt,3,"error_divergence_ph_meta@error.threshold=0.10,error.min_instances=5",error_divergence_ph_meta,"{""divergence"": {""alpha"": 0.1, ""delta"": 0.005, ""min_instances"": 30, ""threshold"": 0.05}, ""error_rate"": {""alpha"": 0.15, ""delta"": 0.005, ""min_instances"": 5, ""threshold"": 0.1}}","{""error_rate"": {""min_instances"": 5, ""threshold"": 0.1}}",0.1,0.005,0.15,5,0.05,0.005,0.1,30,,,,-1,two_stage,2,0.5,"__confirm_cooldown=200,divergence=0.3,error_rate=0.5,teacher_entropy=0.2",3,0,200,0.0,0,10000,10.0,25.0,200,500,1,136,1.0,0.8055555555555556,0.5205844159350252,0.16666666666666666,0.35307103395462036,0.009837540797889233,0,0,28,28,-1,weighted,,,0,0,0,0.0,0.16666666666666666,0,0.0,0.0,0.0,0.0,0,none,0,1,0,overconfident,0.95,0,mild_drift,0.9424161297698662,0.0014806451523496173,0.7225806488865844,0.8433870977800229,1768042048.3413727,0.2715397775173187,0.09417491406202316
145,9280,9279,sea_abrupt4,sea,ts_drift_adapt,3,"error_divergence_ph_meta@error.threshold=0.10,error.min_instances=5",error_divergence_ph_meta,"{""divergence"": {""alpha"": 0.1, ""delta"": 0.005, ""min_instances"": 30, ""threshold"": 0.05}, ""error_rate"": {""alpha"": 0.15, ""delta"": 0.005, ""min_instances"": 5, ""threshold"": 0.1}}","{""error_rate"": {""min_instances"": 5, ""threshold"": 0.1}}",0.1,0.005,0.15,5,0.05,0.005,0.1,30,,,,-1,two_stage,2,0.5,"__confirm_cooldown=200,divergence=0.3,error_rate=0.5,teacher_entropy=0.2",3,0,200,0.0,0,10000,10.0,25.0,200,500,1,72,1.0,0.8064655172413793,0.5224747897134822,0.0,0.30634135007858276,0.006990197580307722,0,0,28,28,-1,weighted,,,0,0,0,0.0,0.16666666666666666,0,0.0,0.0,0.0,0.0,0,none,0,1,0,overconfident,0.95,0,mild_drift,0.9513580648849331,0.0013903225761748086,0.7612903244432923,0.8491935488900114,1768042048.352352,0.05862616002559662,0.078835129737854
146,9344,9343,sea_abrupt4,sea,ts_drift_adapt,3,"error_divergence_ph_meta@error.threshold=0.10,error.min_instances=5",error_divergence_ph_meta,"{""divergence"": {""alpha"": 0.1, ""delta"": 0.005, ""min_instances"": 30, ""threshold"": 0.05}, ""error_rate"": {""alpha"": 0.15, ""delta"": 0.005, ""min_instances"": 5, ""threshold"": 0.1}}","{""error_rate"": {""min_instances"": 5, ""threshold"": 0.1}}",0.1,0.005,0.15,5,0.05,0.005,0.1,30,,,,-1,two_stage,2,0.5,"__confirm_cooldown=200,divergence=0.3,error_rate=0.5,teacher_entropy=0.2",3,0,200,0.0,0,10000,10.0,25.0,200,500,1,8,1.0,0.8068279109589042,0.5227916858407272,0.0,0.3514057993888855,0.01209680549800396,0,0,28,28,-1,weighted,,,0,0,0,0.0,0.0051066079176962376,0,0.0,0.0,0.0,0.0,0,none,0,1,0,overconfident,0.95,0,mild_drift,0.9558290324424665,0.0013451612880874043,0.7806451622216461,0.8520967744450056,1768042048.3637176,0.04314428195357323,0.12436394393444061
147,9408,9407,sea_abrupt4,sea,ts_drift_adapt,3,"error_divergence_ph_meta@error.threshold=0.10,error.min_instances=5",error_divergence_ph_meta,"{""divergence"": {""alpha"": 0.1, ""delta"": 0.005, ""min_instances"": 30, ""threshold"": 0.05}, ""error_rate"": {""alpha"": 0.15, ""delta"": 0.005, ""min_instances"": 5, ""threshold"": 0.1}}","{""error_rate"": {""min_instances"": 5, ""threshold"": 0.1}}",0.1,0.005,0.15,5,0.05,0.005,0.1,30,,,,-1,two_stage,2,0.5,"__confirm_cooldown=200,divergence=0.3,error_rate=0.5,teacher_entropy=0.2",3,0,200,0.0,0,10000,10.0,25.0,200,500,0,0,1.0,0.8067602040816326,0.522852456596192,0.6666666666666666,0.31727346777915955,0.008775594644248486,0,0,28,28,-1,weighted,,,0,0,0,0.0,0.6666666666666666,0,0.0,0.0,0.0,0.0,0,none,0,1,0,overconfident,0.95,0,mild_drift,0.9580645162212332,0.0013225806440437023,0.7903225811108231,0.8535483872225028,1768042048.3748372,1.5739284753799438,0.09679149836301804
148,9472,9471,sea_abrupt4,sea,ts_drift_adapt,3,"error_divergence_ph_meta@error.threshold=0.10,error.min_instances=5",error_divergence_ph_meta,"{""divergence"": {""alpha"": 0.1, ""delta"": 0.005, ""min_instances"": 30, ""threshold"": 0.05}, ""error_rate"": {""alpha"": 0.15, ""delta"": 0.005, ""min_instances"": 5, ""threshold"": 0.1}}","{""error_rate"": {""min_instances"": 5, ""threshold"": 0.1}}",0.1,0.005,0.15,5,0.05,0.005,0.1,30,,,,-1,two_stage,2,0.5,"__confirm_cooldown=200,divergence=0.3,error_rate=0.5,teacher_entropy=0.2",3,0,200,0.0,0,10000,10.0,25.0,200,500,0,0,1.0,0.8069045608108109,0.5235435013173017,0.0,0.32204946875572205,0.0064758718945086,1,1,29,29,0,weighted,,,0,0,0,0.3333333333333333,0.6666666666666666,1,0.5,0.0,0.0,0.0,0,none,1,1,0,overconfident,0.95,0,severe_drift,0.9245322581106166,0.0016612903220218512,0.6451612905554116,0.8317741936112515,1768042048.3863025,0.0649479404091835,0.0744352787733078
149,9536,9535,sea_abrupt4,sea,ts_drift_adapt,3,"error_divergence_ph_meta@error.threshold=0.10,error.min_instances=5",error_divergence_ph_meta,"{""divergence"": {""alpha"": 0.1, ""delta"": 0.005, ""min_instances"": 30, ""threshold"": 0.05}, ""error_rate"": {""alpha"": 0.15, ""delta"": 0.005, ""min_instances"": 5, ""threshold"": 0.1}}","{""error_rate"": {""min_instances"": 5, ""threshold"": 0.1}}",0.1,0.005,0.15,5,0.05,0.005,0.1,30,,,,-1,two_stage,2,0.5,"__confirm_cooldown=200,divergence=0.3,error_rate=0.5,teacher_entropy=0.2",3,0,200,0.0,0,10000,10.0,25.0,200,500,1,136,1.0,0.8068372483221476,0.5232906834660768,0.3333333333333333,0.30454182624816895,0.012936322018504143,0,0,29,29,-1,weighted,,,0,0,0,0.0,0.3333333333333333,0,0.0,0.0,0.0,0.0,0,none,0,1,0,overconfident,0.95,0,mild_drift,0.9424161290553082,0.0014806451610109256,0.7225806452777058,0.8433870968056257,1768042048.3973224,1.0444515943527222,0.15373653173446655
150,9600,9599,sea_abrupt4,sea,ts_drift_adapt,3,"error_divergence_ph_meta@error.threshold=0.10,error.min_instances=5",error_divergence_ph_meta,"{""divergence"": {""alpha"": 0.1, ""delta"": 0.005, ""min_instances"": 30, ""threshold"": 0.05}, ""error_rate"": {""alpha"": 0.15, ""delta"": 0.005, ""min_instances"": 5, ""threshold"": 0.1}}","{""error_rate"": {""min_instances"": 5, ""threshold"": 0.1}}",0.1,0.005,0.15,5,0.05,0.005,0.1,30,,,,-1,two_stage,2,0.5,"__confirm_cooldown=200,divergence=0.3,error_rate=0.5,teacher_entropy=0.2",3,0,200,0.0,0,10000,10.0,25.0,200,500,1,72,1.0,0.806875,0.5231252529270953,0.5,0.31677648425102234,0.008930888958275318,0,0,29,29,-1,weighted,,,0,0,0,0.0,0.16666666666666669,0,0.0,0.0,0.0,0.0,0,none,0,1,0,overconfident,0.95,0,mild_drift,0.951358064527654,0.001390322580505463,0.761290322638853,0.8491935484028128,1768042048.4083006,0.8945574760437012,0.09954044222831726
151,9664,9663,sea_abrupt4,sea,ts_drift_adapt,3,"error_divergence_ph_meta@error.threshold=0.10,error.min_instances=5",error_divergence_ph_meta,"{""divergence"": {""alpha"": 0.1, ""delta"": 0.005, ""min_instances"": 30, ""threshold"": 0.05}, ""error_rate"": {""alpha"": 0.15, ""delta"": 0.005, ""min_instances"": 5, ""threshold"": 0.1}}","{""error_rate"": {""min_instances"": 5, ""threshold"": 0.1}}",0.1,0.005,0.15,5,0.05,0.005,0.1,30,,,,-1,two_stage,2,0.5,"__confirm_cooldown=200,divergence=0.3,error_rate=0.5,teacher_entropy=0.2",3,0,200,0.0,0,10000,10.0,25.0,200,500,1,8,1.0,0.8064983443708609,0.5225484149552573,0.3333333333333333,0.3081178069114685,0.006691281683743,0,0,29,29,-1,weighted,,,0,0,0,0.0,0.16666666666666669,0,0.0,0.0,0.0,0.0,0,none,0,1,0,overconfident,0.95,0,mild_drift,0.955829032263827,0.0013451612902527317,0.7806451613194265,0.8520967742014064,1768042048.4195735,0.6293029189109802,0.095814548432827
152,9728,9727,sea_abrupt4,sea,ts_drift_adapt,3,"error_divergence_ph_meta@error.threshold=0.10,error.min_instances=5",error_divergence_ph_meta,"{""divergence"": {""alpha"": 0.1, ""delta"": 0.005, ""min_instances"": 30, ""threshold"": 0.05}, ""error_rate"": {""alpha"": 0.15, ""delta"": 0.005, ""min_instances"": 5, ""threshold"": 0.1}}","{""error_rate"": {""min_instances"": 5, ""threshold"": 0.1}}",0.1,0.005,0.15,5,0.05,0.005,0.1,30,,,,-1,two_stage,2,0.5,"__confirm_cooldown=200,divergence=0.3,error_rate=0.5,teacher_entropy=0.2",3,0,200,0.0,0,10000,10.0,25.0,200,500,0,0,1.0,0.8068462171052632,0.5232620249445824,0.16666666666666666,0.29476773738861084,0.006383588537573814,0,0,29,29,-1,weighted,,,0,0,0,0.0,0.16666666666666666,0,0.0,0.0,0.0,0.0,0,none,0,1,0,overconfident,0.95,0,mild_drift,0.9580645161319135,0.0013225806451263658,0.7903225806597133,0.8535483871007032,1768042048.430869,0.4665718078613281,0.10524365305900574
153,9792,9791,sea_abrupt4,sea,ts_drift_adapt,3,"error_divergence_ph_meta@error.threshold=0.10,error.min_instances=5",error_divergence_ph_meta,"{""divergence"": {""alpha"": 0.1, ""delta"": 0.005, ""min_instances"": 30, ""threshold"": 0.05}, ""error_rate"": {""alpha"": 0.15, ""delta"": 0.005, ""min_instances"": 5, ""threshold"": 0.1}}","{""error_rate"": {""min_instances"": 5, ""threshold"": 0.1}}",0.1,0.005,0.15,5,0.05,0.005,0.1,30,,,,-1,two_stage,2,0.5,"__confirm_cooldown=200,divergence=0.3,error_rate=0.5,teacher_entropy=0.2",3,0,200,0.0,0,10000,10.0,25.0,200,500,0,0,1.0,0.8075980392156863,0.5250417967012776,0.16666666666666666,0.3406246304512024,0.012320862151682377,1,1,30,30,0,weighted,,,0,0,0,0.16666666666666666,0.0059372736141085625,1,0.5,0.0,0.0,0.0,0,none,1,1,0,overconfident,0.95,0,severe_drift,0.9245322580659567,0.001661290322563183,0.6451612903298567,0.8317741935503516,1768042048.4418757,0.22338221967220306,0.14611470699310303
154,9856,9855,sea_abrupt4,sea,ts_drift_adapt,3,"error_divergence_ph_meta@error.threshold=0.10,error.min_instances=5",error_divergence_ph_meta,"{""divergence"": {""alpha"": 0.1, ""delta"": 0.005, ""min_instances"": 30, ""threshold"": 0.05}, ""error_rate"": {""alpha"": 0.15, ""delta"": 0.005, ""min_instances"": 5, ""threshold"": 0.1}}","{""error_rate"": {""min_instances"": 5, ""threshold"": 0.1}}",0.1,0.005,0.15,5,0.05,0.005,0.1,30,,,,-1,two_stage,2,0.5,"__confirm_cooldown=200,divergence=0.3,error_rate=0.5,teacher_entropy=0.2",3,0,200,0.0,0,10000,10.0,25.0,200,500,1,136,1.0,0.8077313311688312,0.5250460862797817,0.3333333333333333,0.3239901065826416,0.012246472761034966,0,0,30,30,-1,weighted,,,0,0,0,0.0,0.16666666666666666,0,0.0,0.0,0.0,0.0,0,none,0,1,0,overconfident,0.95,0,mild_drift,0.9424161290329783,0.0014806451612815914,0.7225806451649284,0.8433870967751758,1768042048.453106,0.6068926453590393,0.16539743542671204
155,9920,9919,sea_abrupt4,sea,ts_drift_adapt,3,"error_divergence_ph_meta@error.threshold=0.10,error.min_instances=5",error_divergence_ph_meta,"{""divergence"": {""alpha"": 0.1, ""delta"": 0.005, ""min_instances"": 30, ""threshold"": 0.05}, ""error_rate"": {""alpha"": 0.15, ""delta"": 0.005, ""min_instances"": 5, ""threshold"": 0.1}}","{""error_rate"": {""min_instances"": 5, ""threshold"": 0.1}}",0.1,0.005,0.15,5,0.05,0.005,0.1,30,,,,-1,two_stage,2,0.5,"__confirm_cooldown=200,divergence=0.3,error_rate=0.5,teacher_entropy=0.2",3,0,200,0.0,0,10000,10.0,25.0,200,500,1,72,1.0,0.8076612903225806,0.5248205313393061,0.3333333333333333,0.3085182309150696,0.009941459633409977,0,0,30,30,-1,weighted,,,0,0,0,0.0,0.0023050131276249886,0,0.0,0.0,0.0,0.0,0,none,0,1,0,overconfident,0.95,0,mild_drift,0.9513580645164892,0.0013903225806407957,0.7612903225824642,0.8491935483875879,1768042048.4641042,0.6458908915519714,0.14063486456871033
156,9984,9983,sea_abrupt4,sea,ts_drift_adapt,3,"error_divergence_ph_meta@error.threshold=0.10,error.min_instances=5",error_divergence_ph_meta,"{""divergence"": {""alpha"": 0.1, ""delta"": 0.005, ""min_instances"": 30, ""threshold"": 0.05}, ""error_rate"": {""alpha"": 0.15, ""delta"": 0.005, ""min_instances"": 5, ""threshold"": 0.1}}","{""error_rate"": {""min_instances"": 5, ""threshold"": 0.1}}",0.1,0.005,0.15,5,0.05,0.005,0.1,30,,,,-1,two_stage,2,0.5,"__confirm_cooldown=200,divergence=0.3,error_rate=0.5,teacher_entropy=0.2",3,0,200,0.0,0,10000,10.0,25.0,200,500,1,8,1.0,0.8075921474358975,0.524550921360481,0.16666666666666666,0.3358280062675476,0.0097115533426404,0,0,30,30,-1,weighted,,,0,0,0,0.0,0.16666666666666666,0,0.0,0.0,0.0,0.0,0,none,0,1,0,overconfident,0.95,0,mild_drift,0.9558290322582446,0.001345161290320398,0.7806451612912322,0.8520967741937939,1768042048.4753568,0.4682439863681793,0.14019888639450073
157,10048,10047,sea_abrupt4,sea,ts_drift_adapt,3,"error_divergence_ph_meta@error.threshold=0.10,error.min_instances=5",error_divergence_ph_meta,"{""divergence"": {""alpha"": 0.1, ""delta"": 0.005, ""min_instances"": 30, ""threshold"": 0.05}, ""error_rate"": {""alpha"": 0.15, ""delta"": 0.005, ""min_instances"": 5, ""threshold"": 0.1}}","{""error_rate"": {""min_instances"": 5, ""threshold"": 0.1}}",0.1,0.005,0.15,5,0.05,0.005,0.1,30,,,,-1,two_stage,2,0.5,"__confirm_cooldown=200,divergence=0.3,error_rate=0.5,teacher_entropy=0.2",3,0,200,0.0,0,10000,10.0,25.0,200,500,0,0,1.0,0.8082205414012739,0.526010586030963,0.0,0.3171670436859131,0.009203284047544003,0,0,30,30,-1,weighted,,,0,0,0,0.0,0.16666666666666666,0,0.0,0.0,0.0,0.0,0,none,0,1,0,overconfident,0.95,0,mild_drift,0.9580645161291222,0.001322580645160199,0.7903225806456161,0.853548387096897,1768042048.487147,0.06604311615228653,0.15345245599746704
158,10112,10111,sea_abrupt4,sea,ts_drift_adapt,3,"error_divergence_ph_meta@error.threshold=0.10,error.min_instances=5",error_divergence_ph_meta,"{""divergence"": {""alpha"": 0.1, ""delta"": 0.005, ""min_instances"": 30, ""threshold"": 0.05}, ""error_rate"": {""alpha"": 0.15, ""delta"": 0.005, ""min_instances"": 5, ""threshold"": 0.1}}","{""error_rate"": {""min_instances"": 5, ""threshold"": 0.1}}",0.1,0.005,0.15,5,0.05,0.005,0.1,30,,,,-1,two_stage,2,0.5,"__confirm_cooldown=200,divergence=0.3,error_rate=0.5,teacher_entropy=0.2",3,0,200,0.0,0,10000,10.0,25.0,200,500,0,0,1.0,0.8085443037974683,0.5264898970744627,0.0,0.3109700083732605,0.009484894573688507,1,1,31,31,0,weighted,,,0,0,0,0.16666666666666666,0.00028161052614450455,1,0.5,0.0,0.0,0.0,0,none,1,1,0,overconfident,0.95,0,severe_drift,0.9245322580645612,0.0016612903225800995,0.6451612903228081,0.8317741935484485,1768042048.5011744,0.0916430875658989,0.15491382777690887
159,10176,10175,sea_abrupt4,sea,ts_drift_adapt,3,"error_divergence_ph_meta@error.threshold=0.10,error.min_instances=5",error_divergence_ph_meta,"{""divergence"": {""alpha"": 0.1, ""delta"": 0.005, ""min_instances"": 30, ""threshold"": 0.05}, ""error_rate"": {""alpha"": 0.15, ""delta"": 0.005, ""min_instances"": 5, ""threshold"": 0.1}}","{""error_rate"": {""min_instances"": 5, ""threshold"": 0.1}}",0.1,0.005,0.15,5,0.05,0.005,0.1,30,,,,-1,two_stage,2,0.5,"__confirm_cooldown=200,divergence=0.3,error_rate=0.5,teacher_entropy=0.2",3,0,200,0.0,0,10000,10.0,25.0,200,500,1,136,1.0,0.8085691823899371,0.5264350777958727,0.16666666666666666,0.30976980924606323,0.012953072786331177,0,0,31,31,-1,weighted,,,0,0,0,0.0,0.16666666666666666,0,0.0,0.0,0.0,0.0,0,none,0,1,0,overconfident,0.95,0,mild_drift,0.9424161290322806,0.00148064516129005,0.7225806451614041,0.8433870967742243,1768042048.5151243,0.32680103182792664,0.17684195935726166
160,10240,10239,sea_abrupt4,sea,ts_drift_adapt,3,"error_divergence_ph_meta@error.threshold=0.10,error.min_instances=5",error_divergence_ph_meta,"{""divergence"": {""alpha"": 0.1, ""delta"": 0.005, ""min_instances"": 30, ""threshold"": 0.05}, ""error_rate"": {""alpha"": 0.15, ""delta"": 0.005, ""min_instances"": 5, ""threshold"": 0.1}}","{""error_rate"": {""min_instances"": 5, ""threshold"": 0.1}}",0.1,0.005,0.15,5,0.05,0.005,0.1,30,,,,-1,two_stage,2,0.5,"__confirm_cooldown=200,divergence=0.3,error_rate=0.5,teacher_entropy=0.2",3,0,200,0.0,0,10000,10.0,25.0,200,500,1,72,1.0,0.808203125,0.5257592020427715,0.5,0.361089825630188,0.017134489491581917,0,0,31,31,-1,weighted,,,0,0,0,0.0,0.33333333333333337,0,0.0,0.0,0.0,0.0,0,none,0,1,0,overconfident,0.95,0,mild_drift,0.9513580645161402,0.001390322580645025,0.7612903225807021,0.8491935483871121,1768042048.5284567,0.8162319660186768,0.21171511709690094
161,10304,10303,sea_abrupt4,sea,ts_drift_adapt,3,"error_divergence_ph_meta@error.threshold=0.10,error.min_instances=5",error_divergence_ph_meta,"{""divergence"": {""alpha"": 0.1, ""delta"": 0.005, ""min_instances"": 30, ""threshold"": 0.05}, ""error_rate"": {""alpha"": 0.15, ""delta"": 0.005, ""min_instances"": 5, ""threshold"": 0.1}}","{""error_rate"": {""min_instances"": 5, ""threshold"": 0.1}}",0.1,0.005,0.15,5,0.05,0.005,0.1,30,,,,-1,two_stage,2,0.5,"__confirm_cooldown=200,divergence=0.3,error_rate=0.5,teacher_entropy=0.2",3,0,200,0.0,0,10000,10.0,25.0,200,500,1,8,1.0,0.8081327639751553,0.5249843534743683,0.3333333333333333,0.32554638385772705,0.016473624855279922,0,0,31,31,-1,weighted,,,0,0,0,0.0,0.16666666666666669,0,0.0,0.0,0.0,0.0,0,none,0,1,0,overconfident,0.95,0,mild_drift,0.95582903225807,0.0013451612903225127,0.7806451612903511,0.8520967741935561,1768042048.5395327,0.7946179509162903,0.20926493406295776
162,10368,10367,sea_abrupt4,sea,ts_drift_adapt,3,"error_divergence_ph_meta@error.threshold=0.10,error.min_instances=5",error_divergence_ph_meta,"{""divergence"": {""alpha"": 0.1, ""delta"": 0.005, ""min_instances"": 30, ""threshold"": 0.05}, ""error_rate"": {""alpha"": 0.15, ""delta"": 0.005, ""min_instances"": 5, ""threshold"": 0.1}}","{""error_rate"": {""min_instances"": 5, ""threshold"": 0.1}}",0.1,0.005,0.15,5,0.05,0.005,0.1,30,,,,-1,two_stage,2,0.5,"__confirm_cooldown=200,divergence=0.3,error_rate=0.5,teacher_entropy=0.2",3,0,200,0.0,0,10000,10.0,25.0,200,500,0,0,1.0,0.8084490740740741,0.5249685313264005,0.16666666666666666,0.31641891598701477,0.01191522367298603,0,0,31,31,-1,weighted,,,0,0,0,0.0,0.16666666666666666,0,0.0,0.0,0.0,0.0,0,none,0,1,0,overconfident,0.95,0,mild_drift,0.958064516129035,0.0013225806451612563,0.7903225806451756,0.853548387096778,1768042048.5508058,0.5168814659118652,0.147987961769104
163,10432,10431,sea_abrupt4,sea,ts_drift_adapt,3,"error_divergence_ph_meta@error.threshold=0.10,error.min_instances=5",error_divergence_ph_meta,"{""divergence"": {""alpha"": 0.1, ""delta"": 0.005, ""min_instances"": 30, ""threshold"": 0.05}, ""error_rate"": {""alpha"": 0.15, ""delta"": 0.005, ""min_instances"": 5, ""threshold"": 0.1}}","{""error_rate"": {""min_instances"": 5, ""threshold"": 0.1}}",0.1,0.005,0.15,5,0.05,0.005,0.1,30,,,,-1,two_stage,2,0.5,"__confirm_cooldown=200,divergence=0.3,error_rate=0.5,teacher_entropy=0.2",3,0,200,0.0,0,10000,10.0,25.0,200,500,0,0,1.0,0.8079946319018405,0.5238346819365559,0.3333333333333333,0.3697608709335327,0.01377453375607729,1,1,32,32,0,weighted,,,0,0,0,0.3333333333333333,0.16666666666666666,1,0.5,0.0,0.0,0.0,0,none,1,1,0,overconfident,0.95,0,severe_drift,0.9245322580645174,0.0016612903225806282,0.6451612903225878,0.8317741935483891,1768042048.5616133,0.4007713496685028,0.15429124236106873
164,10496,10495,sea_abrupt4,sea,ts_drift_adapt,3,"error_divergence_ph_meta@error.threshold=0.10,error.min_instances=5",error_divergence_ph_meta,"{""divergence"": {""alpha"": 0.1, ""delta"": 0.005, ""min_instances"": 30, ""threshold"": 0.05}, ""error_rate"": {""alpha"": 0.15, ""delta"": 0.005, ""min_instances"": 5, ""threshold"": 0.1}}","{""error_rate"": {""min_instances"": 5, ""threshold"": 0.1}}",0.1,0.005,0.15,5,0.05,0.005,0.1,30,,,,-1,two_stage,2,0.5,"__confirm_cooldown=200,divergence=0.3,error_rate=0.5,teacher_entropy=0.2",3,0,200,0.0,0,10000,10.0,25.0,200,500,1,136,1.0,0.8079268292682927,0.5236028914600205,0.16666666666666666,0.343181848526001,0.020980732515454292,0,0,32,32,-1,weighted,,,0,0,0,0.0,0.16666666666666666,0,0.0,0.0,0.0,0.0,0,none,0,1,0,overconfident,0.95,0,mild_drift,0.9424161290322587,0.001480645161290314,0.7225806451612939,0.8433870967741945,1768042048.5725782,0.4747854769229889,0.24941590428352356
165,10560,10559,sea_abrupt4,sea,ts_drift_adapt,3,"error_divergence_ph_meta@error.threshold=0.10,error.min_instances=5",error_divergence_ph_meta,"{""divergence"": {""alpha"": 0.1, ""delta"": 0.005, ""min_instances"": 30, ""threshold"": 0.05}, ""error_rate"": {""alpha"": 0.15, ""delta"": 0.005, ""min_instances"": 5, ""threshold"": 0.1}}","{""error_rate"": {""min_instances"": 5, ""threshold"": 0.1}}",0.1,0.005,0.15,5,0.05,0.005,0.1,30,,,,-1,two_stage,2,0.5,"__confirm_cooldown=200,divergence=0.3,error_rate=0.5,teacher_entropy=0.2",3,0,200,0.0,0,10000,10.0,25.0,200,500,1,72,1.0,0.8081439393939394,0.5239997180649859,0.16666666666666666,0.31917136907577515,0.011752830818295479,0,0,32,32,-1,weighted,,,0,0,0,0.0,0.009227901697158813,0,0.0,0.0,0.0,0.0,0,none,0,1,0,overconfident,0.95,0,mild_drift,0.9513580645161293,0.0013903225806451572,0.761290322580647,0.8491935483870973,1768042048.5837853,0.28487470746040344,0.1701899915933609
166,10624,10623,sea_abrupt4,sea,ts_drift_adapt,3,"error_divergence_ph_meta@error.threshold=0.10,error.min_instances=5",error_divergence_ph_meta,"{""divergence"": {""alpha"": 0.1, ""delta"": 0.005, ""min_instances"": 30, ""threshold"": 0.05}, ""error_rate"": {""alpha"": 0.15, ""delta"": 0.005, ""min_instances"": 5, ""threshold"": 0.1}}","{""error_rate"": {""min_instances"": 5, ""threshold"": 0.1}}",0.1,0.005,0.15,5,0.05,0.005,0.1,30,,,,-1,two_stage,2,0.5,"__confirm_cooldown=200,divergence=0.3,error_rate=0.5,teacher_entropy=0.2",3,0,200,0.0,0,10000,10.0,25.0,200,500,1,8,1.0,0.8079819277108434,0.5239947877190297,0.16666666666666666,0.36970365047454834,0.010970721021294594,0,0,32,32,-1,weighted,,,0,0,0,0.0,0.000782109797000885,0,0.0,0.0,0.0,0.0,0,none,0,1,0,overconfident,0.95,0,mild_drift,0.9558290322580646,0.0013451612903225786,0.7806451612903236,0.8520967741935486,1768042048.5946956,0.4416411221027374,0.17179334163665771
167,10688,10687,sea_abrupt4,sea,ts_drift_adapt,3,"error_divergence_ph_meta@error.threshold=0.10,error.min_instances=5",error_divergence_ph_meta,"{""divergence"": {""alpha"": 0.1, ""delta"": 0.005, ""min_instances"": 30, ""threshold"": 0.05}, ""error_rate"": {""alpha"": 0.15, ""delta"": 0.005, ""min_instances"": 5, ""threshold"": 0.1}}","{""error_rate"": {""min_instances"": 5, ""threshold"": 0.1}}",0.1,0.005,0.15,5,0.05,0.005,0.1,30,,,,-1,two_stage,2,0.5,"__confirm_cooldown=200,divergence=0.3,error_rate=0.5,teacher_entropy=0.2",3,0,200,0.0,0,10000,10.0,25.0,200,500,0,0,1.0,0.8085703592814372,0.52477965832959,0.0,0.34743043780326843,0.008349870331585407,0,0,32,32,-1,weighted,,,0,0,0,0.0,0.16666666666666666,0,0.0,0.0,0.0,0.0,0,none,0,1,0,overconfident,0.95,0,mild_drift,0.9580645161290322,0.0013225806451612893,0.7903225806451618,0.8535483870967743,1768042048.6059465,0.22091472148895264,0.16963143646717072
168,10752,10751,sea_abrupt4,sea,ts_drift_adapt,3,"error_divergence_ph_meta@error.threshold=0.10,error.min_instances=5",error_divergence_ph_meta,"{""divergence"": {""alpha"": 0.1, ""delta"": 0.005, ""min_instances"": 30, ""threshold"": 0.05}, ""error_rate"": {""alpha"": 0.15, ""delta"": 0.005, ""min_instances"": 5, ""threshold"": 0.1}}","{""error_rate"": {""min_instances"": 5, ""threshold"": 0.1}}",0.1,0.005,0.15,5,0.05,0.005,0.1,30,,,,-1,two_stage,2,0.5,"__confirm_cooldown=200,divergence=0.3,error_rate=0.5,teacher_entropy=0.2",3,0,200,0.0,0,10000,10.0,25.0,200,500,0,0,1.0,0.8090587797619048,0.5252844354903922,0.0,0.3569774329662323,0.009330101311206818,1,1,33,33,0,weighted,,,0,0,0,0.3333333333333333,0.0009802309796214104,1,0.5,0.0,0.0,0.0,0,none,1,1,0,overconfident,0.95,0,severe_drift,0.9245322580645161,0.0016612903225806447,0.645161290322581,0.8317741935483871,1768042048.6169891,0.08701279014348984,0.16488930583000183
169,10816,10815,sea_abrupt4,sea,ts_drift_adapt,3,"error_divergence_ph_meta@error.threshold=0.10,error.min_instances=5",error_divergence_ph_meta,"{""divergence"": {""alpha"": 0.1, ""delta"": 0.005, ""min_instances"": 30, ""threshold"": 0.05}, ""error_rate"": {""alpha"": 0.15, ""delta"": 0.005, ""min_instances"": 5, ""threshold"": 0.1}}","{""error_rate"": {""min_instances"": 5, ""threshold"": 0.1}}",0.1,0.005,0.15,5,0.05,0.005,0.1,30,,,,-1,two_stage,2,0.5,"__confirm_cooldown=200,divergence=0.3,error_rate=0.5,teacher_entropy=0.2",3,0,200,0.0,0,10000,10.0,25.0,200,500,1,136,1.0,0.8094489644970414,0.5260242355182279,0.16666666666666666,0.3382459878921509,0.011105386540293694,0,0,33,33,-1,weighted,,,0,0,0,0.0,0.16666666666666666,0,0.0,0.0,0.0,0.0,0,none,0,1,0,overconfident,0.95,0,mild_drift,0.942416129032258,0.0014806451612903223,0.7225806451612905,0.8433870967741935,1768042048.628005,0.4762340784072876,0.16572710871696472
170,10880,10879,sea_abrupt4,sea,ts_drift_adapt,3,"error_divergence_ph_meta@error.threshold=0.10,error.min_instances=5",error_divergence_ph_meta,"{""divergence"": {""alpha"": 0.1, ""delta"": 0.005, ""min_instances"": 30, ""threshold"": 0.05}, ""error_rate"": {""alpha"": 0.15, ""delta"": 0.005, ""min_instances"": 5, ""threshold"": 0.1}}","{""error_rate"": {""min_instances"": 5, ""threshold"": 0.1}}",0.1,0.005,0.15,5,0.05,0.005,0.1,30,,,,-1,two_stage,2,0.5,"__confirm_cooldown=200,divergence=0.3,error_rate=0.5,teacher_entropy=0.2",3,0,200,0.0,0,10000,10.0,25.0,200,500,1,72,1.0,0.809375,0.5256328841434535,0.3333333333333333,0.37286630272865295,0.009134004823863506,0,0,33,33,-1,weighted,,,0,0,0,0.0,0.16666666666666666,0,0.0,0.0,0.0,0.0,0,none,0,1,0,overconfident,0.95,0,mild_drift,0.951358064516129,0.0013903225806451611,0.7612903225806453,0.8491935483870967,1768042048.6391852,0.7159099578857422,0.1359853446483612
171,10944,10943,sea_abrupt4,sea,ts_drift_adapt,3,"error_divergence_ph_meta@error.threshold=0.10,error.min_instances=5",error_divergence_ph_meta,"{""divergence"": {""alpha"": 0.1, ""delta"": 0.005, ""min_instances"": 30, ""threshold"": 0.05}, ""error_rate"": {""alpha"": 0.15, ""delta"": 0.005, ""min_instances"": 5, ""threshold"": 0.1}}","{""error_rate"": {""min_instances"": 5, ""threshold"": 0.1}}",0.1,0.005,0.15,5,0.05,0.005,0.1,30,,,,-1,two_stage,2,0.5,"__confirm_cooldown=200,divergence=0.3,error_rate=0.5,teacher_entropy=0.2",3,0,200,0.0,0,10000,10.0,25.0,200,500,1,8,1.0,0.8095760233918129,0.5258699675295719,0.16666666666666666,0.38590291142463684,0.010687671601772308,0,0,33,33,-1,weighted,,,0,0,0,0.0,0.16666666666666666,0,0.0,0.0,0.0,0.0,0,none,0,1,0,overconfident,0.95,0,mild_drift,0.9558290322580645,0.0013451612903225807,0.7806451612903227,0.8520967741935483,1768042048.6503706,0.5013890266418457,0.157767191529274
172,11008,11007,sea_abrupt4,sea,ts_drift_adapt,3,"error_divergence_ph_meta@error.threshold=0.10,error.min_instances=5",error_divergence_ph_meta,"{""divergence"": {""alpha"": 0.1, ""delta"": 0.005, ""min_instances"": 30, ""threshold"": 0.05}, ""error_rate"": {""alpha"": 0.15, ""delta"": 0.005, ""min_instances"": 5, ""threshold"": 0.1}}","{""error_rate"": {""min_instances"": 5, ""threshold"": 0.1}}",0.1,0.005,0.15,5,0.05,0.005,0.1,30,,,,-1,two_stage,2,0.5,"__confirm_cooldown=200,divergence=0.3,error_rate=0.5,teacher_entropy=0.2",3,0,200,0.0,0,10000,10.0,25.0,200,500,0,0,1.0,0.8096838662790697,0.5261483286640793,0.16666666666666666,0.31789642572402954,0.009980476461350918,0,0,33,33,-1,weighted,,,0,0,0,0.0,0.0007071951404213905,0,0.0,0.0,0.0,0.0,0,none,0,1,0,overconfident,0.95,0,mild_drift,0.9580645161290322,0.0013225806451612906,0.7903225806451614,0.8535483870967742,1768042048.6615796,0.2974909842014313,0.162093386054039
173,11072,11071,sea_abrupt4,sea,ts_drift_adapt,3,"error_divergence_ph_meta@error.threshold=0.10,error.min_instances=5",error_divergence_ph_meta,"{""divergence"": {""alpha"": 0.1, ""delta"": 0.005, ""min_instances"": 30, ""threshold"": 0.05}, ""error_rate"": {""alpha"": 0.15, ""delta"": 0.005, ""min_instances"": 5, ""threshold"": 0.1}}","{""error_rate"": {""min_instances"": 5, ""threshold"": 0.1}}",0.1,0.005,0.15,5,0.05,0.005,0.1,30,,,,-1,two_stage,2,0.5,"__confirm_cooldown=200,divergence=0.3,error_rate=0.5,teacher_entropy=0.2",3,0,200,0.0,0,10000,10.0,25.0,200,500,0,0,1.0,0.809971098265896,0.5268363190192623,0.3333333333333333,0.33876046538352966,0.007082945201545954,1,1,34,34,0,weighted,,,0,0,0,0.3333333333333333,0.16666666666666666,1,0.5,0.0,0.0,0.0,0,none,1,1,0,overconfident,0.95,0,severe_drift,0.9245322580645161,0.0016612903225806453,0.6451612903225807,0.8317741935483871,1768042048.673119,0.5572330355644226,0.13543209433555603
174,11136,11135,sea_abrupt4,sea,ts_drift_adapt,3,"error_divergence_ph_meta@error.threshold=0.10,error.min_instances=5",error_divergence_ph_meta,"{""divergence"": {""alpha"": 0.1, ""delta"": 0.005, ""min_instances"": 30, ""threshold"": 0.05}, ""error_rate"": {""alpha"": 0.15, ""delta"": 0.005, ""min_instances"": 5, ""threshold"": 0.1}}","{""error_rate"": {""min_instances"": 5, ""threshold"": 0.1}}",0.1,0.005,0.15,5,0.05,0.005,0.1,30,,,,-1,two_stage,2,0.5,"__confirm_cooldown=200,divergence=0.3,error_rate=0.5,teacher_entropy=0.2",3,0,200,0.0,0,10000,10.0,25.0,200,500,1,136,1.0,0.8099856321839081,0.526998212676986,0.0,0.4190773069858551,0.011967230588197708,0,0,34,34,-1,weighted,,,0,0,0,0.0,0.3333333333333333,0,0.0,0.0,0.0,0.0,0,none,0,1,0,overconfident,0.95,0,mild_drift,0.942416129032258,0.0014806451612903227,0.7225806451612904,0.8433870967741935,1768042048.6844625,0.22219766676425934,0.18595796823501587
175,11200,11199,sea_abrupt4,sea,ts_drift_adapt,3,"error_divergence_ph_meta@error.threshold=0.10,error.min_instances=5",error_divergence_ph_meta,"{""divergence"": {""alpha"": 0.1, ""delta"": 0.005, ""min_instances"": 30, ""threshold"": 0.05}, ""error_rate"": {""alpha"": 0.15, ""delta"": 0.005, ""min_instances"": 5, ""threshold"": 0.1}}","{""error_rate"": {""min_instances"": 5, ""threshold"": 0.1}}",0.1,0.005,0.15,5,0.05,0.005,0.1,30,,,,-1,two_stage,2,0.5,"__confirm_cooldown=200,divergence=0.3,error_rate=0.5,teacher_entropy=0.2",3,0,200,0.0,0,10000,10.0,25.0,200,500,1,72,1.0,0.8103571428571429,0.5280108070541403,0.16666666666666666,0.3536904454231262,0.01147287804633379,0,0,34,34,-1,weighted,,,0,0,0,0.0,0.16666666666666666,0,0.0,0.0,0.0,0.0,0,none,0,1,0,overconfident,0.95,0,mild_drift,0.951358064516129,0.0013903225806451616,0.7612903225806452,0.8491935483870967,1768042048.697239,0.23266059160232544,0.14015072584152222
176,11264,11263,sea_abrupt4,sea,ts_drift_adapt,3,"error_divergence_ph_meta@error.threshold=0.10,error.min_instances=5",error_divergence_ph_meta,"{""divergence"": {""alpha"": 0.1, ""delta"": 0.005, ""min_instances"": 30, ""threshold"": 0.05}, ""error_rate"": {""alpha"": 0.15, ""delta"": 0.005, ""min_instances"": 5, ""threshold"": 0.1}}","{""error_rate"": {""min_instances"": 5, ""threshold"": 0.1}}",0.1,0.005,0.15,5,0.05,0.005,0.1,30,,,,-1,two_stage,2,0.5,"__confirm_cooldown=200,divergence=0.3,error_rate=0.5,teacher_entropy=0.2",3,0,200,0.0,0,10000,10.0,25.0,200,500,1,8,1.0,0.8107244318181818,0.5287832732327895,0.0,0.37843239307403564,0.008416946977376938,0,0,34,34,-1,weighted,,,0,0,0,0.0,0.16666666666666666,0,0.0,0.0,0.0,0.0,0,none,0,1,0,overconfident,0.95,0,mild_drift,0.9558290322580645,0.0013451612903225807,0.7806451612903227,0.8520967741935483,1768042048.7111464,0.15174967050552368,0.14655271172523499
177,11328,11327,sea_abrupt4,sea,ts_drift_adapt,3,"error_divergence_ph_meta@error.threshold=0.10,error.min_instances=5",error_divergence_ph_meta,"{""divergence"": {""alpha"": 0.1, ""delta"": 0.005, ""min_instances"": 30, ""threshold"": 0.05}, ""error_rate"": {""alpha"": 0.15, ""delta"": 0.005, ""min_instances"": 5, ""threshold"": 0.1}}","{""error_rate"": {""min_instances"": 5, ""threshold"": 0.1}}",0.1,0.005,0.15,5,0.05,0.005,0.1,30,,,,-1,two_stage,2,0.5,"__confirm_cooldown=200,divergence=0.3,error_rate=0.5,teacher_entropy=0.2",3,0,200,0.0,0,10000,10.0,25.0,200,500,0,0,1.0,0.8113524011299436,0.5302269703681263,0.0,0.39882877469062805,0.007973755709826946,0,0,34,34,-1,weighted,,,0,0,0,0.0,0.0004431912675499916,0,0.0,0.0,0.0,0.0,0,none,0,1,0,overconfident,0.95,0,mild_drift,0.9580645161290322,0.0013225806451612906,0.7903225806451614,0.8535483870967742,1768042048.725348,0.1080879345536232,0.10060694813728333
178,11392,11391,sea_abrupt4,sea,ts_drift_adapt,3,"error_divergence_ph_meta@error.threshold=0.10,error.min_instances=5",error_divergence_ph_meta,"{""divergence"": {""alpha"": 0.1, ""delta"": 0.005, ""min_instances"": 30, ""threshold"": 0.05}, ""error_rate"": {""alpha"": 0.15, ""delta"": 0.005, ""min_instances"": 5, ""threshold"": 0.1}}","{""error_rate"": {""min_instances"": 5, ""threshold"": 0.1}}",0.1,0.005,0.15,5,0.05,0.005,0.1,30,,,,-1,two_stage,2,0.5,"__confirm_cooldown=200,divergence=0.3,error_rate=0.5,teacher_entropy=0.2",3,0,200,0.0,0,10000,10.0,25.0,200,500,0,0,1.0,0.8117977528089888,0.5318076646571418,0.16666666666666666,0.35320475697517395,0.008363044820725918,1,1,35,35,0,weighted,,,0,0,0,0.16666666666666666,0.16666666666666666,1,0.5,0.0,0.0,0.0,0,none,1,1,0,overconfident,0.95,0,severe_drift,0.9245322580645161,0.0016612903225806453,0.6451612903225807,0.8317741935483871,1768042048.7392645,0.35228243470191956,0.12105844914913177
179,11456,11455,sea_abrupt4,sea,ts_drift_adapt,3,"error_divergence_ph_meta@error.threshold=0.10,error.min_instances=5",error_divergence_ph_meta,"{""divergence"": {""alpha"": 0.1, ""delta"": 0.005, ""min_instances"": 30, ""threshold"": 0.05}, ""error_rate"": {""alpha"": 0.15, ""delta"": 0.005, ""min_instances"": 5, ""threshold"": 0.1}}","{""error_rate"": {""min_instances"": 5, ""threshold"": 0.1}}",0.1,0.005,0.15,5,0.05,0.005,0.1,30,,,,-1,two_stage,2,0.5,"__confirm_cooldown=200,divergence=0.3,error_rate=0.5,teacher_entropy=0.2",3,0,200,0.0,0,10000,10.0,25.0,200,500,1,136,1.0,0.8123254189944135,0.5326144961083533,0.16666666666666666,0.3081924319267273,0.0080560352653265,0,0,35,35,-1,weighted,,,0,0,0,0.0,0.0003070095553994179,0,0.0,0.0,0.0,0.0,0,none,0,1,0,overconfident,0.95,0,mild_drift,0.942416129032258,0.0014806451612903227,0.7225806451612904,0.8433870967741935,1768042048.7505999,0.33499303460121155,0.12207314372062683
180,11520,11519,sea_abrupt4,sea,ts_drift_adapt,3,"error_divergence_ph_meta@error.threshold=0.10,error.min_instances=5",error_divergence_ph_meta,"{""divergence"": {""alpha"": 0.1, ""delta"": 0.005, ""min_instances"": 30, ""threshold"": 0.05}, ""error_rate"": {""alpha"": 0.15, ""delta"": 0.005, ""min_instances"": 5, ""threshold"": 0.1}}","{""error_rate"": {""min_instances"": 5, ""threshold"": 0.1}}",0.1,0.005,0.15,5,0.05,0.005,0.1,30,,,,-1,two_stage,2,0.5,"__confirm_cooldown=200,divergence=0.3,error_rate=0.5,teacher_entropy=0.2",3,0,200,0.0,0,10000,10.0,25.0,200,500,1,72,1.0,0.8122395833333333,0.532005125117244,0.3333333333333333,0.3624804615974426,0.011010189540684223,0,0,35,35,-1,weighted,,,0,0,0,0.0,0.16666666666666666,0,0.0,0.0,0.0,0.0,0,none,0,1,0,overconfident,0.95,0,mild_drift,0.951358064516129,0.0013903225806451616,0.7612903225806452,0.8491935483870967,1768042048.761844,0.597356379032135,0.13482245802879333
181,11584,11583,sea_abrupt4,sea,ts_drift_adapt,3,"error_divergence_ph_meta@error.threshold=0.10,error.min_instances=5",error_divergence_ph_meta,"{""divergence"": {""alpha"": 0.1, ""delta"": 0.005, ""min_instances"": 30, ""threshold"": 0.05}, ""error_rate"": {""alpha"": 0.15, ""delta"": 0.005, ""min_instances"": 5, ""threshold"": 0.1}}","{""error_rate"": {""min_instances"": 5, ""threshold"": 0.1}}",0.1,0.005,0.15,5,0.05,0.005,0.1,30,,,,-1,two_stage,2,0.5,"__confirm_cooldown=200,divergence=0.3,error_rate=0.5,teacher_entropy=0.2",3,0,200,0.0,0,10000,10.0,25.0,200,500,1,8,1.0,0.8127589779005525,0.5333484391146628,0.16666666666666666,0.3329577147960663,0.008115215227007866,0,0,35,35,-1,weighted,,,0,0,0,0.0,0.16666666666666666,0,0.0,0.0,0.0,0.0,0,none,0,1,0,overconfident,0.95,0,mild_drift,0.9558290322580645,0.0013451612903225807,0.7806451612903227,0.8520967741935483,1768042048.77314,0.32042527198791504,0.08956189453601837
182,11648,11647,sea_abrupt4,sea,ts_drift_adapt,3,"error_divergence_ph_meta@error.threshold=0.10,error.min_instances=5",error_divergence_ph_meta,"{""divergence"": {""alpha"": 0.1, ""delta"": 0.005, ""min_instances"": 30, ""threshold"": 0.05}, ""error_rate"": {""alpha"": 0.15, ""delta"": 0.005, ""min_instances"": 5, ""threshold"": 0.1}}","{""error_rate"": {""min_instances"": 5, ""threshold"": 0.1}}",0.1,0.005,0.15,5,0.05,0.005,0.1,30,,,,-1,two_stage,2,0.5,"__confirm_cooldown=200,divergence=0.3,error_rate=0.5,teacher_entropy=0.2",3,0,200,0.0,0,10000,10.0,25.0,200,500,0,0,1.0,0.8132726648351648,0.5350194872469534,0.0,0.3069552183151245,0.006563523318618536,0,0,35,35,-1,weighted,,,0,0,0,0.0,0.16666666666666666,0,0.0,0.0,0.0,0.0,0,none,0,1,0,overconfident,0.95,0,mild_drift,0.9580645161290322,0.0013225806451612906,0.7903225806451614,0.8535483870967742,1768042048.784237,0.09014276415109634,0.08038507401943207
183,11712,11711,sea_abrupt4,sea,ts_drift_adapt,3,"error_divergence_ph_meta@error.threshold=0.10,error.min_instances=5",error_divergence_ph_meta,"{""divergence"": {""alpha"": 0.1, ""delta"": 0.005, ""min_instances"": 30, ""threshold"": 0.05}, ""error_rate"": {""alpha"": 0.15, ""delta"": 0.005, ""min_instances"": 5, ""threshold"": 0.1}}","{""error_rate"": {""min_instances"": 5, ""threshold"": 0.1}}",0.1,0.005,0.15,5,0.05,0.005,0.1,30,,,,-1,two_stage,2,0.5,"__confirm_cooldown=200,divergence=0.3,error_rate=0.5,teacher_entropy=0.2",3,0,200,0.0,0,10000,10.0,25.0,200,500,0,0,1.0,0.8136099726775956,0.5361550329834637,0.0,0.34415310621261597,0.014096931554377079,1,1,36,36,0,weighted,,,0,0,0,0.16666666666666666,0.007533408235758543,1,0.5,0.0,0.0,0.0,0,none,1,1,0,overconfident,0.95,0,severe_drift,0.9245322580645161,0.0016612903225806453,0.6451612903225807,0.8317741935483871,1768042048.7952182,0.09751647710800171,0.10712025314569473
184,11776,11775,sea_abrupt4,sea,ts_drift_adapt,3,"error_divergence_ph_meta@error.threshold=0.10,error.min_instances=5",error_divergence_ph_meta,"{""divergence"": {""alpha"": 0.1, ""delta"": 0.005, ""min_instances"": 30, ""threshold"": 0.05}, ""error_rate"": {""alpha"": 0.15, ""delta"": 0.005, ""min_instances"": 5, ""threshold"": 0.1}}","{""error_rate"": {""min_instances"": 5, ""threshold"": 0.1}}",0.1,0.005,0.15,5,0.05,0.005,0.1,30,,,,-1,two_stage,2,0.5,"__confirm_cooldown=200,divergence=0.3,error_rate=0.5,teacher_entropy=0.2",3,0,200,0.0,0,10000,10.0,25.0,200,500,1,136,1.0,0.8136888586956522,0.5365527280533746,0.16666666666666666,0.3722415268421173,0.011414381675422192,0,0,36,36,-1,weighted,,,0,0,0,0.0,0.16666666666666666,0,0.0,0.0,0.0,0.0,0,none,0,1,0,overconfident,0.95,0,mild_drift,0.942416129032258,0.0014806451612903227,0.7225806451612904,0.8433870967741935,1768042048.80662,0.3111577332019806,0.12119928002357483
185,11840,11839,sea_abrupt4,sea,ts_drift_adapt,3,"error_divergence_ph_meta@error.threshold=0.10,error.min_instances=5",error_divergence_ph_meta,"{""divergence"": {""alpha"": 0.1, ""delta"": 0.005, ""min_instances"": 30, ""threshold"": 0.05}, ""error_rate"": {""alpha"": 0.15, ""delta"": 0.005, ""min_instances"": 5, ""threshold"": 0.1}}","{""error_rate"": {""min_instances"": 5, ""threshold"": 0.1}}",0.1,0.005,0.15,5,0.05,0.005,0.1,30,,,,-1,two_stage,2,0.5,"__confirm_cooldown=200,divergence=0.3,error_rate=0.5,teacher_entropy=0.2",3,0,200,0.0,0,10000,10.0,25.0,200,500,1,72,1.0,0.8135135135135135,0.5361924725164086,0.3333333333333333,0.35823747515678406,0.008643239736557007,0,0,36,36,-1,weighted,,,0,0,0,0.0,0.16666666666666666,0,0.0,0.0,0.0,0.0,0,none,0,1,0,overconfident,0.95,0,mild_drift,0.951358064516129,0.0013903225806451616,0.7612903225806452,0.8491935483870967,1768042048.8179774,0.3638230264186859,0.0928003340959549
186,11904,11903,sea_abrupt4,sea,ts_drift_adapt,3,"error_divergence_ph_meta@error.threshold=0.10,error.min_instances=5",error_divergence_ph_meta,"{""divergence"": {""alpha"": 0.1, ""delta"": 0.005, ""min_instances"": 30, ""threshold"": 0.05}, ""error_rate"": {""alpha"": 0.15, ""delta"": 0.005, ""min_instances"": 5, ""threshold"": 0.1}}","{""error_rate"": {""min_instances"": 5, ""threshold"": 0.1}}",0.1,0.005,0.15,5,0.05,0.005,0.1,30,,,,-1,two_stage,2,0.5,"__confirm_cooldown=200,divergence=0.3,error_rate=0.5,teacher_entropy=0.2",3,0,200,0.0,0,10000,10.0,25.0,200,500,1,8,1.0,0.813424059139785,0.5356089447938703,0.16666666666666666,0.3549714982509613,0.009149902500212193,0,0,36,36,-1,weighted,,,0,0,0,0.0,0.16666666666666666,0,0.0,0.0,0.0,0.0,0,none,0,1,0,overconfident,0.95,0,mild_drift,0.9558290322580645,0.0013451612903225807,0.7806451612903227,0.8520967741935483,1768042048.829243,0.2820188105106354,0.11421334743499756
187,11968,11967,sea_abrupt4,sea,ts_drift_adapt,3,"error_divergence_ph_meta@error.threshold=0.10,error.min_instances=5",error_divergence_ph_meta,"{""divergence"": {""alpha"": 0.1, ""delta"": 0.005, ""min_instances"": 30, ""threshold"": 0.05}, ""error_rate"": {""alpha"": 0.15, ""delta"": 0.005, ""min_instances"": 5, ""threshold"": 0.1}}","{""error_rate"": {""min_instances"": 5, ""threshold"": 0.1}}",0.1,0.005,0.15,5,0.05,0.005,0.1,30,,,,-1,two_stage,2,0.5,"__confirm_cooldown=200,divergence=0.3,error_rate=0.5,teacher_entropy=0.2",3,0,200,0.0,0,10000,10.0,25.0,200,500,0,0,1.0,0.8135026737967914,0.5357422770328356,0.16666666666666666,0.34051576256752014,0.007799153681844473,0,0,36,36,-1,weighted,,,0,0,0,0.0,0.0013507488183677197,0,0.0,0.0,0.0,0.0,0,none,0,1,0,overconfident,0.95,0,mild_drift,0.9580645161290322,0.0013225806451612906,0.7903225806451614,0.8535483870967742,1768042048.8406205,0.32511985301971436,0.12509453296661377
188,12032,12031,sea_abrupt4,sea,ts_drift_adapt,3,"error_divergence_ph_meta@error.threshold=0.10,error.min_instances=5",error_divergence_ph_meta,"{""divergence"": {""alpha"": 0.1, ""delta"": 0.005, ""min_instances"": 30, ""threshold"": 0.05}, ""error_rate"": {""alpha"": 0.15, ""delta"": 0.005, ""min_instances"": 5, ""threshold"": 0.1}}","{""error_rate"": {""min_instances"": 5, ""threshold"": 0.1}}",0.1,0.005,0.15,5,0.05,0.005,0.1,30,,,,-1,two_stage,2,0.5,"__confirm_cooldown=200,divergence=0.3,error_rate=0.5,teacher_entropy=0.2",3,0,200,0.0,0,10000,10.0,25.0,200,500,0,0,1.0,0.8139128989361702,0.5368417143613612,0.16666666666666666,0.3341880738735199,0.015757163986563683,1,1,37,37,0,weighted,,,0,0,0,0.16666666666666666,0.00795801030471921,1,0.5,0.0,0.0,0.0,0,none,1,1,0,overconfident,0.95,0,severe_drift,0.9245322580645161,0.0016612903225806453,0.6451612903225807,0.8317741935483871,1768042048.851416,0.19274236261844635,0.18997225165367126
189,12096,12095,sea_abrupt4,sea,ts_drift_adapt,3,"error_divergence_ph_meta@error.threshold=0.10,error.min_instances=5",error_divergence_ph_meta,"{""divergence"": {""alpha"": 0.1, ""delta"": 0.005, ""min_instances"": 30, ""threshold"": 0.05}, ""error_rate"": {""alpha"": 0.15, ""delta"": 0.005, ""min_instances"": 5, ""threshold"": 0.1}}","{""error_rate"": {""min_instances"": 5, ""threshold"": 0.1}}",0.1,0.005,0.15,5,0.05,0.005,0.1,30,,,,-1,two_stage,2,0.5,"__confirm_cooldown=200,divergence=0.3,error_rate=0.5,teacher_entropy=0.2",3,0,200,0.0,0,10000,10.0,25.0,200,500,1,136,1.0,0.8142361111111112,0.5374306947088523,0.3333333333333333,0.33229202032089233,0.010593977756798267,0,0,37,37,-1,weighted,,,0,0,0,0.0,0.16666666666666666,0,0.0,0.0,0.0,0.0,0,none,0,1,0,overconfident,0.95,0,mild_drift,0.942416129032258,0.0014806451612903227,0.7225806451612904,0.8433870967741935,1768042048.8624377,0.37539753317832947,0.16618524491786957
190,12160,12159,sea_abrupt4,sea,ts_drift_adapt,3,"error_divergence_ph_meta@error.threshold=0.10,error.min_instances=5",error_divergence_ph_meta,"{""divergence"": {""alpha"": 0.1, ""delta"": 0.005, ""min_instances"": 30, ""threshold"": 0.05}, ""error_rate"": {""alpha"": 0.15, ""delta"": 0.005, ""min_instances"": 5, ""threshold"": 0.1}}","{""error_rate"": {""min_instances"": 5, ""threshold"": 0.1}}",0.1,0.005,0.15,5,0.05,0.005,0.1,30,,,,-1,two_stage,2,0.5,"__confirm_cooldown=200,divergence=0.3,error_rate=0.5,teacher_entropy=0.2",3,0,200,0.0,0,10000,10.0,25.0,200,500,1,72,1.0,0.8143092105263158,0.5382717477725207,0.3333333333333333,0.33781883120536804,0.017836453393101692,0,0,37,37,-1,weighted,,,0,0,0,0.0,0.007242475636303425,0,0.0,0.0,0.0,0.0,0,none,0,1,0,overconfident,0.95,0,mild_drift,0.951358064516129,0.0013903225806451616,0.7612903225806452,0.8491935483870967,1768042048.8734324,0.34092482924461365,0.17251327633857727
191,12224,12223,sea_abrupt4,sea,ts_drift_adapt,3,"error_divergence_ph_meta@error.threshold=0.10,error.min_instances=5",error_divergence_ph_meta,"{""divergence"": {""alpha"": 0.1, ""delta"": 0.005, ""min_instances"": 30, ""threshold"": 0.05}, ""error_rate"": {""alpha"": 0.15, ""delta"": 0.005, ""min_instances"": 5, ""threshold"": 0.1}}","{""error_rate"": {""min_instances"": 5, ""threshold"": 0.1}}",0.1,0.005,0.15,5,0.05,0.005,0.1,30,,,,-1,two_stage,2,0.5,"__confirm_cooldown=200,divergence=0.3,error_rate=0.5,teacher_entropy=0.2",3,0,200,0.0,0,10000,10.0,25.0,200,500,1,8,1.0,0.8146269633507853,0.5393383821939669,0.16666666666666666,0.3138808310031891,0.012053489685058594,0,0,37,37,-1,weighted,,,0,0,0,0.0,0.16666666666666666,0,0.0,0.0,0.0,0.0,0,none,0,1,0,overconfident,0.95,0,mild_drift,0.9558290322580645,0.0013451612903225807,0.7806451612903227,0.8520967741935483,1768042048.8842592,0.32859447598457336,0.15131521224975586
192,12288,12287,sea_abrupt4,sea,ts_drift_adapt,3,"error_divergence_ph_meta@error.threshold=0.10,error.min_instances=5",error_divergence_ph_meta,"{""divergence"": {""alpha"": 0.1, ""delta"": 0.005, ""min_instances"": 30, ""threshold"": 0.05}, ""error_rate"": {""alpha"": 0.15, ""delta"": 0.005, ""min_instances"": 5, ""threshold"": 0.1}}","{""error_rate"": {""min_instances"": 5, ""threshold"": 0.1}}",0.1,0.005,0.15,5,0.05,0.005,0.1,30,,,,-1,two_stage,2,0.5,"__confirm_cooldown=200,divergence=0.3,error_rate=0.5,teacher_entropy=0.2",3,0,200,0.0,0,10000,10.0,25.0,200,500,0,0,1.0,0.8146158854166666,0.5399694052086873,0.0,0.33753398060798645,0.015810813754796982,0,0,37,37,-1,weighted,,,0,0,0,0.0,0.16666666666666666,0,0.0,0.0,0.0,0.0,0,none,0,1,0,overconfident,0.95,0,mild_drift,0.9580645161290322,0.0013225806451612906,0.7903225806451614,0.8535483870967742,1768042048.8958187,0.12139584869146347,0.18663698434829712
193,12352,12351,sea_abrupt4,sea,ts_drift_adapt,3,"error_divergence_ph_meta@error.threshold=0.10,error.min_instances=5",error_divergence_ph_meta,"{""divergence"": {""alpha"": 0.1, ""delta"": 0.005, ""min_instances"": 30, ""threshold"": 0.05}, ""error_rate"": {""alpha"": 0.15, ""delta"": 0.005, ""min_instances"": 5, ""threshold"": 0.1}}","{""error_rate"": {""min_instances"": 5, ""threshold"": 0.1}}",0.1,0.005,0.15,5,0.05,0.005,0.1,30,,,,-1,two_stage,2,0.5,"__confirm_cooldown=200,divergence=0.3,error_rate=0.5,teacher_entropy=0.2",3,0,200,0.0,0,10000,10.0,25.0,200,500,0,0,1.0,0.8142810880829016,0.5398036737375166,0.16666666666666666,0.3613429665565491,0.017925944179296494,1,1,38,38,0,weighted,,,0,0,0,0.0,0.16666666666666666,1,0.5,0.0,0.0,0.0,0,none,1,1,0,overconfident,0.95,0,stable,0.9740322580645161,0.0010612903225806452,0.8951612903225807,0.8992741935483871,1768042048.9099157,0.35168135166168213,0.15138296782970428
194,12416,12415,sea_abrupt4,sea,ts_drift_adapt,3,"error_divergence_ph_meta@error.threshold=0.10,error.min_instances=5",error_divergence_ph_meta,"{""divergence"": {""alpha"": 0.1, ""delta"": 0.005, ""min_instances"": 30, ""threshold"": 0.05}, ""error_rate"": {""alpha"": 0.15, ""delta"": 0.005, ""min_instances"": 5, ""threshold"": 0.1}}","{""error_rate"": {""min_instances"": 5, ""threshold"": 0.1}}",0.1,0.005,0.15,5,0.05,0.005,0.1,30,,,,-1,two_stage,2,0.5,"__confirm_cooldown=200,divergence=0.3,error_rate=0.5,teacher_entropy=0.2",3,0,200,0.0,0,10000,10.0,25.0,200,500,1,136,1.0,0.8145135309278351,0.5403451356977843,0.0,0.32133859395980835,0.011352135799825191,0,0,38,38,-1,weighted,,,0,0,0,0.0,0.16666666666666666,0,0.0,0.0,0.0,0.0,0,none,0,1,0,overconfident,0.95,0,mild_drift,0.967166129032258,0.0011806451612903228,0.8475806451612904,0.8771370967741936,1768042048.92391,0.11831607669591904,0.10827332735061646
195,12480,12479,sea_abrupt4,sea,ts_drift_adapt,3,"error_divergence_ph_meta@error.threshold=0.10,error.min_instances=5",error_divergence_ph_meta,"{""divergence"": {""alpha"": 0.1, ""delta"": 0.005, ""min_instances"": 30, ""threshold"": 0.05}, ""error_rate"": {""alpha"": 0.15, ""delta"": 0.005, ""min_instances"": 5, ""threshold"": 0.1}}","{""error_rate"": {""min_instances"": 5, ""threshold"": 0.1}}",0.1,0.005,0.15,5,0.05,0.005,0.1,30,,,,-1,two_stage,2,0.5,"__confirm_cooldown=200,divergence=0.3,error_rate=0.5,teacher_entropy=0.2",3,0,200,0.0,0,10000,10.0,25.0,200,500,1,72,1.0,0.8149839743589744,0.5418353310613181,0.0,0.33706212043762207,0.00808027945458889,0,0,38,38,-1,weighted,,,0,0,0,0.0,0.0032718563452363014,0,0.0,0.0,0.0,0.0,0,none,0,1,0,overconfident,0.95,0,mild_drift,0.963733064516129,0.0012403225806451616,0.8237903225806452,0.8660685483870968,1768042048.9380922,0.1280437856912613,0.09172438085079193
196,12544,12543,sea_abrupt4,sea,ts_drift_adapt,3,"error_divergence_ph_meta@error.threshold=0.10,error.min_instances=5",error_divergence_ph_meta,"{""divergence"": {""alpha"": 0.1, ""delta"": 0.005, ""min_instances"": 30, ""threshold"": 0.05}, ""error_rate"": {""alpha"": 0.15, ""delta"": 0.005, ""min_instances"": 5, ""threshold"": 0.1}}","{""error_rate"": {""min_instances"": 5, ""threshold"": 0.1}}",0.1,0.005,0.15,5,0.05,0.005,0.1,30,,,,-1,two_stage,2,0.5,"__confirm_cooldown=200,divergence=0.3,error_rate=0.5,teacher_entropy=0.2",3,0,200,0.0,0,10000,10.0,25.0,200,500,1,8,1.0,0.8152104591836735,0.542890718577183,0.0,0.35329025983810425,0.01097302045673132,0,0,38,38,-1,weighted,,,0,0,0,0.0,0.0028927410021424294,0,0.0,0.0,0.0,0.0,0,none,0,1,0,overconfident,0.95,0,mild_drift,0.9620165322580645,0.0012701612903225808,0.8118951612903227,0.8605342741935484,1768042048.9494913,0.09942556172609329,0.10164795070886612
197,12608,12607,sea_abrupt4,sea,ts_drift_adapt,3,"error_divergence_ph_meta@error.threshold=0.10,error.min_instances=5",error_divergence_ph_meta,"{""divergence"": {""alpha"": 0.1, ""delta"": 0.005, ""min_instances"": 30, ""threshold"": 0.05}, ""error_rate"": {""alpha"": 0.15, ""delta"": 0.005, ""min_instances"": 5, ""threshold"": 0.1}}","{""error_rate"": {""min_instances"": 5, ""threshold"": 0.1}}",0.1,0.005,0.15,5,0.05,0.005,0.1,30,,,,-1,two_stage,2,0.5,"__confirm_cooldown=200,divergence=0.3,error_rate=0.5,teacher_entropy=0.2",3,0,200,0.0,0,10000,10.0,25.0,200,500,0,0,1.0,0.8155932741116751,0.5437356386209939,0.0,0.284245103597641,0.006636276841163635,0,0,38,38,-1,weighted,,,0,0,0,0.0,0.004336743615567684,0,0.0,0.0,0.0,0.0,0,none,0,1,0,overconfident,0.95,0,mild_drift,0.9611582661290322,0.0012850806451612904,0.8059475806451614,0.8577671370967742,1768042048.9611294,0.06477170437574387,0.060934796929359436
198,12672,12671,sea_abrupt4,sea,ts_drift_adapt,3,"error_divergence_ph_meta@error.threshold=0.10,error.min_instances=5",error_divergence_ph_meta,"{""divergence"": {""alpha"": 0.1, ""delta"": 0.005, ""min_instances"": 30, ""threshold"": 0.05}, ""error_rate"": {""alpha"": 0.15, ""delta"": 0.005, ""min_instances"": 5, ""threshold"": 0.1}}","{""error_rate"": {""min_instances"": 5, ""threshold"": 0.1}}",0.1,0.005,0.15,5,0.05,0.005,0.1,30,,,,-1,two_stage,2,0.5,"__confirm_cooldown=200,divergence=0.3,error_rate=0.5,teacher_entropy=0.2",3,0,200,0.0,0,10000,10.0,25.0,200,500,0,0,1.0,0.8158143939393939,0.5444991809241068,0.0,0.3304685950279236,0.01135551743209362,0,0,38,38,-1,weighted,,,0,0,0,0.0,0.004719240590929985,0,0.0,0.0,0.0,0.0,0,none,0,1,0,overconfident,0.95,0,mild_drift,0.960729133064516,0.0012925403225806454,0.8029737903225806,0.8563835685483872,1768042048.9721968,0.05977683141827583,0.10028141736984253
199,12736,12735,sea_abrupt4,sea,ts_drift_adapt,3,"error_divergence_ph_meta@error.threshold=0.10,error.min_instances=5",error_divergence_ph_meta,"{""divergence"": {""alpha"": 0.1, ""delta"": 0.005, ""min_instances"": 30, ""threshold"": 0.05}, ""error_rate"": {""alpha"": 0.15, ""delta"": 0.005, ""min_instances"": 5, ""threshold"": 0.1}}","{""error_rate"": {""min_instances"": 5, ""threshold"": 0.1}}",0.1,0.005,0.15,5,0.05,0.005,0.1,30,,,,-1,two_stage,2,0.5,"__confirm_cooldown=200,divergence=0.3,error_rate=0.5,teacher_entropy=0.2",3,0,200,0.0,0,10000,10.0,25.0,200,500,0,0,1.0,0.8157192211055276,0.5443506224072714,0.5,0.30140140652656555,0.015144572593271732,1,1,39,39,0,weighted,,,0,0,0,0.33333333333333337,0.5,1,0.5,0.0,0.0,0.0,0,none,1,1,0,overconfident,0.95,0,severe_drift,0.925864566532258,0.0016462701612903227,0.6514868951612903,0.8331917842741936,1768042048.9834418,0.9489113688468933,0.10651715844869614
200,12800,12799,sea_abrupt4,sea,ts_drift_adapt,3,"error_divergence_ph_meta@error.threshold=0.10,error.min_instances=5",error_divergence_ph_meta,"{""divergence"": {""alpha"": 0.1, ""delta"": 0.005, ""min_instances"": 30, ""threshold"": 0.05}, ""error_rate"": {""alpha"": 0.15, ""delta"": 0.005, ""min_instances"": 5, ""threshold"": 0.1}}","{""error_rate"": {""min_instances"": 5, ""threshold"": 0.1}}",0.1,0.005,0.15,5,0.05,0.005,0.1,30,,,,-1,two_stage,2,0.5,"__confirm_cooldown=200,divergence=0.3,error_rate=0.5,teacher_entropy=0.2",3,0,200,0.0,0,10000,10.0,25.0,200,500,1,136,1.0,0.815703125,0.5444284000081352,0.16666666666666666,0.31578099727630615,0.010805496945977211,0,0,39,39,-1,weighted,,,0,0,0,0.0,0.33333333333333337,0,0.0,0.0,0.0,0.0,0,none,0,1,0,overconfident,0.95,0,mild_drift,0.943082283266129,0.0014731350806451615,0.7257434475806452,0.8440958921370968,1768042048.9943984,0.20407001674175262,0.08961440622806549
201,12864,12863,sea_abrupt4,sea,ts_drift_adapt,3,"error_divergence_ph_meta@error.threshold=0.10,error.min_instances=5",error_divergence_ph_meta,"{""divergence"": {""alpha"": 0.1, ""delta"": 0.005, ""min_instances"": 30, ""threshold"": 0.05}, ""error_rate"": {""alpha"": 0.15, ""delta"": 0.005, ""min_instances"": 5, ""threshold"": 0.1}}","{""error_rate"": {""min_instances"": 5, ""threshold"": 0.1}}",0.1,0.005,0.15,5,0.05,0.005,0.1,30,,,,-1,two_stage,2,0.5,"__confirm_cooldown=200,divergence=0.3,error_rate=0.5,teacher_entropy=0.2",3,0,200,0.0,0,10000,10.0,25.0,200,500,1,72,1.0,0.8157649253731343,0.5446033360515815,0.3333333333333333,0.3009260296821594,0.01380887534469366,0,0,39,39,-1,weighted,,,0,0,0,0.0,0.16666666666666666,0,0.0,0.0,0.0,0.0,0,none,0,1,0,overconfident,0.95,0,mild_drift,0.9516911416330645,0.001386567540322581,0.7628717237903226,0.8495479460685484,1768042049.005385,1.2900279760360718,0.11162090301513672
202,12928,12927,sea_abrupt4,sea,ts_drift_adapt,3,"error_divergence_ph_meta@error.threshold=0.10,error.min_instances=5",error_divergence_ph_meta,"{""divergence"": {""alpha"": 0.1, ""delta"": 0.005, ""min_instances"": 30, ""threshold"": 0.05}, ""error_rate"": {""alpha"": 0.15, ""delta"": 0.005, ""min_instances"": 5, ""threshold"": 0.1}}","{""error_rate"": {""min_instances"": 5, ""threshold"": 0.1}}",0.1,0.005,0.15,5,0.05,0.005,0.1,30,,,,-1,two_stage,2,0.5,"__confirm_cooldown=200,divergence=0.3,error_rate=0.5,teacher_entropy=0.2",3,0,200,0.0,0,10000,10.0,25.0,200,500,1,8,1.0,0.8156714108910891,0.5440682927666698,0.16666666666666666,0.35332363843917847,0.015075457282364368,0,0,39,39,-1,weighted,,,0,0,0,0.0,0.16666666666666666,0,0.0,0.0,0.0,0.0,0,none,0,1,0,overconfident,0.95,0,mild_drift,0.9559955708165322,0.0013432837701612904,0.7814358618951613,0.8522739730342742,1768042049.0166798,0.3103831708431244,0.108064204454422
203,12992,12991,sea_abrupt4,sea,ts_drift_adapt,3,"error_divergence_ph_meta@error.threshold=0.10,error.min_instances=5",error_divergence_ph_meta,"{""divergence"": {""alpha"": 0.1, ""delta"": 0.005, ""min_instances"": 30, ""threshold"": 0.05}, ""error_rate"": {""alpha"": 0.15, ""delta"": 0.005, ""min_instances"": 5, ""threshold"": 0.1}}","{""error_rate"": {""min_instances"": 5, ""threshold"": 0.1}}",0.1,0.005,0.15,5,0.05,0.005,0.1,30,,,,-1,two_stage,2,0.5,"__confirm_cooldown=200,divergence=0.3,error_rate=0.5,teacher_entropy=0.2",3,0,200,0.0,0,10000,10.0,25.0,200,500,0,0,1.0,0.8156557881773399,0.5440693069794384,0.16666666666666666,0.30102017521858215,0.01256505586206913,0,0,39,39,-1,weighted,,,0,0,0,0.0,0.0025104014202952385,0,0.0,0.0,0.0,0.0,0,none,0,1,0,overconfident,0.95,0,mild_drift,0.9581477854082661,0.0013216418850806452,0.7907179309475807,0.8536369865171372,1768042049.0278115,0.3171800374984741,0.09425416588783264
204,13056,13055,sea_abrupt4,sea,ts_drift_adapt,3,"error_divergence_ph_meta@error.threshold=0.10,error.min_instances=5",error_divergence_ph_meta,"{""divergence"": {""alpha"": 0.1, ""delta"": 0.005, ""min_instances"": 30, ""threshold"": 0.05}, ""error_rate"": {""alpha"": 0.15, ""delta"": 0.005, ""min_instances"": 5, ""threshold"": 0.1}}","{""error_rate"": {""min_instances"": 5, ""threshold"": 0.1}}",0.1,0.005,0.15,5,0.05,0.005,0.1,30,,,,-1,two_stage,2,0.5,"__confirm_cooldown=200,divergence=0.3,error_rate=0.5,teacher_entropy=0.2",3,0,200,0.0,0,10000,10.0,25.0,200,500,0,0,1.0,0.8155637254901961,0.5436975398039063,0.0,0.33984172344207764,0.010622840374708176,1,1,40,40,0,weighted,,,0,0,0,0.5,0.16666666666666666,1,0.5,0.0,0.0,0.0,0,none,1,1,0,overconfident,0.95,0,severe_drift,0.924573892704133,0.0016608209425403226,0.6453589654737903,0.8318184932585686,1768042049.0390193,0.04331013560295105,0.11707556247711182
205,13120,13119,sea_abrupt4,sea,ts_drift_adapt,3,"error_divergence_ph_meta@error.threshold=0.10,error.min_instances=5",error_divergence_ph_meta,"{""divergence"": {""alpha"": 0.1, ""delta"": 0.005, ""min_instances"": 30, ""threshold"": 0.05}, ""error_rate"": {""alpha"": 0.15, ""delta"": 0.005, ""min_instances"": 5, ""threshold"": 0.1}}","{""error_rate"": {""min_instances"": 5, ""threshold"": 0.1}}",0.1,0.005,0.15,5,0.05,0.005,0.1,30,,,,-1,two_stage,2,0.5,"__confirm_cooldown=200,divergence=0.3,error_rate=0.5,teacher_entropy=0.2",3,0,200,0.0,0,10000,10.0,25.0,200,500,1,136,1.0,0.8157012195121951,0.5444603533742962,0.16666666666666666,0.2990763783454895,0.009359589777886868,0,0,40,40,-1,weighted,,,0,0,0,0.0,0.16666666666666666,0,0.0,0.0,0.0,0.0,0,none,0,1,0,overconfident,0.95,0,mild_drift,0.9424369463520665,0.0014804104712701615,0.7226794827368952,0.8434092466292843,1768042049.0502317,0.3951602280139923,0.11030426621437073
206,13184,13183,sea_abrupt4,sea,ts_drift_adapt,3,"error_divergence_ph_meta@error.threshold=0.10,error.min_instances=5",error_divergence_ph_meta,"{""divergence"": {""alpha"": 0.1, ""delta"": 0.005, ""min_instances"": 30, ""threshold"": 0.05}, ""error_rate"": {""alpha"": 0.15, ""delta"": 0.005, ""min_instances"": 5, ""threshold"": 0.1}}","{""error_rate"": {""min_instances"": 5, ""threshold"": 0.1}}",0.1,0.005,0.15,5,0.05,0.005,0.1,30,,,,-1,two_stage,2,0.5,"__confirm_cooldown=200,divergence=0.3,error_rate=0.5,teacher_entropy=0.2",3,0,200,0.0,0,10000,10.0,25.0,200,500,1,72,1.0,0.8158373786407767,0.5450324437829794,0.0,0.2859196960926056,0.014480537734925747,0,0,40,40,-1,weighted,,,0,0,0,0.0,0.16666666666666666,0,0.0,0.0,0.0,0.0,0,none,0,1,0,overconfident,0.95,0,mild_drift,0.9513684731760332,0.0013902052356350807,0.7613397413684476,0.8492046233146422,1768042049.0607793,0.1075933650135994,0.16530917584896088
207,13248,13247,sea_abrupt4,sea,ts_drift_adapt,3,"error_divergence_ph_meta@error.threshold=0.10,error.min_instances=5",error_divergence_ph_meta,"{""divergence"": {""alpha"": 0.1, ""delta"": 0.005, ""min_instances"": 30, ""threshold"": 0.05}, ""error_rate"": {""alpha"": 0.15, ""delta"": 0.005, ""min_instances"": 5, ""threshold"": 0.1}}","{""error_rate"": {""min_instances"": 5, ""threshold"": 0.1}}",0.1,0.005,0.15,5,0.05,0.005,0.1,30,,,,-1,two_stage,2,0.5,"__confirm_cooldown=200,divergence=0.3,error_rate=0.5,teacher_entropy=0.2",3,0,200,0.0,0,10000,10.0,25.0,200,500,1,8,1.0,0.8156702898550725,0.5453939224156733,0.3333333333333333,0.2685919404029846,0.00974554754793644,0,0,40,40,-1,weighted,,,0,0,0,0.0,0.3333333333333333,0,0.0,0.0,0.0,0.0,0,none,0,1,0,overconfident,0.95,0,mild_drift,0.9558342365880166,0.0013451026178175405,0.7806698706842239,0.8521023116573211,1768042049.0716143,0.6209820508956909,0.1503617912530899
208,13312,13311,sea_abrupt4,sea,ts_drift_adapt,3,"error_divergence_ph_meta@error.threshold=0.10,error.min_instances=5",error_divergence_ph_meta,"{""divergence"": {""alpha"": 0.1, ""delta"": 0.005, ""min_instances"": 30, ""threshold"": 0.05}, ""error_rate"": {""alpha"": 0.15, ""delta"": 0.005, ""min_instances"": 5, ""threshold"": 0.1}}","{""error_rate"": {""min_instances"": 5, ""threshold"": 0.1}}",0.1,0.005,0.15,5,0.05,0.005,0.1,30,,,,-1,two_stage,2,0.5,"__confirm_cooldown=200,divergence=0.3,error_rate=0.5,teacher_entropy=0.2",3,0,200,0.0,0,10000,10.0,25.0,200,500,0,0,1.0,0.8158052884615384,0.5457149894681277,0.0,0.30745601654052734,0.013371339067816734,0,0,40,40,-1,weighted,,,0,0,0,0.0,0.3333333333333333,0,0.0,0.0,0.0,0.0,0,none,0,1,0,overconfident,0.95,0,mild_drift,0.9580671182940083,0.0013225513089087705,0.790334935342112,0.8535511558286606,1768042049.0829802,0.09311345964670181,0.1688249558210373
209,13376,13375,sea_abrupt4,sea,ts_drift_adapt,3,"error_divergence_ph_meta@error.threshold=0.10,error.min_instances=5",error_divergence_ph_meta,"{""divergence"": {""alpha"": 0.1, ""delta"": 0.005, ""min_instances"": 30, ""threshold"": 0.05}, ""error_rate"": {""alpha"": 0.15, ""delta"": 0.005, ""min_instances"": 5, ""threshold"": 0.1}}","{""error_rate"": {""min_instances"": 5, ""threshold"": 0.1}}",0.1,0.005,0.15,5,0.05,0.005,0.1,30,,,,-1,two_stage,2,0.5,"__confirm_cooldown=200,divergence=0.3,error_rate=0.5,teacher_entropy=0.2",3,0,200,0.0,0,10000,10.0,25.0,200,500,0,0,1.0,0.8163127990430622,0.5472519312252538,0.0,0.29546016454696655,0.01325372513383627,1,1,41,41,0,weighted,,,0,0,0,0.0,0.00011761393398046494,1,0.5,0.0,0.0,0.0,0,none,1,1,0,overconfident,0.95,0,stable,0.9740335591470042,0.0010612756544543852,0.8951674676710559,0.8992755779143303,1768042049.0943384,0.09201032668352127,0.15135979652404785
210,13440,13439,sea_abrupt4,sea,ts_drift_adapt,3,"error_divergence_ph_meta@error.threshold=0.10,error.min_instances=5",error_divergence_ph_meta,"{""divergence"": {""alpha"": 0.1, ""delta"": 0.005, ""min_instances"": 30, ""threshold"": 0.05}, ""error_rate"": {""alpha"": 0.15, ""delta"": 0.005, ""min_instances"": 5, ""threshold"": 0.1}}","{""error_rate"": {""min_instances"": 5, ""threshold"": 0.1}}",0.1,0.005,0.15,5,0.05,0.005,0.1,30,,,,-1,two_stage,2,0.5,"__confirm_cooldown=200,divergence=0.3,error_rate=0.5,teacher_entropy=0.2",3,0,200,0.0,0,10000,10.0,25.0,200,500,1,136,1.0,0.8166666666666667,0.5479207183783019,0.16666666666666666,0.27386659383773804,0.007461820263415575,0,0,41,41,-1,weighted,,,0,0,0,0.0,0.16666666666666666,0,0.0,0.0,0.0,0.0,0,none,0,1,0,overconfident,0.95,0,mild_drift,0.9671667795735021,0.0011806378272271926,0.847583733835528,0.8771377889571652,1768042049.1068084,0.6196826696395874,0.08806470781564713
211,13504,13503,sea_abrupt4,sea,ts_drift_adapt,3,"error_divergence_ph_meta@error.threshold=0.10,error.min_instances=5",error_divergence_ph_meta,"{""divergence"": {""alpha"": 0.1, ""delta"": 0.005, ""min_instances"": 30, ""threshold"": 0.05}, ""error_rate"": {""alpha"": 0.15, ""delta"": 0.005, ""min_instances"": 5, ""threshold"": 0.1}}","{""error_rate"": {""min_instances"": 5, ""threshold"": 0.1}}",0.1,0.005,0.15,5,0.05,0.005,0.1,30,,,,-1,two_stage,2,0.5,"__confirm_cooldown=200,divergence=0.3,error_rate=0.5,teacher_entropy=0.2",3,0,200,0.0,0,10000,10.0,25.0,200,500,1,72,1.0,0.8168690758293838,0.548451779056121,0.0,0.28428295254707336,0.01458102185279131,0,0,41,41,-1,weighted,,,0,0,0,0.0,0.16666666666666666,0,0.0,0.0,0.0,0.0,0,none,0,1,0,overconfident,0.95,0,mild_drift,0.963733389786751,0.0012403189136135965,0.823791866917764,0.8660688944785826,1768042049.1207886,0.18813328444957733,0.15423312783241272
212,13568,13567,sea_abrupt4,sea,ts_drift_adapt,3,"error_divergence_ph_meta@error.threshold=0.10,error.min_instances=5",error_divergence_ph_meta,"{""divergence"": {""alpha"": 0.1, ""delta"": 0.005, ""min_instances"": 30, ""threshold"": 0.05}, ""error_rate"": {""alpha"": 0.15, ""delta"": 0.005, ""min_instances"": 5, ""threshold"": 0.1}}","{""error_rate"": {""min_instances"": 5, ""threshold"": 0.1}}",0.1,0.005,0.15,5,0.05,0.005,0.1,30,,,,-1,two_stage,2,0.5,"__confirm_cooldown=200,divergence=0.3,error_rate=0.5,teacher_entropy=0.2",3,0,200,0.0,0,10000,10.0,25.0,200,500,1,8,1.0,0.8169221698113207,0.5492358924562811,0.0,0.3328878581523895,0.014462350867688656,0,0,41,41,-1,weighted,,,0,0,0,0.0,0.0001186709851026535,0,0.0,0.0,0.0,0.0,0,none,0,1,0,overconfident,0.95,0,mild_drift,0.9620166948933755,0.0012701594568067984,0.811895933458882,0.8605344472392913,1768042049.1348734,0.05370846018195152,0.15119598805904388
213,13632,13631,sea_abrupt4,sea,ts_drift_adapt,3,"error_divergence_ph_meta@error.threshold=0.10,error.min_instances=5",error_divergence_ph_meta,"{""divergence"": {""alpha"": 0.1, ""delta"": 0.005, ""min_instances"": 30, ""threshold"": 0.05}, ""error_rate"": {""alpha"": 0.15, ""delta"": 0.005, ""min_instances"": 5, ""threshold"": 0.1}}","{""error_rate"": {""min_instances"": 5, ""threshold"": 0.1}}",0.1,0.005,0.15,5,0.05,0.005,0.1,30,,,,-1,two_stage,2,0.5,"__confirm_cooldown=200,divergence=0.3,error_rate=0.5,teacher_entropy=0.2",3,0,200,0.0,0,10000,10.0,25.0,200,500,0,0,1.0,0.8168280516431925,0.5491760909974134,0.0,0.32801705598831177,0.010322291404008865,0,0,41,41,-1,weighted,,,0,0,0,0.0,0.0041400594636797905,0,0.0,0.0,0.0,0.0,0,none,0,1,0,overconfident,0.95,0,mild_drift,0.9611583474466877,0.0012850797284033994,0.805947966729441,0.8577672236196456,1768042049.147748,0.14079268276691437,0.11788569390773773
214,13696,13695,sea_abrupt4,sea,ts_drift_adapt,3,"error_divergence_ph_meta@error.threshold=0.10,error.min_instances=5",error_divergence_ph_meta,"{""divergence"": {""alpha"": 0.1, ""delta"": 0.005, ""min_instances"": 30, ""threshold"": 0.05}, ""error_rate"": {""alpha"": 0.15, ""delta"": 0.005, ""min_instances"": 5, ""threshold"": 0.1}}","{""error_rate"": {""min_instances"": 5, ""threshold"": 0.1}}",0.1,0.005,0.15,5,0.05,0.005,0.1,30,,,,-1,two_stage,2,0.5,"__confirm_cooldown=200,divergence=0.3,error_rate=0.5,teacher_entropy=0.2",3,0,200,0.0,0,10000,10.0,25.0,200,500,0,0,1.0,0.8170268691588785,0.5493050072505818,0.5,0.2906356453895569,0.00826536025851965,1,1,42,42,0,weighted,,,0,0,0,0.5,0.5,1,0.5,0.0,0.0,0.0,0,none,1,1,0,overconfident,0.95,0,severe_drift,0.9260791737233438,0.0016425398642016997,0.6529739833647206,0.8338836118098228,1768042049.159243,0.844288170337677,0.10490895062685013
215,13760,13759,sea_abrupt4,sea,ts_drift_adapt,3,"error_divergence_ph_meta@error.threshold=0.10,error.min_instances=5",error_divergence_ph_meta,"{""divergence"": {""alpha"": 0.1, ""delta"": 0.005, ""min_instances"": 30, ""threshold"": 0.05}, ""error_rate"": {""alpha"": 0.15, ""delta"": 0.005, ""min_instances"": 5, ""threshold"": 0.1}}","{""error_rate"": {""min_instances"": 5, ""threshold"": 0.1}}",0.1,0.005,0.15,5,0.05,0.005,0.1,30,,,,-1,two_stage,2,0.5,"__confirm_cooldown=200,divergence=0.3,error_rate=0.5,teacher_entropy=0.2",3,0,200,0.0,0,10000,10.0,25.0,200,500,1,136,1.0,0.8171511627906977,0.5499097470507069,0.0,0.27551642060279846,0.009115999564528465,0,0,42,42,-1,weighted,,,0,0,0,0.0,0.5,0,0.0,0.0,0.0,0.0,0,none,0,1,0,overconfident,0.95,0,mild_drift,0.9431895868616719,0.00147126993210085,0.7264869916823603,0.8444418059049115,1768042049.1707423,0.11219950765371323,0.11452919244766235
216,13824,13823,sea_abrupt4,sea,ts_drift_adapt,3,"error_divergence_ph_meta@error.threshold=0.10,error.min_instances=5",error_divergence_ph_meta,"{""divergence"": {""alpha"": 0.1, ""delta"": 0.005, ""min_instances"": 30, ""threshold"": 0.05}, ""error_rate"": {""alpha"": 0.15, ""delta"": 0.005, ""min_instances"": 5, ""threshold"": 0.1}}","{""error_rate"": {""min_instances"": 5, ""threshold"": 0.1}}",0.1,0.005,0.15,5,0.05,0.005,0.1,30,,,,-1,two_stage,2,0.5,"__confirm_cooldown=200,divergence=0.3,error_rate=0.5,teacher_entropy=0.2",3,0,200,0.0,0,10000,10.0,25.0,200,500,1,72,1.0,0.8173466435185185,0.5505867262711938,0.0,0.32182177901268005,0.009107792750000954,0,0,42,42,-1,weighted,,,0,0,0,0.0,8.206814527511597e-06,0,0.0,0.0,0.0,0.0,0,none,0,1,0,overconfident,0.95,0,mild_drift,0.9517447934308358,0.0013856349660504252,0.7632434958411802,0.8497209029524557,1768042049.1824045,0.1036599650979042,0.11180701851844788
217,13888,13887,sea_abrupt4,sea,ts_drift_adapt,3,"error_divergence_ph_meta@error.threshold=0.10,error.min_instances=5",error_divergence_ph_meta,"{""divergence"": {""alpha"": 0.1, ""delta"": 0.005, ""min_instances"": 30, ""threshold"": 0.05}, ""error_rate"": {""alpha"": 0.15, ""delta"": 0.005, ""min_instances"": 5, ""threshold"": 0.1}}","{""error_rate"": {""min_instances"": 5, ""threshold"": 0.1}}",0.1,0.005,0.15,5,0.05,0.005,0.1,30,,,,-1,two_stage,2,0.5,"__confirm_cooldown=200,divergence=0.3,error_rate=0.5,teacher_entropy=0.2",3,0,200,0.0,0,10000,10.0,25.0,200,500,1,8,1.0,0.8177563364055299,0.5513957470352105,0.16666666666666666,0.2469140887260437,0.01147704478353262,0,0,42,42,-1,weighted,,,0,0,0,0.0,0.16666666666666666,0,0.0,0.0,0.0,0.0,0,none,0,1,0,overconfident,0.95,0,mild_drift,0.9560223967154179,0.0013428174830252128,0.7816217479205901,0.8523604514762279,1768042049.1936548,0.29384222626686096,0.12924057245254517
218,13952,13951,sea_abrupt4,sea,ts_drift_adapt,3,"error_divergence_ph_meta@error.threshold=0.10,error.min_instances=5",error_divergence_ph_meta,"{""divergence"": {""alpha"": 0.1, ""delta"": 0.005, ""min_instances"": 30, ""threshold"": 0.05}, ""error_rate"": {""alpha"": 0.15, ""delta"": 0.005, ""min_instances"": 5, ""threshold"": 0.1}}","{""error_rate"": {""min_instances"": 5, ""threshold"": 0.1}}",0.1,0.005,0.15,5,0.05,0.005,0.1,30,,,,-1,two_stage,2,0.5,"__confirm_cooldown=200,divergence=0.3,error_rate=0.5,teacher_entropy=0.2",3,0,200,0.0,0,10000,10.0,25.0,200,500,0,0,1.0,0.8178038990825688,0.5515804362848943,0.3333333333333333,0.3002501428127289,0.015466905198991299,0,0,42,42,-1,weighted,,,0,0,0,0.0,0.16666666666666666,0,0.0,0.0,0.0,0.0,0,none,0,1,0,overconfident,0.95,0,mild_drift,0.958161198357709,0.0013214087415126066,0.790810873960295,0.853680225738114,1768042049.2049284,0.7200977802276611,0.14019833505153656
219,14016,14015,sea_abrupt4,sea,ts_drift_adapt,3,"error_divergence_ph_meta@error.threshold=0.10,error.min_instances=5",error_divergence_ph_meta,"{""divergence"": {""alpha"": 0.1, ""delta"": 0.005, ""min_instances"": 30, ""threshold"": 0.05}, ""error_rate"": {""alpha"": 0.15, ""delta"": 0.005, ""min_instances"": 5, ""threshold"": 0.1}}","{""error_rate"": {""min_instances"": 5, ""threshold"": 0.1}}",0.1,0.005,0.15,5,0.05,0.005,0.1,30,,,,-1,two_stage,2,0.5,"__confirm_cooldown=200,divergence=0.3,error_rate=0.5,teacher_entropy=0.2",3,0,200,0.0,0,10000,10.0,25.0,200,500,0,0,1.0,0.8182077625570776,0.5522390125638188,0.0,0.3082568645477295,0.01928122527897358,1,1,43,43,0,weighted,,,0,0,0,0.5,0.3333333333333333,1,0.5,0.0,0.0,0.0,0,none,1,1,0,overconfident,0.95,0,severe_drift,0.9245805991788545,0.0016607043707563033,0.6454054369801475,0.831840112869057,1768042049.2159736,0.11521291732788086,0.1932620108127594
220,14080,14079,sea_abrupt4,sea,ts_drift_adapt,3,"error_divergence_ph_meta@error.threshold=0.10,error.min_instances=5",error_divergence_ph_meta,"{""divergence"": {""alpha"": 0.1, ""delta"": 0.005, ""min_instances"": 30, ""threshold"": 0.05}, ""error_rate"": {""alpha"": 0.15, ""delta"": 0.005, ""min_instances"": 5, ""threshold"": 0.1}}","{""error_rate"": {""min_instances"": 5, ""threshold"": 0.1}}",0.1,0.005,0.15,5,0.05,0.005,0.1,30,,,,-1,two_stage,2,0.5,"__confirm_cooldown=200,divergence=0.3,error_rate=0.5,teacher_entropy=0.2",3,0,200,0.0,0,10000,10.0,25.0,200,500,1,136,1.0,0.8181107954545455,0.5521377306444334,0.3333333333333333,0.25740569829940796,0.006726710591465235,0,0,43,43,-1,weighted,,,0,0,0,0.0,0.3333333333333333,0,0.0,0.0,0.0,0.0,0,none,0,1,0,overconfident,0.95,0,mild_drift,0.9424402995894272,0.0014803521853781517,0.7227027184900738,0.8434200564345284,1768042049.2269173,0.37701141834259033,0.11308816075325012
221,14144,14143,sea_abrupt4,sea,ts_drift_adapt,3,"error_divergence_ph_meta@error.threshold=0.10,error.min_instances=5",error_divergence_ph_meta,"{""divergence"": {""alpha"": 0.1, ""delta"": 0.005, ""min_instances"": 30, ""threshold"": 0.05}, ""error_rate"": {""alpha"": 0.15, ""delta"": 0.005, ""min_instances"": 5, ""threshold"": 0.1}}","{""error_rate"": {""min_instances"": 5, ""threshold"": 0.1}}",0.1,0.005,0.15,5,0.05,0.005,0.1,30,,,,-1,two_stage,2,0.5,"__confirm_cooldown=200,divergence=0.3,error_rate=0.5,teacher_entropy=0.2",3,0,200,0.0,0,10000,10.0,25.0,200,500,1,72,1.0,0.8182975113122172,0.5529126966487959,0.16666666666666666,0.3286578953266144,0.013881206512451172,0,0,43,43,-1,weighted,,,0,0,0,0.0,0.16666666666666666,0,0.0,0.0,0.0,0.0,0,none,0,1,0,overconfident,0.95,0,mild_drift,0.9513701497947136,0.001390176092689076,0.7613513592450369,0.8492100282172642,1768042049.238194,0.1982535719871521,0.1487978994846344
222,14208,14207,sea_abrupt4,sea,ts_drift_adapt,3,"error_divergence_ph_meta@error.threshold=0.10,error.min_instances=5",error_divergence_ph_meta,"{""divergence"": {""alpha"": 0.1, ""delta"": 0.005, ""min_instances"": 30, ""threshold"": 0.05}, ""error_rate"": {""alpha"": 0.15, ""delta"": 0.005, ""min_instances"": 5, ""threshold"": 0.1}}","{""error_rate"": {""min_instances"": 5, ""threshold"": 0.1}}",0.1,0.005,0.15,5,0.05,0.005,0.1,30,,,,-1,two_stage,2,0.5,"__confirm_cooldown=200,divergence=0.3,error_rate=0.5,teacher_entropy=0.2",3,0,200,0.0,0,10000,10.0,25.0,200,500,1,8,1.0,0.8187640765765766,0.5538130993788827,0.0,0.2763318419456482,0.005416828207671642,0,0,43,43,-1,weighted,,,0,0,0,0.0,0.16666666666666666,0,0.0,0.0,0.0,0.0,0,none,0,1,0,overconfident,0.95,0,mild_drift,0.9558350748973568,0.001345088046344538,0.7806756796225185,0.8521050141086322,1768042049.2493722,0.05985729396343231,0.0787673145532608
223,14272,14271,sea_abrupt4,sea,ts_drift_adapt,3,"error_divergence_ph_meta@error.threshold=0.10,error.min_instances=5",error_divergence_ph_meta,"{""divergence"": {""alpha"": 0.1, ""delta"": 0.005, ""min_instances"": 30, ""threshold"": 0.05}, ""error_rate"": {""alpha"": 0.15, ""delta"": 0.005, ""min_instances"": 5, ""threshold"": 0.1}}","{""error_rate"": {""min_instances"": 5, ""threshold"": 0.1}}",0.1,0.005,0.15,5,0.05,0.005,0.1,30,,,,-1,two_stage,2,0.5,"__confirm_cooldown=200,divergence=0.3,error_rate=0.5,teacher_entropy=0.2",3,0,200,0.0,0,10000,10.0,25.0,200,500,0,0,1.0,0.8192264573991032,0.5551264095850332,0.0,0.2869153618812561,0.007142332382500172,0,0,43,43,-1,weighted,,,0,0,0,0.0,0.0017255041748285294,0,0.0,0.0,0.0,0.0,0,none,0,1,0,overconfident,0.95,0,mild_drift,0.9580675374486783,0.001322544023172269,0.7903378398112593,0.8535525070543161,1768042049.2604144,0.15001441538333893,0.11851219087839127
224,14336,14335,sea_abrupt4,sea,ts_drift_adapt,3,"error_divergence_ph_meta@error.threshold=0.10,error.min_instances=5",error_divergence_ph_meta,"{""divergence"": {""alpha"": 0.1, ""delta"": 0.005, ""min_instances"": 30, ""threshold"": 0.05}, ""error_rate"": {""alpha"": 0.15, ""delta"": 0.005, ""min_instances"": 5, ""threshold"": 0.1}}","{""error_rate"": {""min_instances"": 5, ""threshold"": 0.1}}",0.1,0.005,0.15,5,0.05,0.005,0.1,30,,,,-1,two_stage,2,0.5,"__confirm_cooldown=200,divergence=0.3,error_rate=0.5,teacher_entropy=0.2",3,0,200,0.0,0,10000,10.0,25.0,200,500,0,0,1.0,0.8194056919642857,0.5553513524081818,0.0,0.2854000926017761,0.006817338056862354,1,1,44,44,0,weighted,,,0,0,0,0.0,0.0003249943256378174,1,0.5,0.0,0.0,0.0,0,none,1,1,0,overconfident,0.95,0,stable,0.9740337687243392,0.0010612720115861344,0.8951689199056296,0.8992762535271581,1768042049.2714355,0.13297712802886963,0.09490691125392914
225,14400,14399,sea_abrupt4,sea,ts_drift_adapt,3,"error_divergence_ph_meta@error.threshold=0.10,error.min_instances=5",error_divergence_ph_meta,"{""divergence"": {""alpha"": 0.1, ""delta"": 0.005, ""min_instances"": 30, ""threshold"": 0.05}, ""error_rate"": {""alpha"": 0.15, ""delta"": 0.005, ""min_instances"": 5, ""threshold"": 0.1}}","{""error_rate"": {""min_instances"": 5, ""threshold"": 0.1}}",0.1,0.005,0.15,5,0.05,0.005,0.1,30,,,,-1,two_stage,2,0.5,"__confirm_cooldown=200,divergence=0.3,error_rate=0.5,teacher_entropy=0.2",3,0,200,0.0,0,10000,10.0,25.0,200,500,1,136,1.0,0.8196527777777778,0.5558788970508074,0.0,0.29235193133354187,0.005979481618851423,0,0,44,44,-1,weighted,,,0,0,0,0.0,0.000837856438010931,0,0.0,0.0,0.0,0.0,0,none,0,1,0,overconfident,0.95,0,mild_drift,0.9671668843621696,0.0011806360057930673,0.8475844599528148,0.877138126763579,1768042049.2826295,0.10635644942522049,0.07148683071136475
226,14464,14463,sea_abrupt4,sea,ts_drift_adapt,3,"error_divergence_ph_meta@error.threshold=0.10,error.min_instances=5",error_divergence_ph_meta,"{""divergence"": {""alpha"": 0.1, ""delta"": 0.005, ""min_instances"": 30, ""threshold"": 0.05}, ""error_rate"": {""alpha"": 0.15, ""delta"": 0.005, ""min_instances"": 5, ""threshold"": 0.1}}","{""error_rate"": {""min_instances"": 5, ""threshold"": 0.1}}",0.1,0.005,0.15,5,0.05,0.005,0.1,30,,,,-1,two_stage,2,0.5,"__confirm_cooldown=200,divergence=0.3,error_rate=0.5,teacher_entropy=0.2",3,0,200,0.0,0,10000,10.0,25.0,200,500,1,72,1.0,0.8198976769911505,0.5564944924820437,0.0,0.31027355790138245,0.005765121430158615,0,0,44,44,-1,weighted,,,0,0,0,0.0,0.00021436018869280815,0,0.0,0.0,0.0,0.0,0,none,0,1,0,overconfident,0.95,0,mild_drift,0.9637334421810848,0.0012403180028965337,0.8237922299764074,0.8660690633817896,1768042049.2939749,0.04260382428765297,0.07047082483768463
227,14528,14527,sea_abrupt4,sea,ts_drift_adapt,3,"error_divergence_ph_meta@error.threshold=0.10,error.min_instances=5",error_divergence_ph_meta,"{""divergence"": {""alpha"": 0.1, ""delta"": 0.005, ""min_instances"": 30, ""threshold"": 0.05}, ""error_rate"": {""alpha"": 0.15, ""delta"": 0.005, ""min_instances"": 5, ""threshold"": 0.1}}","{""error_rate"": {""min_instances"": 5, ""threshold"": 0.1}}",0.1,0.005,0.15,5,0.05,0.005,0.1,30,,,,-1,two_stage,2,0.5,"__confirm_cooldown=200,divergence=0.3,error_rate=0.5,teacher_entropy=0.2",3,0,200,0.0,0,10000,10.0,25.0,200,500,1,8,1.0,0.8200715859030837,0.5569618882754436,0.0,0.2914876639842987,0.009216190315783024,0,0,44,44,-1,weighted,,,0,0,0,0.0,0.0034510688856244087,0,0.0,0.0,0.0,0.0,0,none,0,1,0,overconfident,0.95,0,mild_drift,0.9620167210905424,0.001270159001448267,0.8118961149882038,0.8605345316908948,1768042049.305895,0.12322772294282913,0.10761570930480957
228,14592,14591,sea_abrupt4,sea,ts_drift_adapt,3,"error_divergence_ph_meta@error.threshold=0.10,error.min_instances=5",error_divergence_ph_meta,"{""divergence"": {""alpha"": 0.1, ""delta"": 0.005, ""min_instances"": 30, ""threshold"": 0.05}, ""error_rate"": {""alpha"": 0.15, ""delta"": 0.005, ""min_instances"": 5, ""threshold"": 0.1}}","{""error_rate"": {""min_instances"": 5, ""threshold"": 0.1}}",0.1,0.005,0.15,5,0.05,0.005,0.1,30,,,,-1,two_stage,2,0.5,"__confirm_cooldown=200,divergence=0.3,error_rate=0.5,teacher_entropy=0.2",3,0,200,0.0,0,10000,10.0,25.0,200,500,0,0,1.0,0.8202439692982456,0.5573718872541502,0.0,0.31730082631111145,0.01346989069133997,0,0,44,44,-1,weighted,,,0,0,0,0.0,0.004253700375556946,0,0.0,0.0,0.0,0.0,0,none,0,1,0,overconfident,0.95,0,mild_drift,0.9611583605452712,0.0012850795007241335,0.8059480574941019,0.8577672658454474,1768042049.3170426,0.07455376535654068,0.13152608275413513
229,14656,14655,sea_abrupt4,sea,ts_drift_adapt,3,"error_divergence_ph_meta@error.threshold=0.10,error.min_instances=5",error_divergence_ph_meta,"{""divergence"": {""alpha"": 0.1, ""delta"": 0.005, ""min_instances"": 30, ""threshold"": 0.05}, ""error_rate"": {""alpha"": 0.15, ""delta"": 0.005, ""min_instances"": 5, ""threshold"": 0.1}}","{""error_rate"": {""min_instances"": 5, ""threshold"": 0.1}}",0.1,0.005,0.15,5,0.05,0.005,0.1,30,,,,-1,two_stage,2,0.5,"__confirm_cooldown=200,divergence=0.3,error_rate=0.5,teacher_entropy=0.2",3,0,200,0.0,0,10000,10.0,25.0,200,500,0,0,1.0,0.82048307860262,0.5576847086945198,0.16666666666666666,0.30222001671791077,0.013244925066828728,1,1,45,45,0,weighted,,,0,0,0,0.16666666666666666,0.16666666666666666,1,0.5,0.0,0.0,0.0,0,none,1,1,0,overconfident,0.95,0,severe_drift,0.9260791802726356,0.001642539750362067,0.6529740287470509,0.8338836329227237,1768042049.330896,0.6128402948379517,0.14186853170394897
230,14720,14719,sea_abrupt4,sea,ts_drift_adapt,3,"error_divergence_ph_meta@error.threshold=0.10,error.min_instances=5",error_divergence_ph_meta,"{""divergence"": {""alpha"": 0.1, ""delta"": 0.005, ""min_instances"": 30, ""threshold"": 0.05}, ""error_rate"": {""alpha"": 0.15, ""delta"": 0.005, ""min_instances"": 5, ""threshold"": 0.1}}","{""error_rate"": {""min_instances"": 5, ""threshold"": 0.1}}",0.1,0.005,0.15,5,0.05,0.005,0.1,30,,,,-1,two_stage,2,0.5,"__confirm_cooldown=200,divergence=0.3,error_rate=0.5,teacher_entropy=0.2",3,0,200,0.0,0,10000,10.0,25.0,200,500,1,136,1.0,0.8206521739130435,0.5582190204055185,0.0,0.2937806248664856,0.009249179624021053,0,0,45,45,-1,weighted,,,0,0,0,0.0,0.16666666666666666,0,0.0,0.0,0.0,0.0,0,none,0,1,0,overconfident,0.95,0,mild_drift,0.9431895901363178,0.0014712698751810334,0.7264870143735255,0.8444418164613618,1768042049.3447795,0.09836357831954956,0.13002103567123413
231,14784,14783,sea_abrupt4,sea,ts_drift_adapt,3,"error_divergence_ph_meta@error.threshold=0.10,error.min_instances=5",error_divergence_ph_meta,"{""divergence"": {""alpha"": 0.1, ""delta"": 0.005, ""min_instances"": 30, ""threshold"": 0.05}, ""error_rate"": {""alpha"": 0.15, ""delta"": 0.005, ""min_instances"": 5, ""threshold"": 0.1}}","{""error_rate"": {""min_instances"": 5, ""threshold"": 0.1}}",0.1,0.005,0.15,5,0.05,0.005,0.1,30,,,,-1,two_stage,2,0.5,"__confirm_cooldown=200,divergence=0.3,error_rate=0.5,teacher_entropy=0.2",3,0,200,0.0,0,10000,10.0,25.0,200,500,1,72,1.0,0.8210227272727273,0.558989499749994,0.0,0.2768767774105072,0.008039168082177639,0,0,45,45,-1,weighted,,,0,0,0,0.0,0.0012100115418434143,0,0.0,0.0,0.0,0.0,0,none,0,1,0,overconfident,0.95,0,mild_drift,0.9517447950681588,0.0013856349375905167,0.7632435071867627,0.8497209082306809,1768042049.3584752,0.14133580029010773,0.0908423364162445
232,14848,14847,sea_abrupt4,sea,ts_drift_adapt,3,"error_divergence_ph_meta@error.threshold=0.10,error.min_instances=5",error_divergence_ph_meta,"{""divergence"": {""alpha"": 0.1, ""delta"": 0.005, ""min_instances"": 30, ""threshold"": 0.05}, ""error_rate"": {""alpha"": 0.15, ""delta"": 0.005, ""min_instances"": 5, ""threshold"": 0.1}}","{""error_rate"": {""min_instances"": 5, ""threshold"": 0.1}}",0.1,0.005,0.15,5,0.05,0.005,0.1,30,,,,-1,two_stage,2,0.5,"__confirm_cooldown=200,divergence=0.3,error_rate=0.5,teacher_entropy=0.2",3,0,200,0.0,0,10000,10.0,25.0,200,500,1,8,1.0,0.8211206896551724,0.5591918940725156,0.16666666666666666,0.2925759255886078,0.006482094991952181,0,0,45,45,-1,weighted,,,0,0,0,0.0,0.16666666666666666,0,0.0,0.0,0.0,0.0,0,none,0,1,0,overconfident,0.95,0,mild_drift,0.9560223975340794,0.0013428174687952583,0.7816217535933814,0.8523604541153404,1768042049.3698115,0.2836351990699768,0.0846877172589302
233,14912,14911,sea_abrupt4,sea,ts_drift_adapt,3,"error_divergence_ph_meta@error.threshold=0.10,error.min_instances=5",error_divergence_ph_meta,"{""divergence"": {""alpha"": 0.1, ""delta"": 0.005, ""min_instances"": 30, ""threshold"": 0.05}, ""error_rate"": {""alpha"": 0.15, ""delta"": 0.005, ""min_instances"": 5, ""threshold"": 0.1}}","{""error_rate"": {""min_instances"": 5, ""threshold"": 0.1}}",0.1,0.005,0.15,5,0.05,0.005,0.1,30,,,,-1,two_stage,2,0.5,"__confirm_cooldown=200,divergence=0.3,error_rate=0.5,teacher_entropy=0.2",3,0,200,0.0,0,10000,10.0,25.0,200,500,0,0,1.0,0.8211507510729614,0.559278251123084,0.16666666666666666,0.28204602003097534,0.01196118351072073,0,0,45,45,-1,weighted,,,0,0,0,0.0,0.005479088518768549,0,0.0,0.0,0.0,0.0,0,none,0,1,0,overconfident,0.95,0,mild_drift,0.9581611987670396,0.0013214087343976291,0.7908108767966907,0.8536802270576702,1768042049.3812397,0.34137439727783203,0.12115071713924408
234,14976,14975,sea_abrupt4,sea,ts_drift_adapt,3,"error_divergence_ph_meta@error.threshold=0.10,error.min_instances=5",error_divergence_ph_meta,"{""divergence"": {""alpha"": 0.1, ""delta"": 0.005, ""min_instances"": 30, ""threshold"": 0.05}, ""error_rate"": {""alpha"": 0.15, ""delta"": 0.005, ""min_instances"": 5, ""threshold"": 0.1}}","{""error_rate"": {""min_instances"": 5, ""threshold"": 0.1}}",0.1,0.005,0.15,5,0.05,0.005,0.1,30,,,,-1,two_stage,2,0.5,"__confirm_cooldown=200,divergence=0.3,error_rate=0.5,teacher_entropy=0.2",3,0,200,0.0,0,10000,10.0,25.0,200,500,0,0,1.0,0.8213141025641025,0.5597963575548258,0.0,0.2689637839794159,0.012021372094750404,1,1,46,46,0,weighted,,,0,0,0,0.16666666666666666,0.16666666666666666,1,0.5,0.0,0.0,0.0,0,none,1,1,0,overconfident,0.95,0,severe_drift,0.9245805993835199,0.0016607043671988146,0.6454054383983454,0.8318401135288351,1768042049.3940573,0.1386273354291916,0.09011653065681458
235,15040,15039,sea_abrupt4,sea,ts_drift_adapt,3,"error_divergence_ph_meta@error.threshold=0.10,error.min_instances=5",error_divergence_ph_meta,"{""divergence"": {""alpha"": 0.1, ""delta"": 0.005, ""min_instances"": 30, ""threshold"": 0.05}, ""error_rate"": {""alpha"": 0.15, ""delta"": 0.005, ""min_instances"": 5, ""threshold"": 0.1}}","{""error_rate"": {""min_instances"": 5, ""threshold"": 0.1}}",0.1,0.005,0.15,5,0.05,0.005,0.1,30,,,,-1,two_stage,2,0.5,"__confirm_cooldown=200,divergence=0.3,error_rate=0.5,teacher_entropy=0.2",3,0,200,0.0,0,10000,10.0,25.0,200,500,1,136,1.0,0.8215425531914894,0.5603718515033499,0.16666666666666666,0.2420254945755005,0.007012524176388979,0,0,46,46,-1,weighted,,,0,0,0,0.0,0.16666666666666666,0,0.0,0.0,0.0,0.0,0,none,0,1,0,overconfident,0.95,0,mild_drift,0.9424402996917599,0.0014803521835994073,0.7227027191991727,0.8434200567644176,1768042049.4068193,0.23862682282924652,0.06697215139865875
236,15104,15103,sea_abrupt4,sea,ts_drift_adapt,3,"error_divergence_ph_meta@error.threshold=0.10,error.min_instances=5",error_divergence_ph_meta,"{""divergence"": {""alpha"": 0.1, ""delta"": 0.005, ""min_instances"": 30, ""threshold"": 0.05}, ""error_rate"": {""alpha"": 0.15, ""delta"": 0.005, ""min_instances"": 5, ""threshold"": 0.1}}","{""error_rate"": {""min_instances"": 5, ""threshold"": 0.1}}",0.1,0.005,0.15,5,0.05,0.005,0.1,30,,,,-1,two_stage,2,0.5,"__confirm_cooldown=200,divergence=0.3,error_rate=0.5,teacher_entropy=0.2",3,0,200,0.0,0,10000,10.0,25.0,200,500,1,72,1.0,0.8219014830508474,0.5612563601465773,0.16666666666666666,0.2664046883583069,0.011993802152574062,0,0,46,46,-1,weighted,,,0,0,0,0.0,0.004981277976185083,0,0.0,0.0,0.0,0.0,0,none,0,1,0,overconfident,0.95,0,mild_drift,0.95137014984588,0.0013901760917997036,0.7613513595995864,0.8492100283822088,1768042049.4193387,0.44116950035095215,0.09806413948535919
237,15168,15167,sea_abrupt4,sea,ts_drift_adapt,3,"error_divergence_ph_meta@error.threshold=0.10,error.min_instances=5",error_divergence_ph_meta,"{""divergence"": {""alpha"": 0.1, ""delta"": 0.005, ""min_instances"": 30, ""threshold"": 0.05}, ""error_rate"": {""alpha"": 0.15, ""delta"": 0.005, ""min_instances"": 5, ""threshold"": 0.1}}","{""error_rate"": {""min_instances"": 5, ""threshold"": 0.1}}",0.1,0.005,0.15,5,0.05,0.005,0.1,30,,,,-1,two_stage,2,0.5,"__confirm_cooldown=200,divergence=0.3,error_rate=0.5,teacher_entropy=0.2",3,0,200,0.0,0,10000,10.0,25.0,200,500,1,8,1.0,0.8219277426160337,0.5615477101378696,0.16666666666666666,0.3008982241153717,0.011558753438293934,0,0,46,46,-1,weighted,,,0,0,0,0.0,0.0004350487142801285,0,0.0,0.0,0.0,0.0,0,none,0,1,0,overconfident,0.95,0,mild_drift,0.95583507492294,0.001345088045899852,0.7806756797997932,0.8521050141911044,1768042049.4321024,0.6878982186317444,0.10312274098396301
238,15232,15231,sea_abrupt4,sea,ts_drift_adapt,3,"error_divergence_ph_meta@error.threshold=0.10,error.min_instances=5",error_divergence_ph_meta,"{""divergence"": {""alpha"": 0.1, ""delta"": 0.005, ""min_instances"": 30, ""threshold"": 0.05}, ""error_rate"": {""alpha"": 0.15, ""delta"": 0.005, ""min_instances"": 5, ""threshold"": 0.1}}","{""error_rate"": {""min_instances"": 5, ""threshold"": 0.1}}",0.1,0.005,0.15,5,0.05,0.005,0.1,30,,,,-1,two_stage,2,0.5,"__confirm_cooldown=200,divergence=0.3,error_rate=0.5,teacher_entropy=0.2",3,0,200,0.0,0,10000,10.0,25.0,200,500,0,0,1.0,0.821953781512605,0.5620111944134468,0.3333333333333333,0.29883500933647156,0.010758476331830025,0,0,46,46,-1,weighted,,,0,0,0,0.0,0.16666666666666666,0,0.0,0.0,0.0,0.0,0,none,0,1,0,overconfident,0.95,0,mild_drift,0.95806753746147,0.001322544022949926,0.7903378398998966,0.8535525070955522,1768042049.4436681,0.411896675825119,0.0881379246711731
239,15296,15295,sea_abrupt4,sea,ts_drift_adapt,3,"error_divergence_ph_meta@error.threshold=0.10,error.min_instances=5",error_divergence_ph_meta,"{""divergence"": {""alpha"": 0.1, ""delta"": 0.005, ""min_instances"": 30, ""threshold"": 0.05}, ""error_rate"": {""alpha"": 0.15, ""delta"": 0.005, ""min_instances"": 5, ""threshold"": 0.1}}","{""error_rate"": {""min_instances"": 5, ""threshold"": 0.1}}",0.1,0.005,0.15,5,0.05,0.005,0.1,30,,,,-1,two_stage,2,0.5,"__confirm_cooldown=200,divergence=0.3,error_rate=0.5,teacher_entropy=0.2",3,0,200,0.0,0,10000,10.0,25.0,200,500,0,0,1.0,0.8222411087866108,0.5626427568896307,0.16666666666666666,0.25719955563545227,0.012281176634132862,1,1,47,47,0,weighted,,,0,0,0,0.16666666666666666,0.16666666666666666,1,0.5,0.0,0.0,0.0,0,none,1,1,0,overconfident,0.95,0,severe_drift,0.924533768730735,0.001661272011474963,0.6451689199499483,0.8317762535477762,1768042049.454892,0.5321304202079773,0.1278848946094513
240,15360,15359,sea_abrupt4,sea,ts_drift_adapt,3,"error_divergence_ph_meta@error.threshold=0.10,error.min_instances=5",error_divergence_ph_meta,"{""divergence"": {""alpha"": 0.1, ""delta"": 0.005, ""min_instances"": 30, ""threshold"": 0.05}, ""error_rate"": {""alpha"": 0.15, ""delta"": 0.005, ""min_instances"": 5, ""threshold"": 0.1}}","{""error_rate"": {""min_instances"": 5, ""threshold"": 0.1}}",0.1,0.005,0.15,5,0.05,0.005,0.1,30,,,,-1,two_stage,2,0.5,"__confirm_cooldown=200,divergence=0.3,error_rate=0.5,teacher_entropy=0.2",3,0,200,0.0,0,10000,10.0,25.0,200,500,1,136,1.0,0.8225260416666667,0.5632196991761134,0.0,0.3011859953403473,0.01250095758587122,0,0,47,47,-1,weighted,,,0,0,0,0.0,0.16666666666666666,0,0.0,0.0,0.0,0.0,0,none,0,1,0,overconfident,0.95,0,mild_drift,0.9424168843653675,0.0014806360057374817,0.7225844599749742,0.8433881267738881,1768042049.465495,0.1019647940993309,0.115668386220932
241,15424,15423,sea_abrupt4,sea,ts_drift_adapt,3,"error_divergence_ph_meta@error.threshold=0.10,error.min_instances=5",error_divergence_ph_meta,"{""divergence"": {""alpha"": 0.1, ""delta"": 0.005, ""min_instances"": 30, ""threshold"": 0.05}, ""error_rate"": {""alpha"": 0.15, ""delta"": 0.005, ""min_instances"": 5, ""threshold"": 0.1}}","{""error_rate"": {""min_instances"": 5, ""threshold"": 0.1}}",0.1,0.005,0.15,5,0.05,0.005,0.1,30,,,,-1,two_stage,2,0.5,"__confirm_cooldown=200,divergence=0.3,error_rate=0.5,teacher_entropy=0.2",3,0,200,0.0,0,10000,10.0,25.0,200,500,1,72,1.0,0.8226141078838174,0.5633383941853813,0.0,0.259187251329422,0.018614238128066063,0,0,47,47,-1,weighted,,,0,0,0,0.0,0.006113280542194843,0,0.0,0.0,0.0,0.0,0,none,0,1,0,overconfident,0.95,0,mild_drift,0.9513584421826837,0.001390318002868741,0.7612922299874871,0.849194063386944,1768042049.4761295,0.1169767752289772,0.15036898851394653
242,15488,15487,sea_abrupt4,sea,ts_drift_adapt,3,"error_divergence_ph_meta@error.threshold=0.10,error.min_instances=5",error_divergence_ph_meta,"{""divergence"": {""alpha"": 0.1, ""delta"": 0.005, ""min_instances"": 30, ""threshold"": 0.05}, ""error_rate"": {""alpha"": 0.15, ""delta"": 0.005, ""min_instances"": 5, ""threshold"": 0.1}}","{""error_rate"": {""min_instances"": 5, ""threshold"": 0.1}}",0.1,0.005,0.15,5,0.05,0.005,0.1,30,,,,-1,two_stage,2,0.5,"__confirm_cooldown=200,divergence=0.3,error_rate=0.5,teacher_entropy=0.2",3,0,200,0.0,0,10000,10.0,25.0,200,500,1,8,1.0,0.8228305785123967,0.564053660770581,0.3333333333333333,0.2371436208486557,0.01124222669750452,0,0,47,47,-1,weighted,,,0,0,0,0.0,0.3333333333333333,0,0.0,0.0,0.0,0.0,0,none,0,1,0,overconfident,0.95,0,mild_drift,0.9558292210913418,0.0013451590014343707,0.7806461149937436,0.852097031693472,1768042049.4863014,0.7440814971923828,0.13480260968208313
243,15552,15551,sea_abrupt4,sea,ts_drift_adapt,3,"error_divergence_ph_meta@error.threshold=0.10,error.min_instances=5",error_divergence_ph_meta,"{""divergence"": {""alpha"": 0.1, ""delta"": 0.005, ""min_instances"": 30, ""threshold"": 0.05}, ""error_rate"": {""alpha"": 0.15, ""delta"": 0.005, ""min_instances"": 5, ""threshold"": 0.1}}","{""error_rate"": {""min_instances"": 5, ""threshold"": 0.1}}",0.1,0.005,0.15,5,0.05,0.005,0.1,30,,,,-1,two_stage,2,0.5,"__confirm_cooldown=200,divergence=0.3,error_rate=0.5,teacher_entropy=0.2",3,0,200,0.0,0,10000,10.0,25.0,200,500,0,0,1.0,0.8229809670781894,0.5646662539868208,0.16666666666666666,0.2556455135345459,0.008426918648183346,0,0,47,47,-1,weighted,,,0,0,0,0.0,0.16666666666666666,0,0.0,0.0,0.0,0.0,0,none,0,1,0,overconfident,0.95,0,mild_drift,0.9580646105456709,0.0013225795007171855,0.7903230574968718,0.853548515846736,1768042049.4975555,0.28205573558807373,0.07963421940803528
244,15616,15615,sea_abrupt4,sea,ts_drift_adapt,3,"error_divergence_ph_meta@error.threshold=0.10,error.min_instances=5",error_divergence_ph_meta,"{""divergence"": {""alpha"": 0.1, ""delta"": 0.005, ""min_instances"": 30, ""threshold"": 0.05}, ""error_rate"": {""alpha"": 0.15, ""delta"": 0.005, ""min_instances"": 5, ""threshold"": 0.1}}","{""error_rate"": {""min_instances"": 5, ""threshold"": 0.1}}",0.1,0.005,0.15,5,0.05,0.005,0.1,30,,,,-1,two_stage,2,0.5,"__confirm_cooldown=200,divergence=0.3,error_rate=0.5,teacher_entropy=0.2",3,0,200,0.0,0,10000,10.0,25.0,200,500,0,0,1.0,0.8230020491803278,0.5649240953612276,0.0,0.29999610781669617,0.020344242453575134,1,1,48,48,0,weighted,,,0,0,0,0.16666666666666666,0.16666666666666666,1,0.5,0.0,0.0,0.0,0,none,1,1,0,overconfident,0.95,0,severe_drift,0.9245323052728355,0.0016612897503585928,0.6451615287484359,0.831774257923368,1768042049.5080855,0.028667045757174492,0.1655133068561554
245,15680,15679,sea_abrupt4,sea,ts_drift_adapt,3,"error_divergence_ph_meta@error.threshold=0.10,error.min_instances=5",error_divergence_ph_meta,"{""divergence"": {""alpha"": 0.1, ""delta"": 0.005, ""min_instances"": 30, ""threshold"": 0.05}, ""error_rate"": {""alpha"": 0.15, ""delta"": 0.005, ""min_instances"": 5, ""threshold"": 0.1}}","{""error_rate"": {""min_instances"": 5, ""threshold"": 0.1}}",0.1,0.005,0.15,5,0.05,0.005,0.1,30,,,,-1,two_stage,2,0.5,"__confirm_cooldown=200,divergence=0.3,error_rate=0.5,teacher_entropy=0.2",3,0,200,0.0,0,10000,10.0,25.0,200,500,1,136,1.0,0.8228316326530613,0.5648240528685291,0.16666666666666666,0.2853062152862549,0.014925586991012096,0,0,48,48,-1,weighted,,,0,0,0,0.0,0.16666666666666666,0,0.0,0.0,0.0,0.0,0,none,0,1,0,overconfident,0.95,0,mild_drift,0.9424161526364176,0.0014806448751792964,0.7225807643742179,0.843387128961684,1768042049.5184937,0.634178876876831,0.15755367279052734
246,15744,15743,sea_abrupt4,sea,ts_drift_adapt,3,"error_divergence_ph_meta@error.threshold=0.10,error.min_instances=5",error_divergence_ph_meta,"{""divergence"": {""alpha"": 0.1, ""delta"": 0.005, ""min_instances"": 30, ""threshold"": 0.05}, ""error_rate"": {""alpha"": 0.15, ""delta"": 0.005, ""min_instances"": 5, ""threshold"": 0.1}}","{""error_rate"": {""min_instances"": 5, ""threshold"": 0.1}}",0.1,0.005,0.15,5,0.05,0.005,0.1,30,,,,-1,two_stage,2,0.5,"__confirm_cooldown=200,divergence=0.3,error_rate=0.5,teacher_entropy=0.2",3,0,200,0.0,0,10000,10.0,25.0,200,500,1,72,1.0,0.8230436991869918,0.5651615509673261,0.3333333333333333,0.22864320874214172,0.01167240645736456,0,0,48,48,-1,weighted,,,0,0,0,0.0,0.16666666666666666,0,0.0,0.0,0.0,0.0,0,none,0,1,0,overconfident,0.95,0,mild_drift,0.9513580763182088,0.0013903224375896484,0.761290382187109,0.8491935644808419,1768042049.5308485,0.595741331577301,0.1514221876859665
247,15808,15807,sea_abrupt4,sea,ts_drift_adapt,3,"error_divergence_ph_meta@error.threshold=0.10,error.min_instances=5",error_divergence_ph_meta,"{""divergence"": {""alpha"": 0.1, ""delta"": 0.005, ""min_instances"": 30, ""threshold"": 0.05}, ""error_rate"": {""alpha"": 0.15, ""delta"": 0.005, ""min_instances"": 5, ""threshold"": 0.1}}","{""error_rate"": {""min_instances"": 5, ""threshold"": 0.1}}",0.1,0.005,0.15,5,0.05,0.005,0.1,30,,,,-1,two_stage,2,0.5,"__confirm_cooldown=200,divergence=0.3,error_rate=0.5,teacher_entropy=0.2",3,0,200,0.0,0,10000,10.0,25.0,200,500,1,8,1.0,0.823001012145749,0.5650897998423966,0.16666666666666666,0.2971924841403961,0.018833789974451065,0,0,48,48,-1,weighted,,,0,0,0,0.0,0.16666666666666666,0,0.0,0.0,0.0,0.0,0,none,0,1,0,overconfident,0.95,0,mild_drift,0.9558290381591044,0.0013451612187948244,0.7806451910935546,0.852096782240421,1768042049.5440447,0.24214959144592285,0.19633609056472778
248,15872,15871,sea_abrupt4,sea,ts_drift_adapt,3,"error_divergence_ph_meta@error.threshold=0.10,error.min_instances=5",error_divergence_ph_meta,"{""divergence"": {""alpha"": 0.1, ""delta"": 0.005, ""min_instances"": 30, ""threshold"": 0.05}, ""error_rate"": {""alpha"": 0.15, ""delta"": 0.005, ""min_instances"": 5, ""threshold"": 0.1}}","{""error_rate"": {""min_instances"": 5, ""threshold"": 0.1}}",0.1,0.005,0.15,5,0.05,0.005,0.1,30,,,,-1,two_stage,2,0.5,"__confirm_cooldown=200,divergence=0.3,error_rate=0.5,teacher_entropy=0.2",3,0,200,0.0,0,10000,10.0,25.0,200,500,0,0,1.0,0.8233366935483871,0.5658774772783813,0.0,0.2493567019701004,0.017700696364045143,0,0,48,48,-1,weighted,,,0,0,0,0.0,0.16666666666666666,0,0.0,0.0,0.0,0.0,0,none,0,1,0,overconfident,0.95,0,mild_drift,0.9580645190795521,0.0013225806093974122,0.7903225955467773,0.8535483911202104,1768042049.557222,0.14625470340251923,0.19101426005363464
249,15936,15935,sea_abrupt4,sea,ts_drift_adapt,3,"error_divergence_ph_meta@error.threshold=0.10,error.min_instances=5",error_divergence_ph_meta,"{""divergence"": {""alpha"": 0.1, ""delta"": 0.005, ""min_instances"": 30, ""threshold"": 0.05}, ""error_rate"": {""alpha"": 0.15, ""delta"": 0.005, ""min_instances"": 5, ""threshold"": 0.1}}","{""error_rate"": {""min_instances"": 5, ""threshold"": 0.1}}",0.1,0.005,0.15,5,0.05,0.005,0.1,30,,,,-1,two_stage,2,0.5,"__confirm_cooldown=200,divergence=0.3,error_rate=0.5,teacher_entropy=0.2",3,0,200,0.0,0,10000,10.0,25.0,200,500,0,0,1.0,0.823230421686747,0.5657103125636559,0.3333333333333333,0.2413073033094406,0.01812867447733879,1,1,49,49,0,weighted,,,0,0,0,0.3333333333333333,0.3333333333333333,1,0.5,0.0,0.0,0.0,0,none,1,1,0,overconfident,0.95,0,severe_drift,0.924532259539776,0.001661290304698706,0.6451612977733887,0.8317741955601052,1768042049.5689416,0.44658127427101135,0.16994121670722961
250,16000,15999,sea_abrupt4,sea,ts_drift_adapt,3,"error_divergence_ph_meta@error.threshold=0.10,error.min_instances=5",error_divergence_ph_meta,"{""divergence"": {""alpha"": 0.1, ""delta"": 0.005, ""min_instances"": 30, ""threshold"": 0.05}, ""error_rate"": {""alpha"": 0.15, ""delta"": 0.005, ""min_instances"": 5, ""threshold"": 0.1}}","{""error_rate"": {""min_instances"": 5, ""threshold"": 0.1}}",0.1,0.005,0.15,5,0.05,0.005,0.1,30,,,,-1,two_stage,2,0.5,"__confirm_cooldown=200,divergence=0.3,error_rate=0.5,teacher_entropy=0.2",3,0,200,0.0,0,10000,10.0,25.0,200,500,1,136,1.0,0.82325,0.5657890022054288,0.3333333333333333,0.28053024411201477,0.01289164274930954,0,0,49,49,-1,weighted,,,0,0,0,0.0,0.005237031728029251,0,0.0,0.0,0.0,0.0,0,none,0,1,0,overconfident,0.95,0,mild_drift,0.942416129769888,0.0014806451523493532,0.7225806488866944,0.8433870977800526,1768042049.5787039,0.40955495834350586,0.16307266056537628
251,16064,16063,sea_abrupt4,sea,ts_drift_adapt,3,"error_divergence_ph_meta@error.threshold=0.10,error.min_instances=5",error_divergence_ph_meta,"{""divergence"": {""alpha"": 0.1, ""delta"": 0.005, ""min_instances"": 30, ""threshold"": 0.05}, ""error_rate"": {""alpha"": 0.15, ""delta"": 0.005, ""min_instances"": 5, ""threshold"": 0.1}}","{""error_rate"": {""min_instances"": 5, ""threshold"": 0.1}}",0.1,0.005,0.15,5,0.05,0.005,0.1,30,,,,-1,two_stage,2,0.5,"__confirm_cooldown=200,divergence=0.3,error_rate=0.5,teacher_entropy=0.2",3,0,200,0.0,0,10000,10.0,25.0,200,500,1,72,1.0,0.8235184262948207,0.5664097578140888,0.0,0.3198642432689667,0.01068855356425047,0,0,49,49,-1,weighted,,,0,0,0,0.0,0.3333333333333333,0,0.0,0.0,0.0,0.0,0,none,0,1,0,overconfident,0.95,0,mild_drift,0.951358064884944,0.0013903225761746768,0.7612903244433472,0.8491935488900263,1768042049.5883977,0.06251025944948196,0.1332227736711502
252,16128,16127,sea_abrupt4,sea,ts_drift_adapt,3,"error_divergence_ph_meta@error.threshold=0.10,error.min_instances=5",error_divergence_ph_meta,"{""divergence"": {""alpha"": 0.1, ""delta"": 0.005, ""min_instances"": 30, ""threshold"": 0.05}, ""error_rate"": {""alpha"": 0.15, ""delta"": 0.005, ""min_instances"": 5, ""threshold"": 0.1}}","{""error_rate"": {""min_instances"": 5, ""threshold"": 0.1}}",0.1,0.005,0.15,5,0.05,0.005,0.1,30,,,,-1,two_stage,2,0.5,"__confirm_cooldown=200,divergence=0.3,error_rate=0.5,teacher_entropy=0.2",3,0,200,0.0,0,10000,10.0,25.0,200,500,1,8,1.0,0.8234747023809523,0.5665985566680939,0.16666666666666666,0.2925635278224945,0.012475118972361088,0,0,49,49,-1,weighted,,,0,0,0,0.0,0.16666666666666666,0,0.0,0.0,0.0,0.0,0,none,0,1,0,overconfident,0.95,0,mild_drift,0.955829032442472,0.0013451612880873384,0.7806451622216737,0.8520967744450132,1768042049.5986245,0.26589834690093994,0.12770289182662964
253,16192,16191,sea_abrupt4,sea,ts_drift_adapt,3,"error_divergence_ph_meta@error.threshold=0.10,error.min_instances=5",error_divergence_ph_meta,"{""divergence"": {""alpha"": 0.1, ""delta"": 0.005, ""min_instances"": 30, ""threshold"": 0.05}, ""error_rate"": {""alpha"": 0.15, ""delta"": 0.005, ""min_instances"": 5, ""threshold"": 0.1}}","{""error_rate"": {""min_instances"": 5, ""threshold"": 0.1}}",0.1,0.005,0.15,5,0.05,0.005,0.1,30,,,,-1,two_stage,2,0.5,"__confirm_cooldown=200,divergence=0.3,error_rate=0.5,teacher_entropy=0.2",3,0,200,0.0,0,10000,10.0,25.0,200,500,0,0,1.0,0.8238636363636364,0.567215788994935,0.0,0.2387039214372635,0.007029855623841286,0,0,49,49,-1,weighted,,,0,0,0,0.0,0.16666666666666666,0,0.0,0.0,0.0,0.0,0,none,0,1,0,overconfident,0.95,0,mild_drift,0.958064516221236,0.0013225806440436694,0.7903225811108369,0.8535483872225066,1768042049.6096997,0.052127059549093246,0.08993501216173172
254,16256,16255,sea_abrupt4,sea,ts_drift_adapt,3,"error_divergence_ph_meta@error.threshold=0.10,error.min_instances=5",error_divergence_ph_meta,"{""divergence"": {""alpha"": 0.1, ""delta"": 0.005, ""min_instances"": 30, ""threshold"": 0.05}, ""error_rate"": {""alpha"": 0.15, ""delta"": 0.005, ""min_instances"": 5, ""threshold"": 0.1}}","{""error_rate"": {""min_instances"": 5, ""threshold"": 0.1}}",0.1,0.005,0.15,5,0.05,0.005,0.1,30,,,,-1,two_stage,2,0.5,"__confirm_cooldown=200,divergence=0.3,error_rate=0.5,teacher_entropy=0.2",3,0,200,0.0,0,10000,10.0,25.0,200,500,0,0,1.0,0.8241879921259843,0.5681341170311496,0.0,0.33469685912132263,0.01649039424955845,1,1,50,50,0,weighted,,,0,0,0,0.3333333333333333,0.009460538625717163,1,0.5,0.0,0.0,0.0,0,none,1,1,0,overconfident,0.95,0,severe_drift,0.924532258110618,0.0016612903220218347,0.6451612905554185,0.8317741936112533,1768042049.6206925,0.14800581336021423,0.13490712642669678
255,16320,16319,sea_abrupt4,sea,ts_drift_adapt,3,"error_divergence_ph_meta@error.threshold=0.10,error.min_instances=5",error_divergence_ph_meta,"{""divergence"": {""alpha"": 0.1, ""delta"": 0.005, ""min_instances"": 30, ""threshold"": 0.05}, ""error_rate"": {""alpha"": 0.15, ""delta"": 0.005, ""min_instances"": 5, ""threshold"": 0.1}}","{""error_rate"": {""min_instances"": 5, ""threshold"": 0.1}}",0.1,0.005,0.15,5,0.05,0.005,0.1,30,,,,-1,two_stage,2,0.5,"__confirm_cooldown=200,divergence=0.3,error_rate=0.5,teacher_entropy=0.2",3,0,200,0.0,0,10000,10.0,25.0,200,500,1,136,1.0,0.8244485294117647,0.5688499829796586,0.16666666666666666,0.2747407555580139,0.013022677041590214,0,0,50,50,-1,weighted,,,0,0,0,0.0,0.16666666666666666,0,0.0,0.0,0.0,0.0,0,none,0,1,0,overconfident,0.95,0,mild_drift,0.942416129055309,0.0014806451610109173,0.7225806452777093,0.8433870968056266,1768042049.6317694,0.2630036771297455,0.11855437606573105
256,16384,16383,sea_abrupt4,sea,ts_drift_adapt,3,"error_divergence_ph_meta@error.threshold=0.10,error.min_instances=5",error_divergence_ph_meta,"{""divergence"": {""alpha"": 0.1, ""delta"": 0.005, ""min_instances"": 30, ""threshold"": 0.05}, ""error_rate"": {""alpha"": 0.15, ""delta"": 0.005, ""min_instances"": 5, ""threshold"": 0.1}}","{""error_rate"": {""min_instances"": 5, ""threshold"": 0.1}}",0.1,0.005,0.15,5,0.05,0.005,0.1,30,,,,-1,two_stage,2,0.5,"__confirm_cooldown=200,divergence=0.3,error_rate=0.5,teacher_entropy=0.2",3,0,200,0.0,0,10000,10.0,25.0,200,500,1,72,1.0,0.82476806640625,0.5691303785166668,0.0,0.28432655334472656,0.013953987509012222,0,0,50,50,-1,weighted,,,0,0,0,0.0,0.16666666666666666,0,0.0,0.0,0.0,0.0,0,none,0,1,0,overconfident,0.95,0,mild_drift,0.9513580645276545,0.0013903225805054586,0.7612903226388547,0.8491935484028132,1768042049.6427398,0.06244396045804024,0.11634089052677155
257,16448,16447,sea_abrupt4,sea,ts_drift_adapt,3,"error_divergence_ph_meta@error.threshold=0.10,error.min_instances=5",error_divergence_ph_meta,"{""divergence"": {""alpha"": 0.1, ""delta"": 0.005, ""min_instances"": 30, ""threshold"": 0.05}, ""error_rate"": {""alpha"": 0.15, ""delta"": 0.005, ""min_instances"": 5, ""threshold"": 0.1}}","{""error_rate"": {""min_instances"": 5, ""threshold"": 0.1}}",0.1,0.005,0.15,5,0.05,0.005,0.1,30,,,,-1,two_stage,2,0.5,"__confirm_cooldown=200,divergence=0.3,error_rate=0.5,teacher_entropy=0.2",3,0,200,0.0,0,10000,10.0,25.0,200,500,1,8,1.0,0.8250243190661478,0.5696321517621451,0.16666666666666666,0.24814707040786743,0.01574339158833027,0,0,50,50,-1,weighted,,,0,0,0,0.0,0.16666666666666666,0,0.0,0.0,0.0,0.0,0,none,0,1,0,overconfident,0.95,0,mild_drift,0.9558290322638272,0.0013451612902527295,0.7806451613194274,0.8520967742014066,1768042049.653507,0.5597838163375854,0.14222894608974457
258,16512,16511,sea_abrupt4,sea,ts_drift_adapt,3,"error_divergence_ph_meta@error.threshold=0.10,error.min_instances=5",error_divergence_ph_meta,"{""divergence"": {""alpha"": 0.1, ""delta"": 0.005, ""min_instances"": 30, ""threshold"": 0.05}, ""error_rate"": {""alpha"": 0.15, ""delta"": 0.005, ""min_instances"": 5, ""threshold"": 0.1}}","{""error_rate"": {""min_instances"": 5, ""threshold"": 0.1}}",0.1,0.005,0.15,5,0.05,0.005,0.1,30,,,,-1,two_stage,2,0.5,"__confirm_cooldown=200,divergence=0.3,error_rate=0.5,teacher_entropy=0.2",3,0,200,0.0,0,10000,10.0,25.0,200,500,0,0,1.0,0.8253997093023255,0.5702487038425884,0.0,0.23823007941246033,0.008437865413725376,0,0,50,50,-1,weighted,,,0,0,0,0.0,0.16666666666666666,0,0.0,0.0,0.0,0.0,0,none,0,1,0,overconfident,0.95,0,mild_drift,0.9580645161319136,0.001322580645126365,0.7903225806597137,0.8535483871007032,1768042049.664185,0.07971560955047607,0.073089599609375
259,16576,16575,sea_abrupt4,sea,ts_drift_adapt,3,"error_divergence_ph_meta@error.threshold=0.10,error.min_instances=5",error_divergence_ph_meta,"{""divergence"": {""alpha"": 0.1, ""delta"": 0.005, ""min_instances"": 30, ""threshold"": 0.05}, ""error_rate"": {""alpha"": 0.15, ""delta"": 0.005, ""min_instances"": 5, ""threshold"": 0.1}}","{""error_rate"": {""min_instances"": 5, ""threshold"": 0.1}}",0.1,0.005,0.15,5,0.05,0.005,0.1,30,,,,-1,two_stage,2,0.5,"__confirm_cooldown=200,divergence=0.3,error_rate=0.5,teacher_entropy=0.2",3,0,200,0.0,0,10000,10.0,25.0,200,500,0,0,1.0,0.8257722007722008,0.5711418293537244,0.0,0.24488912522792816,0.010170909576117992,1,1,51,51,0,weighted,,,0,0,0,0.0,0.0017330441623926163,1,0.5,0.0,0.0,0.0,0,none,1,1,0,overconfident,0.95,0,stable,0.9740322580659568,0.0010612903225631824,0.8951612903298569,0.8992741935503517,1768042049.6749222,0.14795486629009247,0.1140446811914444
260,16640,16639,sea_abrupt4,sea,ts_drift_adapt,3,"error_divergence_ph_meta@error.threshold=0.10,error.min_instances=5",error_divergence_ph_meta,"{""divergence"": {""alpha"": 0.1, ""delta"": 0.005, ""min_instances"": 30, ""threshold"": 0.05}, ""error_rate"": {""alpha"": 0.15, ""delta"": 0.005, ""min_instances"": 5, ""threshold"": 0.1}}","{""error_rate"": {""min_instances"": 5, ""threshold"": 0.1}}",0.1,0.005,0.15,5,0.05,0.005,0.1,30,,,,-1,two_stage,2,0.5,"__confirm_cooldown=200,divergence=0.3,error_rate=0.5,teacher_entropy=0.2",3,0,200,0.0,0,10000,10.0,25.0,200,500,1,136,1.0,0.8262019230769231,0.5719094696444779,0.0,0.2119901031255722,0.010592370294034481,0,0,51,51,-1,weighted,,,0,0,0,0.0,0.00042146071791648865,0,0.0,0.0,0.0,0.0,0,none,0,1,0,overconfident,0.95,0,mild_drift,0.9671661290329784,0.0011806451612815913,0.8475806451649285,0.8771370967751758,1768042049.6855938,0.021814709529280663,0.09066387265920639
261,16704,16703,sea_abrupt4,sea,ts_drift_adapt,3,"error_divergence_ph_meta@error.threshold=0.10,error.min_instances=5",error_divergence_ph_meta,"{""divergence"": {""alpha"": 0.1, ""delta"": 0.005, ""min_instances"": 30, ""threshold"": 0.05}, ""error_rate"": {""alpha"": 0.15, ""delta"": 0.005, ""min_instances"": 5, ""threshold"": 0.1}}","{""error_rate"": {""min_instances"": 5, ""threshold"": 0.1}}",0.1,0.005,0.15,5,0.05,0.005,0.1,30,,,,-1,two_stage,2,0.5,"__confirm_cooldown=200,divergence=0.3,error_rate=0.5,teacher_entropy=0.2",3,0,200,0.0,0,10000,10.0,25.0,200,500,1,72,1.0,0.826448754789272,0.5721152989736896,0.0,0.2583877444267273,0.012806661427021027,0,0,51,51,-1,weighted,,,0,0,0,0.0,0.0022142911329865456,0,0.0,0.0,0.0,0.0,0,none,0,1,0,overconfident,0.95,0,mild_drift,0.9637330645164892,0.0012403225806407957,0.8237903225824643,0.8660685483875878,1768042049.696657,0.017096444964408875,0.10668891668319702
262,16768,16767,sea_abrupt4,sea,ts_drift_adapt,3,"error_divergence_ph_meta@error.threshold=0.10,error.min_instances=5",error_divergence_ph_meta,"{""divergence"": {""alpha"": 0.1, ""delta"": 0.005, ""min_instances"": 30, ""threshold"": 0.05}, ""error_rate"": {""alpha"": 0.15, ""delta"": 0.005, ""min_instances"": 5, ""threshold"": 0.1}}","{""error_rate"": {""min_instances"": 5, ""threshold"": 0.1}}",0.1,0.005,0.15,5,0.05,0.005,0.1,30,,,,-1,two_stage,2,0.5,"__confirm_cooldown=200,divergence=0.3,error_rate=0.5,teacher_entropy=0.2",3,0,200,0.0,0,10000,10.0,25.0,200,500,1,8,1.0,0.8266340648854962,0.5724629690682052,0.0,0.2719618082046509,0.012191382236778736,0,0,51,51,-1,weighted,,,0,0,0,0.0,0.0006152791902422905,0,0.0,0.0,0.0,0.0,0,none,0,1,0,overconfident,0.95,0,mild_drift,0.9620165322582446,0.001270161290320398,0.8118951612912322,0.8605342741937939,1768042049.7077138,0.05013478919863701,0.10390155017375946
263,16832,16831,sea_abrupt4,sea,ts_drift_adapt,3,"error_divergence_ph_meta@error.threshold=0.10,error.min_instances=5",error_divergence_ph_meta,"{""divergence"": {""alpha"": 0.1, ""delta"": 0.005, ""min_instances"": 30, ""threshold"": 0.05}, ""error_rate"": {""alpha"": 0.15, ""delta"": 0.005, ""min_instances"": 5, ""threshold"": 0.1}}","{""error_rate"": {""min_instances"": 5, ""threshold"": 0.1}}",0.1,0.005,0.15,5,0.05,0.005,0.1,30,,,,-1,two_stage,2,0.5,"__confirm_cooldown=200,divergence=0.3,error_rate=0.5,teacher_entropy=0.2",3,0,200,0.0,0,10000,10.0,25.0,200,500,0,0,1.0,0.8269961977186312,0.5729933885163805,0.0,0.24923133850097656,0.0070981914177536964,0,0,51,51,-1,weighted,,,0,0,0,0.0,0.00509319081902504,0,0.0,0.0,0.0,0.0,0,none,0,1,0,overconfident,0.95,0,mild_drift,0.9611582661291223,0.0012850806451601992,0.8059475806456161,0.8577671370968969,1768042049.7183511,0.07516760379076004,0.07098240405321121
264,16896,16895,sea_abrupt4,sea,ts_drift_adapt,3,"error_divergence_ph_meta@error.threshold=0.10,error.min_instances=5",error_divergence_ph_meta,"{""divergence"": {""alpha"": 0.1, ""delta"": 0.005, ""min_instances"": 30, ""threshold"": 0.05}, ""error_rate"": {""alpha"": 0.15, ""delta"": 0.005, ""min_instances"": 5, ""threshold"": 0.1}}","{""error_rate"": {""min_instances"": 5, ""threshold"": 0.1}}",0.1,0.005,0.15,5,0.05,0.005,0.1,30,,,,-1,two_stage,2,0.5,"__confirm_cooldown=200,divergence=0.3,error_rate=0.5,teacher_entropy=0.2",3,0,200,0.0,0,10000,10.0,25.0,200,500,0,0,1.0,0.8273555871212122,0.5739067340010753,0.0,0.2498660683631897,0.010770699940621853,0,0,51,51,-1,weighted,,,0,0,0,0.0,0.0036725085228681564,0,0.0,0.0,0.0,0.0,0,none,0,1,0,overconfident,0.95,0,mild_drift,0.9607291330645611,0.0012925403225800998,0.802973790322808,0.8563835685484484,1768042049.7299063,0.03721131756901741,0.08342307806015015
265,16960,16959,sea_abrupt4,sea,ts_drift_adapt,3,"error_divergence_ph_meta@error.threshold=0.10,error.min_instances=5",error_divergence_ph_meta,"{""divergence"": {""alpha"": 0.1, ""delta"": 0.005, ""min_instances"": 30, ""threshold"": 0.05}, ""error_rate"": {""alpha"": 0.15, ""delta"": 0.005, ""min_instances"": 5, ""threshold"": 0.1}}","{""error_rate"": {""min_instances"": 5, ""threshold"": 0.1}}",0.1,0.005,0.15,5,0.05,0.005,0.1,30,,,,-1,two_stage,2,0.5,"__confirm_cooldown=200,divergence=0.3,error_rate=0.5,teacher_entropy=0.2",3,0,200,0.0,0,10000,10.0,25.0,200,500,0,0,1.0,0.8272405660377359,0.5736690025326187,0.0,0.28475385904312134,0.01628844253718853,0,0,51,51,-1,weighted,,,0,0,0,0.0,0.005517742596566677,0,0.0,0.0,0.0,0.0,0,none,0,1,0,overconfident,0.95,0,mild_drift,0.9605145665322805,0.0012962701612900499,0.801486895161404,0.8556917842742242,1768042049.7433503,0.0637352392077446,0.1152261346578598
266,17024,17023,sea_abrupt4,sea,ts_drift_adapt,3,"error_divergence_ph_meta@error.threshold=0.10,error.min_instances=5",error_divergence_ph_meta,"{""divergence"": {""alpha"": 0.1, ""delta"": 0.005, ""min_instances"": 30, ""threshold"": 0.05}, ""error_rate"": {""alpha"": 0.15, ""delta"": 0.005, ""min_instances"": 5, ""threshold"": 0.1}}","{""error_rate"": {""min_instances"": 5, ""threshold"": 0.1}}",0.1,0.005,0.15,5,0.05,0.005,0.1,30,,,,-1,two_stage,2,0.5,"__confirm_cooldown=200,divergence=0.3,error_rate=0.5,teacher_entropy=0.2",3,0,200,0.0,0,10000,10.0,25.0,200,500,0,0,1.0,0.8275375939849624,0.5745146607630806,0.16666666666666666,0.2612389326095581,0.00934289675205946,1,1,52,52,0,weighted,,,0,0,0,0.16666666666666666,0.16666666666666666,1,0.5,0.0,0.0,0.0,0,none,1,1,0,overconfident,0.95,0,severe_drift,0.9257572832661403,0.001648135080645025,0.650743447580702,0.8328458921371121,1768042049.7573678,0.23403626680374146,0.09256935119628906
267,17088,17087,sea_abrupt4,sea,ts_drift_adapt,3,"error_divergence_ph_meta@error.threshold=0.10,error.min_instances=5",error_divergence_ph_meta,"{""divergence"": {""alpha"": 0.1, ""delta"": 0.005, ""min_instances"": 30, ""threshold"": 0.05}, ""error_rate"": {""alpha"": 0.15, ""delta"": 0.005, ""min_instances"": 5, ""threshold"": 0.1}}","{""error_rate"": {""min_instances"": 5, ""threshold"": 0.1}}",0.1,0.005,0.15,5,0.05,0.005,0.1,30,,,,-1,two_stage,2,0.5,"__confirm_cooldown=200,divergence=0.3,error_rate=0.5,teacher_entropy=0.2",3,0,200,0.0,0,10000,10.0,25.0,200,500,1,136,1.0,0.8276568352059925,0.574700748282261,0.0,0.2967589497566223,0.01355962548404932,0,0,52,52,-1,weighted,,,0,0,0,0.0,0.16666666666666666,0,0.0,0.0,0.0,0.0,0,none,0,1,0,overconfident,0.95,0,mild_drift,0.9430286416330701,0.0014740675403225126,0.725371723790351,0.843922946068556,1768042049.7711964,0.025620708242058754,0.11157752573490143
268,17152,17151,sea_abrupt4,sea,ts_drift_adapt,3,"error_divergence_ph_meta@error.threshold=0.10,error.min_instances=5",error_divergence_ph_meta,"{""divergence"": {""alpha"": 0.1, ""delta"": 0.005, ""min_instances"": 30, ""threshold"": 0.05}, ""error_rate"": {""alpha"": 0.15, ""delta"": 0.005, ""min_instances"": 5, ""threshold"": 0.1}}","{""error_rate"": {""min_instances"": 5, ""threshold"": 0.1}}",0.1,0.005,0.15,5,0.05,0.005,0.1,30,,,,-1,two_stage,2,0.5,"__confirm_cooldown=200,divergence=0.3,error_rate=0.5,teacher_entropy=0.2",3,0,200,0.0,0,10000,10.0,25.0,200,500,1,72,1.0,0.827950093283582,0.5752112095818482,0.3333333333333333,0.18966160714626312,0.003999033942818642,0,0,52,52,-1,weighted,,,0,0,0,0.0,0.3333333333333333,0,0.0,0.0,0.0,0.0,0,none,0,1,0,overconfident,0.95,0,mild_drift,0.951664320816535,0.0013870337701612564,0.7626858618951755,0.849461473034278,1768042049.7832477,0.8838382363319397,0.05668693780899048
269,17216,17215,sea_abrupt4,sea,ts_drift_adapt,3,"error_divergence_ph_meta@error.threshold=0.10,error.min_instances=5",error_divergence_ph_meta,"{""divergence"": {""alpha"": 0.1, ""delta"": 0.005, ""min_instances"": 30, ""threshold"": 0.05}, ""error_rate"": {""alpha"": 0.15, ""delta"": 0.005, ""min_instances"": 5, ""threshold"": 0.1}}","{""error_rate"": {""min_instances"": 5, ""threshold"": 0.1}}",0.1,0.005,0.15,5,0.05,0.005,0.1,30,,,,-1,two_stage,2,0.5,"__confirm_cooldown=200,divergence=0.3,error_rate=0.5,teacher_entropy=0.2",3,0,200,0.0,0,10000,10.0,25.0,200,500,1,8,1.0,0.8278926579925651,0.5750491661981275,0.16666666666666666,0.2287915199995041,0.00740265566855669,0,0,52,52,-1,weighted,,,0,0,0,0.0,0.16666666666666666,0,0.0,0.0,0.0,0.0,0,none,0,1,0,overconfident,0.95,0,mild_drift,0.9559821604082674,0.0013435168850806283,0.7813429309475878,0.852230736517139,1768042049.7947164,0.42580750584602356,0.08209052681922913
270,17280,17279,sea_abrupt4,sea,ts_drift_adapt,3,"error_divergence_ph_meta@error.threshold=0.10,error.min_instances=5",error_divergence_ph_meta,"{""divergence"": {""alpha"": 0.1, ""delta"": 0.005, ""min_instances"": 30, ""threshold"": 0.05}, ""error_rate"": {""alpha"": 0.15, ""delta"": 0.005, ""min_instances"": 5, ""threshold"": 0.1}}","{""error_rate"": {""min_instances"": 5, ""threshold"": 0.1}}",0.1,0.005,0.15,5,0.05,0.005,0.1,30,,,,-1,two_stage,2,0.5,"__confirm_cooldown=200,divergence=0.3,error_rate=0.5,teacher_entropy=0.2",3,0,200,0.0,0,10000,10.0,25.0,200,500,0,0,1.0,0.8280092592592593,0.575446598100795,0.0,0.2759701609611511,0.006877776701003313,0,0,52,52,-1,weighted,,,0,0,0,0.0,0.16666666666666666,0,0.0,0.0,0.0,0.0,0,none,0,1,0,overconfident,0.95,0,mild_drift,0.9581410802041337,0.0013217584425403142,0.7906714654737939,0.8536153682585694,1768042049.8056984,0.04336104914546013,0.07509777694940567
271,17344,17343,sea_abrupt4,sea,ts_drift_adapt,3,"error_divergence_ph_meta@error.threshold=0.10,error.min_instances=5",error_divergence_ph_meta,"{""divergence"": {""alpha"": 0.1, ""delta"": 0.005, ""min_instances"": 30, ""threshold"": 0.05}, ""error_rate"": {""alpha"": 0.15, ""delta"": 0.005, ""min_instances"": 5, ""threshold"": 0.1}}","{""error_rate"": {""min_instances"": 5, ""threshold"": 0.1}}",0.1,0.005,0.15,5,0.05,0.005,0.1,30,,,,-1,two_stage,2,0.5,"__confirm_cooldown=200,divergence=0.3,error_rate=0.5,teacher_entropy=0.2",3,0,200,0.0,0,10000,10.0,25.0,200,500,0,0,1.0,0.8278943726937269,0.5752520601142763,0.6666666666666666,0.2726953625679016,0.017685268074274063,1,1,53,53,0,weighted,,,0,0,0,0.5,0.6666666666666666,1,0.5,0.0,0.0,0.0,0,none,1,1,0,overconfident,0.95,0,severe_drift,0.9245705401020669,0.0016608792212701572,0.6453357327368969,0.8318076841292847,1768042049.8168306,1.098056435585022,0.16562747955322266
272,17408,17407,sea_abrupt4,sea,ts_drift_adapt,3,"error_divergence_ph_meta@error.threshold=0.10,error.min_instances=5",error_divergence_ph_meta,"{""divergence"": {""alpha"": 0.1, ""delta"": 0.005, ""min_instances"": 30, ""threshold"": 0.05}, ""error_rate"": {""alpha"": 0.15, ""delta"": 0.005, ""min_instances"": 5, ""threshold"": 0.1}}","{""error_rate"": {""min_instances"": 5, ""threshold"": 0.1}}",0.1,0.005,0.15,5,0.05,0.005,0.1,30,,,,-1,two_stage,2,0.5,"__confirm_cooldown=200,divergence=0.3,error_rate=0.5,teacher_entropy=0.2",3,0,200,0.0,0,10000,10.0,25.0,200,500,1,136,1.0,0.8279526654411765,0.5755157540059761,0.16666666666666666,0.23819845914840698,0.007676310371607542,0,0,53,53,-1,weighted,,,0,0,0,0.0,0.5,0,0.0,0.0,0.0,0.0,0,none,0,1,0,overconfident,0.95,0,mild_drift,0.9424352700510334,0.0014804396106350786,0.7226678663684485,0.8434038420646424,1768042049.827931,0.3692135810852051,0.08532437682151794
273,17472,17471,sea_abrupt4,sea,ts_drift_adapt,3,"error_divergence_ph_meta@error.threshold=0.10,error.min_instances=5",error_divergence_ph_meta,"{""divergence"": {""alpha"": 0.1, ""delta"": 0.005, ""min_instances"": 30, ""threshold"": 0.05}, ""error_rate"": {""alpha"": 0.15, ""delta"": 0.005, ""min_instances"": 5, ""threshold"": 0.1}}","{""error_rate"": {""min_instances"": 5, ""threshold"": 0.1}}",0.1,0.005,0.15,5,0.05,0.005,0.1,30,,,,-1,two_stage,2,0.5,"__confirm_cooldown=200,divergence=0.3,error_rate=0.5,teacher_entropy=0.2",3,0,200,0.0,0,10000,10.0,25.0,200,500,1,72,1.0,0.828125,0.5760596509754606,0.16666666666666666,0.22352223098278046,0.007498730439692736,0,0,53,53,-1,weighted,,,0,0,0,0.0,0.00017757993191480637,0,0.0,0.0,0.0,0.0,0,none,0,1,0,overconfident,0.95,0,mild_drift,0.9513676350255167,0.0013902198053175395,0.7613339331842243,0.8492019210323212,1768042049.8388941,0.2016782909631729,0.09549271315336227
274,17536,17535,sea_abrupt4,sea,ts_drift_adapt,3,"error_divergence_ph_meta@error.threshold=0.10,error.min_instances=5",error_divergence_ph_meta,"{""divergence"": {""alpha"": 0.1, ""delta"": 0.005, ""min_instances"": 30, ""threshold"": 0.05}, ""error_rate"": {""alpha"": 0.15, ""delta"": 0.005, ""min_instances"": 5, ""threshold"": 0.1}}","{""error_rate"": {""min_instances"": 5, ""threshold"": 0.1}}",0.1,0.005,0.15,5,0.05,0.005,0.1,30,,,,-1,two_stage,2,0.5,"__confirm_cooldown=200,divergence=0.3,error_rate=0.5,teacher_entropy=0.2",3,0,200,0.0,0,10000,10.0,25.0,200,500,1,8,1.0,0.8280679744525548,0.5757533331555176,0.16666666666666666,0.26585957407951355,0.01739400252699852,0,0,53,53,-1,weighted,,,0,0,0,0.0,0.009895272087305784,0,0.0,0.0,0.0,0.0,0,none,0,1,0,overconfident,0.95,0,mild_drift,0.9558338175127583,0.00134510990265877,0.7806669665921122,0.8521009605161606,1768042049.8497872,0.20051787793636322,0.20361587405204773
275,17600,17599,sea_abrupt4,sea,ts_drift_adapt,3,"error_divergence_ph_meta@error.threshold=0.10,error.min_instances=5",error_divergence_ph_meta,"{""divergence"": {""alpha"": 0.1, ""delta"": 0.005, ""min_instances"": 30, ""threshold"": 0.05}, ""error_rate"": {""alpha"": 0.15, ""delta"": 0.005, ""min_instances"": 5, ""threshold"": 0.1}}","{""error_rate"": {""min_instances"": 5, ""threshold"": 0.1}}",0.1,0.005,0.15,5,0.05,0.005,0.1,30,,,,-1,two_stage,2,0.5,"__confirm_cooldown=200,divergence=0.3,error_rate=0.5,teacher_entropy=0.2",3,0,200,0.0,0,10000,10.0,25.0,200,500,0,0,1.0,0.8283522727272727,0.5765867683524379,0.0,0.2363511621952057,0.018803369253873825,0,0,53,53,-1,weighted,,,0,0,0,0.0,0.16666666666666666,0,0.0,0.0,0.0,0.0,0,none,0,1,0,overconfident,0.95,0,mild_drift,0.9580669087563791,0.0013225549513293852,0.7903334832960561,0.8535504802580802,1768042049.8609593,0.05213950574398041,0.17135564982891083
276,17664,17663,sea_abrupt4,sea,ts_drift_adapt,3,"error_divergence_ph_meta@error.threshold=0.10,error.min_instances=5",error_divergence_ph_meta,"{""divergence"": {""alpha"": 0.1, ""delta"": 0.005, ""min_instances"": 30, ""threshold"": 0.05}, ""error_rate"": {""alpha"": 0.15, ""delta"": 0.005, ""min_instances"": 5, ""threshold"": 0.1}}","{""error_rate"": {""min_instances"": 5, ""threshold"": 0.1}}",0.1,0.005,0.15,5,0.05,0.005,0.1,30,,,,-1,two_stage,2,0.5,"__confirm_cooldown=200,divergence=0.3,error_rate=0.5,teacher_entropy=0.2",3,0,200,0.0,0,10000,10.0,25.0,200,500,0,0,1.0,0.828521286231884,0.5773525497974961,0.0,0.2702238857746124,0.03658391162753105,1,1,54,54,0,weighted,,,0,0,0,0.6666666666666666,0.017780542373657227,1,0.5,0.0,0.0,0.0,0,none,1,1,0,overconfident,0.95,0,severe_drift,0.9245334543781896,0.0016612774756646926,0.645166741648028,0.8317752401290401,1768042049.8721633,0.08053869754076004,0.3740726411342621
277,17728,17727,sea_abrupt4,sea,ts_drift_adapt,3,"error_divergence_ph_meta@error.threshold=0.10,error.min_instances=5",error_divergence_ph_meta,"{""divergence"": {""alpha"": 0.1, ""delta"": 0.005, ""min_instances"": 30, ""threshold"": 0.05}, ""error_rate"": {""alpha"": 0.15, ""delta"": 0.005, ""min_instances"": 5, ""threshold"": 0.1}}","{""error_rate"": {""min_instances"": 5, ""threshold"": 0.1}}",0.1,0.005,0.15,5,0.05,0.005,0.1,30,,,,-1,two_stage,2,0.5,"__confirm_cooldown=200,divergence=0.3,error_rate=0.5,teacher_entropy=0.2",3,0,200,0.0,0,10000,10.0,25.0,200,500,1,136,1.0,0.8288583032490975,0.5781539737644396,0.16666666666666666,0.22913363575935364,0.017107628285884857,0,0,54,54,-1,weighted,,,0,0,0,0.0,0.16666666666666666,0,0.0,0.0,0.0,0.0,0,none,0,1,0,overconfident,0.95,0,mild_drift,0.9424167271890947,0.0014806387378323463,0.722583370824014,0.8433876200645201,1768042049.8832536,0.24256891012191772,0.1779969334602356
278,17792,17791,sea_abrupt4,sea,ts_drift_adapt,3,"error_divergence_ph_meta@error.threshold=0.10,error.min_instances=5",error_divergence_ph_meta,"{""divergence"": {""alpha"": 0.1, ""delta"": 0.005, ""min_instances"": 30, ""threshold"": 0.05}, ""error_rate"": {""alpha"": 0.15, ""delta"": 0.005, ""min_instances"": 5, ""threshold"": 0.1}}","{""error_rate"": {""min_instances"": 5, ""threshold"": 0.1}}",0.1,0.005,0.15,5,0.05,0.005,0.1,30,,,,-1,two_stage,2,0.5,"__confirm_cooldown=200,divergence=0.3,error_rate=0.5,teacher_entropy=0.2",3,0,200,0.0,0,10000,10.0,25.0,200,500,1,72,1.0,0.8291928956834532,0.5790247343062088,0.0,0.25338098406791687,0.010008882731199265,0,0,54,54,-1,weighted,,,0,0,0,0.0,0.16666666666666666,0,0.0,0.0,0.0,0.0,0,none,0,1,0,overconfident,0.95,0,mild_drift,0.9513583635945473,0.0013903193689161733,0.7612916854120071,0.84919381003226,1768042049.8945735,0.037309203296899796,0.09689721465110779
279,17856,17855,sea_abrupt4,sea,ts_drift_adapt,3,"error_divergence_ph_meta@error.threshold=0.10,error.min_instances=5",error_divergence_ph_meta,"{""divergence"": {""alpha"": 0.1, ""delta"": 0.005, ""min_instances"": 30, ""threshold"": 0.05}, ""error_rate"": {""alpha"": 0.15, ""delta"": 0.005, ""min_instances"": 5, ""threshold"": 0.1}}","{""error_rate"": {""min_instances"": 5, ""threshold"": 0.1}}",0.1,0.005,0.15,5,0.05,0.005,0.1,30,,,,-1,two_stage,2,0.5,"__confirm_cooldown=200,divergence=0.3,error_rate=0.5,teacher_entropy=0.2",3,0,200,0.0,0,10000,10.0,25.0,200,500,1,8,1.0,0.8293010752688172,0.5792951816996631,0.16666666666666666,0.24410824477672577,0.01692928932607174,0,0,54,54,-1,weighted,,,0,0,0,0.0,0.16666666666666666,0,0.0,0.0,0.0,0.0,0,none,0,1,0,overconfident,0.95,0,mild_drift,0.9558291817972736,0.0013451596844580868,0.7806458427060036,0.85209690501613,1768042049.9058087,0.528219997882843,0.1857025921344757
280,17920,17919,sea_abrupt4,sea,ts_drift_adapt,3,"error_divergence_ph_meta@error.threshold=0.10,error.min_instances=5",error_divergence_ph_meta,"{""divergence"": {""alpha"": 0.1, ""delta"": 0.005, ""min_instances"": 30, ""threshold"": 0.05}, ""error_rate"": {""alpha"": 0.15, ""delta"": 0.005, ""min_instances"": 5, ""threshold"": 0.1}}","{""error_rate"": {""min_instances"": 5, ""threshold"": 0.1}}",0.1,0.005,0.15,5,0.05,0.005,0.1,30,,,,-1,two_stage,2,0.5,"__confirm_cooldown=200,divergence=0.3,error_rate=0.5,teacher_entropy=0.2",3,0,200,0.0,0,10000,10.0,25.0,200,500,0,0,1.0,0.8295758928571428,0.5797421056779086,0.0,0.2647189199924469,0.008199922740459442,0,0,54,54,-1,weighted,,,0,0,0,0.0,0.16666666666666666,0,0.0,0.0,0.0,0.0,0,none,0,1,0,overconfident,0.95,0,mild_drift,0.9580645908986367,0.0013225798422290434,0.7903229213530019,0.853548452508065,1768042049.9171815,0.11249702423810959,0.10717503726482391
281,17984,17983,sea_abrupt4,sea,ts_drift_adapt,3,"error_divergence_ph_meta@error.threshold=0.10,error.min_instances=5",error_divergence_ph_meta,"{""divergence"": {""alpha"": 0.1, ""delta"": 0.005, ""min_instances"": 30, ""threshold"": 0.05}, ""error_rate"": {""alpha"": 0.15, ""delta"": 0.005, ""min_instances"": 5, ""threshold"": 0.1}}","{""error_rate"": {""min_instances"": 5, ""threshold"": 0.1}}",0.1,0.005,0.15,5,0.05,0.005,0.1,30,,,,-1,two_stage,2,0.5,"__confirm_cooldown=200,divergence=0.3,error_rate=0.5,teacher_entropy=0.2",3,0,200,0.0,0,10000,10.0,25.0,200,500,0,0,1.0,0.8297931494661922,0.580097337985027,0.3333333333333333,0.23988643288612366,0.006159374024719,1,1,55,55,0,weighted,,,0,0,0,0.3333333333333333,0.3333333333333333,1,0.5,0.0,0.0,0.0,0,none,1,1,0,overconfident,0.95,0,severe_drift,0.9245322954493184,0.0016612899211145217,0.6451614606765009,0.8317742262540325,1768042049.9287632,0.686235249042511,0.09022074937820435
282,18048,18047,sea_abrupt4,sea,ts_drift_adapt,3,"error_divergence_ph_meta@error.threshold=0.10,error.min_instances=5",error_divergence_ph_meta,"{""divergence"": {""alpha"": 0.1, ""delta"": 0.005, ""min_instances"": 30, ""threshold"": 0.05}, ""error_rate"": {""alpha"": 0.15, ""delta"": 0.005, ""min_instances"": 5, ""threshold"": 0.1}}","{""error_rate"": {""min_instances"": 5, ""threshold"": 0.1}}",0.1,0.005,0.15,5,0.05,0.005,0.1,30,,,,-1,two_stage,2,0.5,"__confirm_cooldown=200,divergence=0.3,error_rate=0.5,teacher_entropy=0.2",3,0,200,0.0,0,10000,10.0,25.0,200,500,1,136,1.0,0.8297872340425532,0.5798614438495192,0.0,0.306816965341568,0.016190199181437492,0,0,55,55,-1,weighted,,,0,0,0,0.0,0.3333333333333333,0,0.0,0.0,0.0,0.0,0,none,0,1,0,overconfident,0.95,0,mild_drift,0.9424161477246591,0.001480644960557261,0.7225807303382505,0.8433871131270163,1768042049.9416697,0.14607958495616913,0.15632407367229462
283,18112,18111,sea_abrupt4,sea,ts_drift_adapt,3,"error_divergence_ph_meta@error.threshold=0.10,error.min_instances=5",error_divergence_ph_meta,"{""divergence"": {""alpha"": 0.1, ""delta"": 0.005, ""min_instances"": 30, ""threshold"": 0.05}, ""error_rate"": {""alpha"": 0.15, ""delta"": 0.005, ""min_instances"": 5, ""threshold"": 0.1}}","{""error_rate"": {""min_instances"": 5, ""threshold"": 0.1}}",0.1,0.005,0.15,5,0.05,0.005,0.1,30,,,,-1,two_stage,2,0.5,"__confirm_cooldown=200,divergence=0.3,error_rate=0.5,teacher_entropy=0.2",3,0,200,0.0,0,10000,10.0,25.0,200,500,1,72,1.0,0.8301678445229682,0.5805006077459666,0.0,0.26942309737205505,0.011275051161646843,0,0,55,55,-1,weighted,,,0,0,0,0.0,0.004915148019790649,0,0.0,0.0,0.0,0.0,0,none,0,1,0,overconfident,0.95,0,mild_drift,0.9513580738623295,0.0013903224802786305,0.7612903651691253,0.8491935565635081,1768042049.9558675,0.03261023387312889,0.10769526660442352
284,18176,18175,sea_abrupt4,sea,ts_drift_adapt,3,"error_divergence_ph_meta@error.threshold=0.10,error.min_instances=5",error_divergence_ph_meta,"{""divergence"": {""alpha"": 0.1, ""delta"": 0.005, ""min_instances"": 30, ""threshold"": 0.05}, ""error_rate"": {""alpha"": 0.15, ""delta"": 0.005, ""min_instances"": 5, ""threshold"": 0.1}}","{""error_rate"": {""min_instances"": 5, ""threshold"": 0.1}}",0.1,0.005,0.15,5,0.05,0.005,0.1,30,,,,-1,two_stage,2,0.5,"__confirm_cooldown=200,divergence=0.3,error_rate=0.5,teacher_entropy=0.2",3,0,200,0.0,0,10000,10.0,25.0,200,500,1,8,1.0,0.8302706866197183,0.5805543188865424,0.16666666666666666,0.298713356256485,0.015061087906360626,0,0,55,55,-1,weighted,,,0,0,0,0.0,0.16666666666666666,0,0.0,0.0,0.0,0.0,0,none,0,1,0,overconfident,0.95,0,mild_drift,0.9558290369311647,0.0013451612401393152,0.7806451825845626,0.8520967782817541,1768042049.9703662,0.193562850356102,0.12652519345283508
285,18240,18239,sea_abrupt4,sea,ts_drift_adapt,3,"error_divergence_ph_meta@error.threshold=0.10,error.min_instances=5",error_divergence_ph_meta,"{""divergence"": {""alpha"": 0.1, ""delta"": 0.005, ""min_instances"": 30, ""threshold"": 0.05}, ""error_rate"": {""alpha"": 0.15, ""delta"": 0.005, ""min_instances"": 5, ""threshold"": 0.1}}","{""error_rate"": {""min_instances"": 5, ""threshold"": 0.1}}",0.1,0.005,0.15,5,0.05,0.005,0.1,30,,,,-1,two_stage,2,0.5,"__confirm_cooldown=200,divergence=0.3,error_rate=0.5,teacher_entropy=0.2",3,0,200,0.0,0,10000,10.0,25.0,200,500,0,0,1.0,0.8302631578947368,0.5804465137775646,0.0,0.24276204407215118,0.014671562239527702,0,0,55,55,-1,weighted,,,0,0,0,0.0,0.16666666666666666,0,0.0,0.0,0.0,0.0,0,none,0,1,0,overconfident,0.95,0,mild_drift,0.9580645184655823,0.0013225806200696578,0.7903225912922813,0.853548389140877,1768042049.9829655,0.02364998124539852,0.12682965397834778
286,18304,18303,sea_abrupt4,sea,ts_drift_adapt,3,"error_divergence_ph_meta@error.threshold=0.10,error.min_instances=5",error_divergence_ph_meta,"{""divergence"": {""alpha"": 0.1, ""delta"": 0.005, ""min_instances"": 30, ""threshold"": 0.05}, ""error_rate"": {""alpha"": 0.15, ""delta"": 0.005, ""min_instances"": 5, ""threshold"": 0.1}}","{""error_rate"": {""min_instances"": 5, ""threshold"": 0.1}}",0.1,0.005,0.15,5,0.05,0.005,0.1,30,,,,-1,two_stage,2,0.5,"__confirm_cooldown=200,divergence=0.3,error_rate=0.5,teacher_entropy=0.2",3,0,200,0.0,0,10000,10.0,25.0,200,500,0,0,1.0,0.8303649475524476,0.5805501957558181,0.0,0.3028199374675751,0.036561835557222366,1,1,56,56,0,weighted,,,0,0,0,0.3333333333333333,0.021890273317694664,1,0.5,0.0,0.0,0.0,0,none,1,1,0,overconfident,0.95,0,severe_drift,0.9245322592327911,0.001661290310034829,0.6451612956461407,0.8317741945704386,1768042049.9946706,0.13337312638759613,0.2511545419692993
287,18368,18367,sea_abrupt4,sea,ts_drift_adapt,3,"error_divergence_ph_meta@error.threshold=0.10,error.min_instances=5",error_divergence_ph_meta,"{""divergence"": {""alpha"": 0.1, ""delta"": 0.005, ""min_instances"": 30, ""threshold"": 0.05}, ""error_rate"": {""alpha"": 0.15, ""delta"": 0.005, ""min_instances"": 5, ""threshold"": 0.1}}","{""error_rate"": {""min_instances"": 5, ""threshold"": 0.1}}",0.1,0.005,0.15,5,0.05,0.005,0.1,30,,,,-1,two_stage,2,0.5,"__confirm_cooldown=200,divergence=0.3,error_rate=0.5,teacher_entropy=0.2",3,0,200,0.0,0,10000,10.0,25.0,200,500,1,136,1.0,0.8306293554006968,0.5810185062982229,0.0,0.27998626232147217,0.01275716908276081,0,0,56,56,-1,weighted,,,0,0,0,0.0,0.023804666474461555,0,0.0,0.0,0.0,0.0,0,none,0,1,0,overconfident,0.95,0,mild_drift,0.9424161296163955,0.0014806451550174145,0.7225806478230703,0.8433870972852193,1768042050.0064805,0.01015810202807188,0.11098133027553558
288,18432,18431,sea_abrupt4,sea,ts_drift_adapt,3,"error_divergence_ph_meta@error.threshold=0.10,error.min_instances=5",error_divergence_ph_meta,"{""divergence"": {""alpha"": 0.1, ""delta"": 0.005, ""min_instances"": 30, ""threshold"": 0.05}, ""error_rate"": {""alpha"": 0.15, ""delta"": 0.005, ""min_instances"": 5, ""threshold"": 0.1}}","{""error_rate"": {""min_instances"": 5, ""threshold"": 0.1}}",0.1,0.005,0.15,5,0.05,0.005,0.1,30,,,,-1,two_stage,2,0.5,"__confirm_cooldown=200,divergence=0.3,error_rate=0.5,teacher_entropy=0.2",3,0,200,0.0,0,10000,10.0,25.0,200,500,1,72,1.0,0.8304578993055556,0.5806782110614294,0.3333333333333333,0.2702060341835022,0.016525911167263985,0,0,56,56,-1,weighted,,,0,0,0,0.0,0.3333333333333333,0,0.0,0.0,0.0,0.0,0,none,0,1,0,overconfident,0.95,0,mild_drift,0.9513580648081977,0.0013903225775087073,0.7612903239115352,0.8491935486426097,1768042050.018356,0.3719595670700073,0.156081885099411
289,18496,18495,sea_abrupt4,sea,ts_drift_adapt,3,"error_divergence_ph_meta@error.threshold=0.10,error.min_instances=5",error_divergence_ph_meta,"{""divergence"": {""alpha"": 0.1, ""delta"": 0.005, ""min_instances"": 30, ""threshold"": 0.05}, ""error_rate"": {""alpha"": 0.15, ""delta"": 0.005, ""min_instances"": 5, ""threshold"": 0.1}}","{""error_rate"": {""min_instances"": 5, ""threshold"": 0.1}}",0.1,0.005,0.15,5,0.05,0.005,0.1,30,,,,-1,two_stage,2,0.5,"__confirm_cooldown=200,divergence=0.3,error_rate=0.5,teacher_entropy=0.2",3,0,200,0.0,0,10000,10.0,25.0,200,500,1,8,1.0,0.8306120242214533,0.5808344209114523,0.0,0.24314247071743011,0.010760152712464333,0,0,56,56,-1,weighted,,,0,0,0,0.0,0.3333333333333333,0,0.0,0.0,0.0,0.0,0,none,0,1,0,overconfident,0.95,0,mild_drift,0.9558290324040988,0.0013451612887543539,0.7806451619557676,0.8520967743213048,1768042050.030044,0.07557489722967148,0.08992410451173782
290,18560,18559,sea_abrupt4,sea,ts_drift_adapt,3,"error_divergence_ph_meta@error.threshold=0.10,error.min_instances=5",error_divergence_ph_meta,"{""divergence"": {""alpha"": 0.1, ""delta"": 0.005, ""min_instances"": 30, ""threshold"": 0.05}, ""error_rate"": {""alpha"": 0.15, ""delta"": 0.005, ""min_instances"": 5, ""threshold"": 0.1}}","{""error_rate"": {""min_instances"": 5, ""threshold"": 0.1}}",0.1,0.005,0.15,5,0.05,0.005,0.1,30,,,,-1,two_stage,2,0.5,"__confirm_cooldown=200,divergence=0.3,error_rate=0.5,teacher_entropy=0.2",3,0,200,0.0,0,10000,10.0,25.0,200,500,0,0,1.0,0.8304956896551724,0.5804516721092251,0.16666666666666666,0.2512543201446533,0.014968018978834152,0,0,56,56,-1,weighted,,,0,0,0,0.0,0.16666666666666666,0,0.0,0.0,0.0,0.0,0,none,0,1,0,overconfident,0.95,0,mild_drift,0.9580645162020494,0.001322580644377177,0.7903225809778838,0.8535483871606524,1768042050.0416167,0.5168259739875793,0.12204363942146301
291,18624,18623,sea_abrupt4,sea,ts_drift_adapt,3,"error_divergence_ph_meta@error.threshold=0.10,error.min_instances=5",error_divergence_ph_meta,"{""divergence"": {""alpha"": 0.1, ""delta"": 0.005, ""min_instances"": 30, ""threshold"": 0.05}, ""error_rate"": {""alpha"": 0.15, ""delta"": 0.005, ""min_instances"": 5, ""threshold"": 0.1}}","{""error_rate"": {""min_instances"": 5, ""threshold"": 0.1}}",0.1,0.005,0.15,5,0.05,0.005,0.1,30,,,,-1,two_stage,2,0.5,"__confirm_cooldown=200,divergence=0.3,error_rate=0.5,teacher_entropy=0.2",3,0,200,0.0,0,10000,10.0,25.0,200,500,0,0,1.0,0.8305949312714777,0.5807024383326586,0.0,0.2718440294265747,0.017936088144779205,1,1,57,57,0,weighted,,,0,0,0,0.0,0.16666666666666666,1,0.5,0.0,0.0,0.0,0,none,1,1,0,overconfident,0.95,0,stable,0.9740322581010247,0.0010612903221885884,0.8951612904889419,0.8992741935803262,1768042050.053057,0.037896156311035156,0.14447247982025146
292,18688,18687,sea_abrupt4,sea,ts_drift_adapt,3,"error_divergence_ph_meta@error.threshold=0.10,error.min_instances=5",error_divergence_ph_meta,"{""divergence"": {""alpha"": 0.1, ""delta"": 0.005, ""min_instances"": 30, ""threshold"": 0.05}, ""error_rate"": {""alpha"": 0.15, ""delta"": 0.005, ""min_instances"": 5, ""threshold"": 0.1}}","{""error_rate"": {""min_instances"": 5, ""threshold"": 0.1}}",0.1,0.005,0.15,5,0.05,0.005,0.1,30,,,,-1,two_stage,2,0.5,"__confirm_cooldown=200,divergence=0.3,error_rate=0.5,teacher_entropy=0.2",3,0,200,0.0,0,10000,10.0,25.0,200,500,1,136,1.0,0.8308005136986302,0.5810095547604821,0.16666666666666666,0.2486506551504135,0.011492488905787468,0,0,57,57,-1,weighted,,,0,0,0,0.0,0.16666666666666666,0,0.0,0.0,0.0,0.0,0,none,0,1,0,overconfident,0.95,0,mild_drift,0.9671661290505122,0.0011806451610942943,0.847580645244471,0.877137096790163,1768042050.064175,0.3575628995895386,0.08258742094039917
293,18752,18751,sea_abrupt4,sea,ts_drift_adapt,3,"error_divergence_ph_meta@error.threshold=0.10,error.min_instances=5",error_divergence_ph_meta,"{""divergence"": {""alpha"": 0.1, ""delta"": 0.005, ""min_instances"": 30, ""threshold"": 0.05}, ""error_rate"": {""alpha"": 0.15, ""delta"": 0.005, ""min_instances"": 5, ""threshold"": 0.1}}","{""error_rate"": {""min_instances"": 5, ""threshold"": 0.1}}",0.1,0.005,0.15,5,0.05,0.005,0.1,30,,,,-1,two_stage,2,0.5,"__confirm_cooldown=200,divergence=0.3,error_rate=0.5,teacher_entropy=0.2",3,0,200,0.0,0,10000,10.0,25.0,200,500,1,72,1.0,0.830844709897611,0.5810462978740285,0.16666666666666666,0.29107481241226196,0.009831150993704796,0,0,57,57,-1,weighted,,,0,0,0,0.0,0.0016613379120826721,0,0.0,0.0,0.0,0.0,0,none,0,1,0,overconfident,0.95,0,mild_drift,0.9637330645252561,0.0012403225805471471,0.8237903226222355,0.8660685483950815,1768042050.075636,0.6195753216743469,0.10286843031644821
294,18816,18815,sea_abrupt4,sea,ts_drift_adapt,3,"error_divergence_ph_meta@error.threshold=0.10,error.min_instances=5",error_divergence_ph_meta,"{""divergence"": {""alpha"": 0.1, ""delta"": 0.005, ""min_instances"": 30, ""threshold"": 0.05}, ""error_rate"": {""alpha"": 0.15, ""delta"": 0.005, ""min_instances"": 5, ""threshold"": 0.1}}","{""error_rate"": {""min_instances"": 5, ""threshold"": 0.1}}",0.1,0.005,0.15,5,0.05,0.005,0.1,30,,,,-1,two_stage,2,0.5,"__confirm_cooldown=200,divergence=0.3,error_rate=0.5,teacher_entropy=0.2",3,0,200,0.0,0,10000,10.0,25.0,200,500,1,8,1.0,0.8308886054421769,0.5815249251735475,0.3333333333333333,0.27840355038642883,0.01050666905939579,0,0,57,57,-1,weighted,,,0,0,0,0.0,0.16666666666666666,0,0.0,0.0,0.0,0.0,0,none,0,1,0,overconfident,0.95,0,mild_drift,0.962016532262628,0.0012701612902735735,0.8118951613111178,0.8605342741975408,1768042050.086646,0.698723316192627,0.11263654381036758
295,18880,18879,sea_abrupt4,sea,ts_drift_adapt,3,"error_divergence_ph_meta@error.threshold=0.10,error.min_instances=5",error_divergence_ph_meta,"{""divergence"": {""alpha"": 0.1, ""delta"": 0.005, ""min_instances"": 30, ""threshold"": 0.05}, ""error_rate"": {""alpha"": 0.15, ""delta"": 0.005, ""min_instances"": 5, ""threshold"": 0.1}}","{""error_rate"": {""min_instances"": 5, ""threshold"": 0.1}}",0.1,0.005,0.15,5,0.05,0.005,0.1,30,,,,-1,two_stage,2,0.5,"__confirm_cooldown=200,divergence=0.3,error_rate=0.5,teacher_entropy=0.2",3,0,200,0.0,0,10000,10.0,25.0,200,500,0,0,1.0,0.8314088983050848,0.5826355154736522,0.0,0.23459428548812866,0.0070563750341534615,0,0,57,57,-1,weighted,,,0,0,0,0.0,0.3333333333333333,0,0.0,0.0,0.0,0.0,0,none,0,1,0,overconfident,0.95,0,mild_drift,0.9611582661313139,0.001285080645136787,0.8059475806555589,0.8577671370987704,1768042050.0982087,0.10252875089645386,0.08215167373418808
296,18944,18943,sea_abrupt4,sea,ts_drift_adapt,3,"error_divergence_ph_meta@error.threshold=0.10,error.min_instances=5",error_divergence_ph_meta,"{""divergence"": {""alpha"": 0.1, ""delta"": 0.005, ""min_instances"": 30, ""threshold"": 0.05}, ""error_rate"": {""alpha"": 0.15, ""delta"": 0.005, ""min_instances"": 5, ""threshold"": 0.1}}","{""error_rate"": {""min_instances"": 5, ""threshold"": 0.1}}",0.1,0.005,0.15,5,0.05,0.005,0.1,30,,,,-1,two_stage,2,0.5,"__confirm_cooldown=200,divergence=0.3,error_rate=0.5,teacher_entropy=0.2",3,0,200,0.0,0,10000,10.0,25.0,200,500,0,0,1.0,0.8316089527027027,0.5833522244339978,0.16666666666666666,0.26844334602355957,0.013520701788365841,1,1,58,58,0,weighted,,,0,0,0,0.16666666666666666,0.16666666666666666,1,0.5,0.0,0.0,0.0,0,none,1,1,0,overconfident,0.95,0,severe_drift,0.926079133065657,0.0016425403225683935,0.6529737903277795,0.8338835685493853,1768042050.1097705,0.45344170928001404,0.12304720282554626
297,19008,19007,sea_abrupt4,sea,ts_drift_adapt,3,"error_divergence_ph_meta@error.threshold=0.10,error.min_instances=5",error_divergence_ph_meta,"{""divergence"": {""alpha"": 0.1, ""delta"": 0.005, ""min_instances"": 30, ""threshold"": 0.05}, ""error_rate"": {""alpha"": 0.15, ""delta"": 0.005, ""min_instances"": 5, ""threshold"": 0.1}}","{""error_rate"": {""min_instances"": 5, ""threshold"": 0.1}}",0.1,0.005,0.15,5,0.05,0.005,0.1,30,,,,-1,two_stage,2,0.5,"__confirm_cooldown=200,divergence=0.3,error_rate=0.5,teacher_entropy=0.2",3,0,200,0.0,0,10000,10.0,25.0,200,500,1,136,1.0,0.8317550505050505,0.5841843971631205,0.16666666666666666,0.21818052232265472,0.015301492996513844,0,0,58,58,-1,weighted,,,0,0,0,0.0,0.0017807912081480026,0,0.0,0.0,0.0,0.0,0,none,0,1,0,overconfident,0.95,0,mild_drift,0.9431895665328285,0.0014712701612841967,0.7264868951638898,0.8444417842746926,1768042050.1212912,0.18484830856323242,0.17052555084228516
298,19072,19071,sea_abrupt4,sea,ts_drift_adapt,3,"error_divergence_ph_meta@error.threshold=0.10,error.min_instances=5",error_divergence_ph_meta,"{""divergence"": {""alpha"": 0.1, ""delta"": 0.005, ""min_instances"": 30, ""threshold"": 0.05}, ""error_rate"": {""alpha"": 0.15, ""delta"": 0.005, ""min_instances"": 5, ""threshold"": 0.1}}","{""error_rate"": {""min_instances"": 5, ""threshold"": 0.1}}",0.1,0.005,0.15,5,0.05,0.005,0.1,30,,,,-1,two_stage,2,0.5,"__confirm_cooldown=200,divergence=0.3,error_rate=0.5,teacher_entropy=0.2",3,0,200,0.0,0,10000,10.0,25.0,200,500,1,72,1.0,0.8318477348993288,0.5843425160047138,0.16666666666666666,0.21322324872016907,0.019951248541474342,0,0,58,58,-1,weighted,,,0,0,0,0.0,0.004649755544960499,0,0.0,0.0,0.0,0.0,0,none,0,1,0,overconfident,0.95,0,mild_drift,0.9517447832664142,0.0013856350806420985,0.763243447581945,0.8497208921373463,1768042050.1323652,0.16256006062030792,0.20085498690605164
299,19136,19135,sea_abrupt4,sea,ts_drift_adapt,3,"error_divergence_ph_meta@error.threshold=0.10,error.min_instances=5",error_divergence_ph_meta,"{""divergence"": {""alpha"": 0.1, ""delta"": 0.005, ""min_instances"": 30, ""threshold"": 0.05}, ""error_rate"": {""alpha"": 0.15, ""delta"": 0.005, ""min_instances"": 5, ""threshold"": 0.1}}","{""error_rate"": {""min_instances"": 5, ""threshold"": 0.1}}",0.1,0.005,0.15,5,0.05,0.005,0.1,30,,,,-1,two_stage,2,0.5,"__confirm_cooldown=200,divergence=0.3,error_rate=0.5,teacher_entropy=0.2",3,0,200,0.0,0,10000,10.0,25.0,200,500,1,8,1.0,0.8320965719063546,0.5849848403693348,0.0,0.29627326130867004,0.03322894498705864,0,0,58,58,-1,weighted,,,0,0,0,0.0,0.16666666666666666,0,0.0,0.0,0.0,0.0,0,none,0,1,0,overconfident,0.95,0,mild_drift,0.9560223916332071,0.0013428175403210492,0.7816217237909725,0.8523604460686731,1768042050.1459203,0.13906583189964294,0.3085976243019104
300,19200,19199,sea_abrupt4,sea,ts_drift_adapt,3,"error_divergence_ph_meta@error.threshold=0.10,error.min_instances=5",error_divergence_ph_meta,"{""divergence"": {""alpha"": 0.1, ""delta"": 0.005, ""min_instances"": 30, ""threshold"": 0.05}, ""error_rate"": {""alpha"": 0.15, ""delta"": 0.005, ""min_instances"": 5, ""threshold"": 0.1}}","{""error_rate"": {""min_instances"": 5, ""threshold"": 0.1}}",0.1,0.005,0.15,5,0.05,0.005,0.1,30,,,,-1,two_stage,2,0.5,"__confirm_cooldown=200,divergence=0.3,error_rate=0.5,teacher_entropy=0.2",3,0,200,0.0,0,10000,10.0,25.0,200,500,0,0,1.0,0.83234375,0.5858207178850224,0.16666666666666666,0.25455597043037415,0.026025213301181793,0,0,58,58,-1,weighted,,,0,0,0,0.0,0.16666666666666666,0,0.0,0.0,0.0,0.0,0,none,0,1,0,overconfident,0.95,0,mild_drift,0.9581611958166035,0.0013214087701605248,0.7908108618954863,0.8536802230343365,1768042050.1601362,0.2637167274951935,0.2712634801864624
301,19264,19263,sea_abrupt4,sea,ts_drift_adapt,3,"error_divergence_ph_meta@error.threshold=0.10,error.min_instances=5",error_divergence_ph_meta,"{""divergence"": {""alpha"": 0.1, ""delta"": 0.005, ""min_instances"": 30, ""threshold"": 0.05}, ""error_rate"": {""alpha"": 0.15, ""delta"": 0.005, ""min_instances"": 5, ""threshold"": 0.1}}","{""error_rate"": {""min_instances"": 5, ""threshold"": 0.1}}",0.1,0.005,0.15,5,0.05,0.005,0.1,30,,,,-1,two_stage,2,0.5,"__confirm_cooldown=200,divergence=0.3,error_rate=0.5,teacher_entropy=0.2",3,0,200,0.0,0,10000,10.0,25.0,200,500,0,0,1.0,0.8325892857142857,0.5867822464608871,0.0,0.2723168134689331,0.03529137745499611,1,1,59,59,0,weighted,,,0,0,0,0.16666666666666666,0.16666666666666666,1,0.5,0.0,0.0,0.0,0,none,1,1,0,overconfident,0.95,0,severe_drift,0.9245805979083017,0.0016607043850802624,0.6454054309477432,0.8318401115171683,1768042050.1741648,0.12846626341342926,0.29955148696899414
302,19328,19327,sea_abrupt4,sea,ts_drift_adapt,3,"error_divergence_ph_meta@error.threshold=0.10,error.min_instances=5",error_divergence_ph_meta,"{""divergence"": {""alpha"": 0.1, ""delta"": 0.005, ""min_instances"": 30, ""threshold"": 0.05}, ""error_rate"": {""alpha"": 0.15, ""delta"": 0.005, ""min_instances"": 5, ""threshold"": 0.1}}","{""error_rate"": {""min_instances"": 5, ""threshold"": 0.1}}",0.1,0.005,0.15,5,0.05,0.005,0.1,30,,,,-1,two_stage,2,0.5,"__confirm_cooldown=200,divergence=0.3,error_rate=0.5,teacher_entropy=0.2",3,0,200,0.0,0,10000,10.0,25.0,200,500,1,136,1.0,0.8328331953642384,0.5875191247607994,0.16666666666666666,0.26607179641723633,0.011558687314391136,0,0,59,59,-1,weighted,,,0,0,0,0.0,0.16666666666666666,0,0.0,0.0,0.0,0.0,0,none,0,1,0,overconfident,0.95,0,mild_drift,0.9424402989541508,0.0014803521925401313,0.7227027154738717,0.8434200557585841,1768042050.1863322,0.24014993011951447,0.146062970161438
303,19392,19391,sea_abrupt4,sea,ts_drift_adapt,3,"error_divergence_ph_meta@error.threshold=0.10,error.min_instances=5",error_divergence_ph_meta,"{""divergence"": {""alpha"": 0.1, ""delta"": 0.005, ""min_instances"": 30, ""threshold"": 0.05}, ""error_rate"": {""alpha"": 0.15, ""delta"": 0.005, ""min_instances"": 5, ""threshold"": 0.1}}","{""error_rate"": {""min_instances"": 5, ""threshold"": 0.1}}",0.1,0.005,0.15,5,0.05,0.005,0.1,30,,,,-1,two_stage,2,0.5,"__confirm_cooldown=200,divergence=0.3,error_rate=0.5,teacher_entropy=0.2",3,0,200,0.0,0,10000,10.0,25.0,200,500,1,72,1.0,0.8332817656765676,0.5887131215201298,0.0,0.24239926040172577,0.011938154697418213,0,0,59,59,-1,weighted,,,0,0,0,0.0,0.16666666666666666,0,0.0,0.0,0.0,0.0,0,none,0,1,0,overconfident,0.95,0,mild_drift,0.9513701494770754,0.0013901760962700656,0.7613513577369359,0.849210027879292,1768042050.198102,0.16722838580608368,0.13829626142978668
304,19456,19455,sea_abrupt4,sea,ts_drift_adapt,3,"error_divergence_ph_meta@error.threshold=0.10,error.min_instances=5",error_divergence_ph_meta,"{""divergence"": {""alpha"": 0.1, ""delta"": 0.005, ""min_instances"": 30, ""threshold"": 0.05}, ""error_rate"": {""alpha"": 0.15, ""delta"": 0.005, ""min_instances"": 5, ""threshold"": 0.1}}","{""error_rate"": {""min_instances"": 5, ""threshold"": 0.1}}",0.1,0.005,0.15,5,0.05,0.005,0.1,30,,,,-1,two_stage,2,0.5,"__confirm_cooldown=200,divergence=0.3,error_rate=0.5,teacher_entropy=0.2",3,0,200,0.0,0,10000,10.0,25.0,200,500,1,8,1.0,0.8335217927631579,0.5894458754434054,0.0,0.26181384921073914,0.008966690860688686,0,0,59,59,-1,weighted,,,0,0,0,0.0,0.0029714638367295265,0,0.0,0.0,0.0,0.0,0,none,0,1,0,overconfident,0.95,0,mild_drift,0.9558350747385377,0.0013450880481350328,0.7806756788684679,0.852105013939646,1768042050.2097223,0.073967345058918,0.09658048301935196
305,19520,19519,sea_abrupt4,sea,ts_drift_adapt,3,"error_divergence_ph_meta@error.threshold=0.10,error.min_instances=5",error_divergence_ph_meta,"{""divergence"": {""alpha"": 0.1, ""delta"": 0.005, ""min_instances"": 30, ""threshold"": 0.05}, ""error_rate"": {""alpha"": 0.15, ""delta"": 0.005, ""min_instances"": 5, ""threshold"": 0.1}}","{""error_rate"": {""min_instances"": 5, ""threshold"": 0.1}}",0.1,0.005,0.15,5,0.05,0.005,0.1,30,,,,-1,two_stage,2,0.5,"__confirm_cooldown=200,divergence=0.3,error_rate=0.5,teacher_entropy=0.2",3,0,200,0.0,0,10000,10.0,25.0,200,500,0,0,1.0,0.8336065573770491,0.5893792970093482,0.0,0.2582246661186218,0.007925287820398808,0,0,59,59,-1,weighted,,,0,0,0,0.0,0.0010414030402898788,0,0.0,0.0,0.0,0.0,0,none,0,1,0,overconfident,0.95,0,mild_drift,0.9580675373692689,0.0013225440240675164,0.790337839434234,0.853552506969823,1768042050.2213166,0.02746790647506714,0.08061745762825012
306,19584,19583,sea_abrupt4,sea,ts_drift_adapt,3,"error_divergence_ph_meta@error.threshold=0.10,error.min_instances=5",error_divergence_ph_meta,"{""divergence"": {""alpha"": 0.1, ""delta"": 0.005, ""min_instances"": 30, ""threshold"": 0.05}, ""error_rate"": {""alpha"": 0.15, ""delta"": 0.005, ""min_instances"": 5, ""threshold"": 0.1}}","{""error_rate"": {""min_instances"": 5, ""threshold"": 0.1}}",0.1,0.005,0.15,5,0.05,0.005,0.1,30,,,,-1,two_stage,2,0.5,"__confirm_cooldown=200,divergence=0.3,error_rate=0.5,teacher_entropy=0.2",3,0,200,0.0,0,10000,10.0,25.0,200,500,0,0,1.0,0.8337928921568627,0.5899229692882243,0.0,0.27130720019340515,0.010394998826086521,0,0,59,59,-1,weighted,,,0,0,0,0.0,0.0024697110056877136,0,0.0,0.0,0.0,0.0,0,none,0,1,0,overconfident,0.95,0,mild_drift,0.9591837686846344,0.0013112720120337581,0.795168919717117,0.8542762534849115,1768042050.2329228,0.021112265065312386,0.09500706195831299
307,19648,19647,sea_abrupt4,sea,ts_drift_adapt,3,"error_divergence_ph_meta@error.threshold=0.10,error.min_instances=5",error_divergence_ph_meta,"{""divergence"": {""alpha"": 0.1, ""delta"": 0.005, ""min_instances"": 30, ""threshold"": 0.05}, ""error_rate"": {""alpha"": 0.15, ""delta"": 0.005, ""min_instances"": 5, ""threshold"": 0.1}}","{""error_rate"": {""min_instances"": 5, ""threshold"": 0.1}}",0.1,0.005,0.15,5,0.05,0.005,0.1,30,,,,-1,two_stage,2,0.5,"__confirm_cooldown=200,divergence=0.3,error_rate=0.5,teacher_entropy=0.2",3,0,200,0.0,0,10000,10.0,25.0,200,500,0,0,1.0,0.8336726384364821,0.5895974180793555,0.5,0.2486789971590042,0.026167787611484528,1,1,60,60,0,weighted,,,0,0,0,0.5,0.5,1,0.5,0.0,0.0,0.0,0,none,1,1,0,overconfident,0.95,0,severe_drift,0.9250918843423173,0.001655636006016879,0.6475844598585585,0.8321381267424558,1768042050.2449105,0.9943497180938721,0.19491979479789734
308,19712,19711,sea_abrupt4,sea,ts_drift_adapt,3,"error_divergence_ph_meta@error.threshold=0.10,error.min_instances=5",error_divergence_ph_meta,"{""divergence"": {""alpha"": 0.1, ""delta"": 0.005, ""min_instances"": 30, ""threshold"": 0.05}, ""error_rate"": {""alpha"": 0.15, ""delta"": 0.005, ""min_instances"": 5, ""threshold"": 0.1}}","{""error_rate"": {""min_instances"": 5, ""threshold"": 0.1}}",0.1,0.005,0.15,5,0.05,0.005,0.1,30,,,,-1,two_stage,2,0.5,"__confirm_cooldown=200,divergence=0.3,error_rate=0.5,teacher_entropy=0.2",3,0,200,0.0,0,10000,10.0,25.0,200,500,1,136,1.0,0.8337053571428571,0.5897509246739894,0.16666666666666666,0.2532121539115906,0.016639288514852524,0,0,60,60,-1,weighted,,,0,0,0,0.0,0.33333333333333337,0,0.0,0.0,0.0,0.0,0,none,0,1,0,overconfident,0.95,0,mild_drift,0.9426959421711586,0.0014778180030084395,0.7237922299292793,0.8435690633712278,1768042050.2566044,0.5086446404457092,0.13463033735752106
309,19776,19775,sea_abrupt4,sea,ts_drift_adapt,3,"error_divergence_ph_meta@error.threshold=0.10,error.min_instances=5",error_divergence_ph_meta,"{""divergence"": {""alpha"": 0.1, ""delta"": 0.005, ""min_instances"": 30, ""threshold"": 0.05}, ""error_rate"": {""alpha"": 0.15, ""delta"": 0.005, ""min_instances"": 5, ""threshold"": 0.1}}","{""error_rate"": {""min_instances"": 5, ""threshold"": 0.1}}",0.1,0.005,0.15,5,0.05,0.005,0.1,30,,,,-1,two_stage,2,0.5,"__confirm_cooldown=200,divergence=0.3,error_rate=0.5,teacher_entropy=0.2",3,0,200,0.0,0,10000,10.0,25.0,200,500,1,72,1.0,0.8338895631067961,0.5901440705278526,0.16666666666666666,0.21077802777290344,0.012710724025964737,0,0,60,60,-1,weighted,,,0,0,0,0.0,0.003928564488887787,0,0.0,0.0,0.0,0.0,0,none,0,1,0,overconfident,0.95,0,mild_drift,0.9514979710855793,0.0013889090015042197,0.7618961149646397,0.8492845316856139,1768042050.268332,0.15211084485054016,0.08993563055992126
310,19840,19839,sea_abrupt4,sea,ts_drift_adapt,3,"error_divergence_ph_meta@error.threshold=0.10,error.min_instances=5",error_divergence_ph_meta,"{""divergence"": {""alpha"": 0.1, ""delta"": 0.005, ""min_instances"": 30, ""threshold"": 0.05}, ""error_rate"": {""alpha"": 0.15, ""delta"": 0.005, ""min_instances"": 5, ""threshold"": 0.1}}","{""error_rate"": {""min_instances"": 5, ""threshold"": 0.1}}",0.1,0.005,0.15,5,0.05,0.005,0.1,30,,,,-1,two_stage,2,0.5,"__confirm_cooldown=200,divergence=0.3,error_rate=0.5,teacher_entropy=0.2",3,0,200,0.0,0,10000,10.0,25.0,200,500,1,8,1.0,0.8339213709677419,0.5903398490800694,0.16666666666666666,0.2890312075614929,0.014516409486532211,0,0,60,60,-1,weighted,,,0,0,0,0.0,0.0018056854605674744,0,0.0,0.0,0.0,0.0,0,none,0,1,0,overconfident,0.95,0,mild_drift,0.9558989855427896,0.00134445450075211,0.7809480574823199,0.852142265842807,1768042050.2795427,0.4849557876586914,0.1209031492471695
311,19904,19903,sea_abrupt4,sea,ts_drift_adapt,3,"error_divergence_ph_meta@error.threshold=0.10,error.min_instances=5",error_divergence_ph_meta,"{""divergence"": {""alpha"": 0.1, ""delta"": 0.005, ""min_instances"": 30, ""threshold"": 0.05}, ""error_rate"": {""alpha"": 0.15, ""delta"": 0.005, ""min_instances"": 5, ""threshold"": 0.1}}","{""error_rate"": {""min_instances"": 5, ""threshold"": 0.1}}",0.1,0.005,0.15,5,0.05,0.005,0.1,30,,,,-1,two_stage,2,0.5,"__confirm_cooldown=200,divergence=0.3,error_rate=0.5,teacher_entropy=0.2",3,0,200,0.0,0,10000,10.0,25.0,200,500,0,0,1.0,0.8341036977491961,0.590863185382985,0.16666666666666666,0.23597177863121033,0.009624022990465164,0,0,60,60,-1,weighted,,,0,0,0,0.0,0.004892386496067047,0,0.0,0.0,0.0,0.0,0,none,0,1,0,overconfident,0.95,0,mild_drift,0.9580994927713948,0.001322227250376055,0.79047402874116,0.8535711329214035,1768042050.2913969,0.4635176658630371,0.11239133775234222
312,19968,19967,sea_abrupt4,sea,ts_drift_adapt,3,"error_divergence_ph_meta@error.threshold=0.10,error.min_instances=5",error_divergence_ph_meta,"{""divergence"": {""alpha"": 0.1, ""delta"": 0.005, ""min_instances"": 30, ""threshold"": 0.05}, ""error_rate"": {""alpha"": 0.15, ""delta"": 0.005, ""min_instances"": 5, ""threshold"": 0.1}}","{""error_rate"": {""min_instances"": 5, ""threshold"": 0.1}}",0.1,0.005,0.15,5,0.05,0.005,0.1,30,,,,-1,two_stage,2,0.5,"__confirm_cooldown=200,divergence=0.3,error_rate=0.5,teacher_entropy=0.2",3,0,200,0.0,0,10000,10.0,25.0,200,500,0,0,1.0,0.8342848557692307,0.5914721157469556,0.3333333333333333,0.22808340191841125,0.00950357224792242,1,1,61,61,0,weighted,,,0,0,0,0.16666666666666669,0.16666666666666666,1,0.5,0.0,0.0,0.0,0,none,1,1,0,overconfident,0.95,0,severe_drift,0.9245497463856974,0.0016611136251880275,0.64523701437058,0.8317855664607018,1768042050.3031795,0.548075795173645,0.10894094407558441
313,20032,20031,sea_abrupt4,sea,ts_drift_adapt,3,"error_divergence_ph_meta@error.threshold=0.10,error.min_instances=5",error_divergence_ph_meta,"{""divergence"": {""alpha"": 0.1, ""delta"": 0.005, ""min_instances"": 30, ""threshold"": 0.05}, ""error_rate"": {""alpha"": 0.15, ""delta"": 0.005, ""min_instances"": 5, ""threshold"": 0.1}}","{""error_rate"": {""min_instances"": 5, ""threshold"": 0.1}}",0.1,0.005,0.15,5,0.05,0.005,0.1,30,,,,-1,two_stage,2,0.5,"__confirm_cooldown=200,divergence=0.3,error_rate=0.5,teacher_entropy=0.2",3,0,200,0.0,0,10000,10.0,25.0,200,500,1,136,1.0,0.8344149361022364,0.59191127472894,0.16666666666666666,0.21816788613796234,0.010754427872598171,0,0,61,61,-1,weighted,,,0,0,0,0.0,0.16666666666666666,0,0.0,0.0,0.0,0.0,0,none,0,1,0,overconfident,0.95,0,mild_drift,0.9424248731928486,0.0014805568125940138,0.72261850718529,0.8433927832303509,1768042050.3147907,0.2777725160121918,0.11148186028003693
314,20096,20095,sea_abrupt4,sea,ts_drift_adapt,3,"error_divergence_ph_meta@error.threshold=0.10,error.min_instances=5",error_divergence_ph_meta,"{""divergence"": {""alpha"": 0.1, ""delta"": 0.005, ""min_instances"": 30, ""threshold"": 0.05}, ""error_rate"": {""alpha"": 0.15, ""delta"": 0.005, ""min_instances"": 5, ""threshold"": 0.1}}","{""error_rate"": {""min_instances"": 5, ""threshold"": 0.1}}",0.1,0.005,0.15,5,0.05,0.005,0.1,30,,,,-1,two_stage,2,0.5,"__confirm_cooldown=200,divergence=0.3,error_rate=0.5,teacher_entropy=0.2",3,0,200,0.0,0,10000,10.0,25.0,200,500,1,72,1.0,0.8344446656050956,0.5920739752934423,0.16666666666666666,0.2947590947151184,0.02025718241930008,0,0,61,61,-1,weighted,,,0,0,0,0.0,0.009502754546701908,0,0.0,0.0,0.0,0.0,0,none,0,1,0,overconfident,0.95,0,mild_drift,0.9513624365964243,0.0013902784062970069,0.761309253592645,0.8491963916151755,1768042050.3266695,0.2682921588420868,0.1976202130317688
315,20160,20159,sea_abrupt4,sea,ts_drift_adapt,3,"error_divergence_ph_meta@error.threshold=0.10,error.min_instances=5",error_divergence_ph_meta,"{""divergence"": {""alpha"": 0.1, ""delta"": 0.005, ""min_instances"": 30, ""threshold"": 0.05}, ""error_rate"": {""alpha"": 0.15, ""delta"": 0.005, ""min_instances"": 5, ""threshold"": 0.1}}","{""error_rate"": {""min_instances"": 5, ""threshold"": 0.1}}",0.1,0.005,0.15,5,0.05,0.005,0.1,30,,,,-1,two_stage,2,0.5,"__confirm_cooldown=200,divergence=0.3,error_rate=0.5,teacher_entropy=0.2",3,0,200,0.0,0,10000,10.0,25.0,200,500,1,8,1.0,0.8347222222222223,0.5928205911555795,0.3333333333333333,0.20470985770225525,0.012320483103394508,0,0,61,61,-1,weighted,,,0,0,0,0.0,0.16666666666666666,0,0.0,0.0,0.0,0.0,0,none,0,1,0,overconfident,0.95,0,mild_drift,0.955831218298212,0.0013451392031485036,0.7806546267963226,0.8520981958075877,1768042050.338181,0.36042556166648865,0.126602903008461
316,20224,20223,sea_abrupt4,sea,ts_drift_adapt,3,"error_divergence_ph_meta@error.threshold=0.10,error.min_instances=5",error_divergence_ph_meta,"{""divergence"": {""alpha"": 0.1, ""delta"": 0.005, ""min_instances"": 30, ""threshold"": 0.05}, ""error_rate"": {""alpha"": 0.15, ""delta"": 0.005, ""min_instances"": 5, ""threshold"": 0.1}}","{""error_rate"": {""min_instances"": 5, ""threshold"": 0.1}}",0.1,0.005,0.15,5,0.05,0.005,0.1,30,,,,-1,two_stage,2,0.5,"__confirm_cooldown=200,divergence=0.3,error_rate=0.5,teacher_entropy=0.2",3,0,200,0.0,0,10000,10.0,25.0,200,500,0,0,1.0,0.8349485759493671,0.5933709765748326,0.3333333333333333,0.2408701479434967,0.01319900993257761,0,0,61,61,-1,weighted,,,0,0,0,0.0,0.0008785268291831017,0,0.0,0.0,0.0,0.0,0,none,0,1,0,overconfident,0.95,0,mild_drift,0.958065609149106,0.0013225696015742518,0.7903273133981613,0.8535490979037939,1768042050.3501277,0.4545121192932129,0.14930219948291779
317,20288,20287,sea_abrupt4,sea,ts_drift_adapt,3,"error_divergence_ph_meta@error.threshold=0.10,error.min_instances=5",error_divergence_ph_meta,"{""divergence"": {""alpha"": 0.1, ""delta"": 0.005, ""min_instances"": 30, ""threshold"": 0.05}, ""error_rate"": {""alpha"": 0.15, ""delta"": 0.005, ""min_instances"": 5, ""threshold"": 0.1}}","{""error_rate"": {""min_instances"": 5, ""threshold"": 0.1}}",0.1,0.005,0.15,5,0.05,0.005,0.1,30,,,,-1,two_stage,2,0.5,"__confirm_cooldown=200,divergence=0.3,error_rate=0.5,teacher_entropy=0.2",3,0,200,0.0,0,10000,10.0,25.0,200,500,0,0,1.0,0.8352720820189274,0.5939867604794986,0.0,0.20876501500606537,0.015954291447997093,1,1,62,62,0,weighted,,,0,0,0,0.3333333333333333,0.3333333333333333,1,0.5,0.0,0.0,0.0,0,none,1,1,0,overconfident,0.95,0,severe_drift,0.924532804574553,0.001661284800787126,0.6451636566990806,0.831774548951897,1768042050.3620145,0.09769958257675171,0.16972708702087402
318,20352,20351,sea_abrupt4,sea,ts_drift_adapt,3,"error_divergence_ph_meta@error.threshold=0.10,error.min_instances=5",error_divergence_ph_meta,"{""divergence"": {""alpha"": 0.1, ""delta"": 0.005, ""min_instances"": 30, ""threshold"": 0.05}, ""error_rate"": {""alpha"": 0.15, ""delta"": 0.005, ""min_instances"": 5, ""threshold"": 0.1}}","{""error_rate"": {""min_instances"": 5, ""threshold"": 0.1}}",0.1,0.005,0.15,5,0.05,0.005,0.1,30,,,,-1,two_stage,2,0.5,"__confirm_cooldown=200,divergence=0.3,error_rate=0.5,teacher_entropy=0.2",3,0,200,0.0,0,10000,10.0,25.0,200,500,1,136,1.0,0.8354952830188679,0.5943846258688837,0.0,0.23315617442131042,0.026532376185059547,0,0,62,62,-1,weighted,,,0,0,0,0.0,0.010578084737062454,0,0.0,0.0,0.0,0.0,0,none,0,1,0,overconfident,0.95,0,mild_drift,0.9424164022872765,0.001480642400393563,0.7225818283495403,0.8433872744759485,1768042050.3746102,0.17099107801914215,0.24950551986694336
319,20416,20415,sea_abrupt4,sea,ts_drift_adapt,3,"error_divergence_ph_meta@error.threshold=0.10,error.min_instances=5",error_divergence_ph_meta,"{""divergence"": {""alpha"": 0.1, ""delta"": 0.005, ""min_instances"": 30, ""threshold"": 0.05}, ""error_rate"": {""alpha"": 0.15, ""delta"": 0.005, ""min_instances"": 5, ""threshold"": 0.1}}","{""error_rate"": {""min_instances"": 5, ""threshold"": 0.1}}",0.1,0.005,0.15,5,0.05,0.005,0.1,30,,,,-1,two_stage,2,0.5,"__confirm_cooldown=200,divergence=0.3,error_rate=0.5,teacher_entropy=0.2",3,0,200,0.0,0,10000,10.0,25.0,200,500,1,72,1.0,0.8356681034482759,0.5950306691678836,0.0,0.30049237608909607,0.021861739456653595,0,0,62,62,-1,weighted,,,0,0,0,0.0,0.0046706367284059525,0,0.0,0.0,0.0,0.0,0,none,0,1,0,overconfident,0.95,0,mild_drift,0.9513582011436382,0.0013903212001967816,0.7612909141747701,0.8491936372379743,1768042050.3887455,0.15509271621704102,0.19955605268478394
320,20480,20479,sea_abrupt4,sea,ts_drift_adapt,3,"error_divergence_ph_meta@error.threshold=0.10,error.min_instances=5",error_divergence_ph_meta,"{""divergence"": {""alpha"": 0.1, ""delta"": 0.005, ""min_instances"": 30, ""threshold"": 0.05}, ""error_rate"": {""alpha"": 0.15, ""delta"": 0.005, ""min_instances"": 5, ""threshold"": 0.1}}","{""error_rate"": {""min_instances"": 5, ""threshold"": 0.1}}",0.1,0.005,0.15,5,0.05,0.005,0.1,30,,,,-1,two_stage,2,0.5,"__confirm_cooldown=200,divergence=0.3,error_rate=0.5,teacher_entropy=0.2",3,0,200,0.0,0,10000,10.0,25.0,200,500,1,8,1.0,0.835888671875,0.5956534493998769,0.0,0.28113099932670593,0.01273967046290636,0,0,62,62,-1,weighted,,,0,0,0,0.0,0.009122068993747234,0,0.0,0.0,0.0,0.0,0,none,0,1,0,overconfident,0.95,0,mild_drift,0.9558291005718191,0.0013451606000983909,0.7806454570873851,0.8520968186189871,1768042050.4031322,0.09957621246576309,0.15616299211978912
321,20544,20543,sea_abrupt4,sea,ts_drift_adapt,3,"error_divergence_ph_meta@error.threshold=0.10,error.min_instances=5",error_divergence_ph_meta,"{""divergence"": {""alpha"": 0.1, ""delta"": 0.005, ""min_instances"": 30, ""threshold"": 0.05}, ""error_rate"": {""alpha"": 0.15, ""delta"": 0.005, ""min_instances"": 5, ""threshold"": 0.1}}","{""error_rate"": {""min_instances"": 5, ""threshold"": 0.1}}",0.1,0.005,0.15,5,0.05,0.005,0.1,30,,,,-1,two_stage,2,0.5,"__confirm_cooldown=200,divergence=0.3,error_rate=0.5,teacher_entropy=0.2",3,0,200,0.0,0,10000,10.0,25.0,200,500,0,0,1.0,0.8361078660436138,0.5961164765557421,0.16666666666666666,0.2288551777601242,0.014882154762744904,0,0,62,62,-1,weighted,,,0,0,0,0.0,0.16666666666666666,0,0.0,0.0,0.0,0.0,0,none,0,1,0,overconfident,0.95,0,mild_drift,0.9580645502859095,0.0013225803000491954,0.7903227285436926,0.8535484093094936,1768042050.4162147,0.23290570080280304,0.14807148277759552
322,20608,20607,sea_abrupt4,sea,ts_drift_adapt,3,"error_divergence_ph_meta@error.threshold=0.10,error.min_instances=5",error_divergence_ph_meta,"{""divergence"": {""alpha"": 0.1, ""delta"": 0.005, ""min_instances"": 30, ""threshold"": 0.05}, ""error_rate"": {""alpha"": 0.15, ""delta"": 0.005, ""min_instances"": 5, ""threshold"": 0.1}}","{""error_rate"": {""min_instances"": 5, ""threshold"": 0.1}}",0.1,0.005,0.15,5,0.05,0.005,0.1,30,,,,-1,two_stage,2,0.5,"__confirm_cooldown=200,divergence=0.3,error_rate=0.5,teacher_entropy=0.2",3,0,200,0.0,0,10000,10.0,25.0,200,500,0,0,1.0,0.836131599378882,0.5963963870336522,0.0,0.2803383767604828,0.013532622717320919,1,1,63,63,0,weighted,,,0,0,0,0.0,0.16666666666666666,1,0.5,0.0,0.0,0.0,0,none,1,1,0,overconfident,0.95,0,stable,0.9740322751429548,0.0010612901500245977,0.8951613642718463,0.8992742046547468,1768042050.428025,0.07003047317266464,0.14151737093925476
323,20672,20671,sea_abrupt4,sea,ts_drift_adapt,3,"error_divergence_ph_meta@error.threshold=0.10,error.min_instances=5",error_divergence_ph_meta,"{""divergence"": {""alpha"": 0.1, ""delta"": 0.005, ""min_instances"": 30, ""threshold"": 0.05}, ""error_rate"": {""alpha"": 0.15, ""delta"": 0.005, ""min_instances"": 5, ""threshold"": 0.1}}","{""error_rate"": {""min_instances"": 5, ""threshold"": 0.1}}",0.1,0.005,0.15,5,0.05,0.005,0.1,30,,,,-1,two_stage,2,0.5,"__confirm_cooldown=200,divergence=0.3,error_rate=0.5,teacher_entropy=0.2",3,0,200,0.0,0,10000,10.0,25.0,200,500,1,136,1.0,0.8362519349845201,0.596615948507017,0.16666666666666666,0.23280511796474457,0.011720764450728893,0,0,63,63,-1,weighted,,,0,0,0,0.0,0.16666666666666666,0,0.0,0.0,0.0,0.0,0,none,0,1,0,overconfident,0.95,0,mild_drift,0.9671661375714773,0.001180645075012299,0.8475806821359232,0.8771371023273734,1768042050.4400206,0.4430222809314728,0.11114148050546646
324,20736,20735,sea_abrupt4,sea,ts_drift_adapt,3,"error_divergence_ph_meta@error.threshold=0.10,error.min_instances=5",error_divergence_ph_meta,"{""divergence"": {""alpha"": 0.1, ""delta"": 0.005, ""min_instances"": 30, ""threshold"": 0.05}, ""error_rate"": {""alpha"": 0.15, ""delta"": 0.005, ""min_instances"": 5, ""threshold"": 0.1}}","{""error_rate"": {""min_instances"": 5, ""threshold"": 0.1}}",0.1,0.005,0.15,5,0.05,0.005,0.1,30,,,,-1,two_stage,2,0.5,"__confirm_cooldown=200,divergence=0.3,error_rate=0.5,teacher_entropy=0.2",3,0,200,0.0,0,10000,10.0,25.0,200,500,1,72,1.0,0.8362750771604939,0.5967233173776458,0.3333333333333333,0.26226747035980225,0.00862606056034565,0,0,63,63,-1,weighted,,,0,0,0,0.0,0.16666666666666666,0,0.0,0.0,0.0,0.0,0,none,0,1,0,overconfident,0.95,0,mild_drift,0.9637330687857386,0.0012403225375061497,0.8237903410679617,0.8660685511636868,1768042050.4511268,0.8609473705291748,0.07888001948595047
325,20800,20799,sea_abrupt4,sea,ts_drift_adapt,3,"error_divergence_ph_meta@error.threshold=0.10,error.min_instances=5",error_divergence_ph_meta,"{""divergence"": {""alpha"": 0.1, ""delta"": 0.005, ""min_instances"": 30, ""threshold"": 0.05}, ""error_rate"": {""alpha"": 0.15, ""delta"": 0.005, ""min_instances"": 5, ""threshold"": 0.1}}","{""error_rate"": {""min_instances"": 5, ""threshold"": 0.1}}",0.1,0.005,0.15,5,0.05,0.005,0.1,30,,,,-1,two_stage,2,0.5,"__confirm_cooldown=200,divergence=0.3,error_rate=0.5,teacher_entropy=0.2",3,0,200,0.0,0,10000,10.0,25.0,200,500,1,8,1.0,0.8362019230769231,0.5966007205555802,0.16666666666666666,0.2742980718612671,0.01737782172858715,0,0,63,63,-1,weighted,,,0,0,0,0.0,0.16666666666666666,0,0.0,0.0,0.0,0.0,0,none,0,1,0,overconfident,0.95,0,mild_drift,0.9620165343928693,0.001270161268753075,0.8118951705339809,0.8605342755818434,1768042050.4646487,0.33508530259132385,0.14559434354305267
326,20864,20863,sea_abrupt4,sea,ts_drift_adapt,3,"error_divergence_ph_meta@error.threshold=0.10,error.min_instances=5",error_divergence_ph_meta,"{""divergence"": {""alpha"": 0.1, ""delta"": 0.005, ""min_instances"": 30, ""threshold"": 0.05}, ""error_rate"": {""alpha"": 0.15, ""delta"": 0.005, ""min_instances"": 5, ""threshold"": 0.1}}","{""error_rate"": {""min_instances"": 5, ""threshold"": 0.1}}",0.1,0.005,0.15,5,0.05,0.005,0.1,30,,,,-1,two_stage,2,0.5,"__confirm_cooldown=200,divergence=0.3,error_rate=0.5,teacher_entropy=0.2",3,0,200,0.0,0,10000,10.0,25.0,200,500,0,0,1.0,0.8362730061349694,0.5966523276142227,0.16666666666666666,0.3061750531196594,0.011908368207514286,0,0,63,63,-1,weighted,,,0,0,0,0.0,0.0054694535210728645,0,0.0,0.0,0.0,0.0,0,none,0,1,0,overconfident,0.95,0,mild_drift,0.9611582671964346,0.0012850806343765375,0.8059475852669904,0.8577671377909217,1768042050.477805,0.18501801788806915,0.10479147732257843
327,20928,20927,sea_abrupt4,sea,ts_drift_adapt,3,"error_divergence_ph_meta@error.threshold=0.10,error.min_instances=5",error_divergence_ph_meta,"{""divergence"": {""alpha"": 0.1, ""delta"": 0.005, ""min_instances"": 30, ""threshold"": 0.05}, ""error_rate"": {""alpha"": 0.15, ""delta"": 0.005, ""min_instances"": 5, ""threshold"": 0.1}}","{""error_rate"": {""min_instances"": 5, ""threshold"": 0.1}}",0.1,0.005,0.15,5,0.05,0.005,0.1,30,,,,-1,two_stage,2,0.5,"__confirm_cooldown=200,divergence=0.3,error_rate=0.5,teacher_entropy=0.2",3,0,200,0.0,0,10000,10.0,25.0,200,500,0,0,1.0,0.8364392201834863,0.5971557418400871,0.16666666666666666,0.2762380540370941,0.00831485167145729,1,1,64,64,0,weighted,,,0,0,0,0.16666666666666666,0.0035935165360569954,1,0.5,0.0,0.0,0.0,0,none,1,1,0,overconfident,0.95,0,severe_drift,0.9260791335982173,0.0016425403171882688,0.6529737926334952,0.8338835688954609,1768042050.48889,0.34258559346199036,0.10013355314731598
328,20992,20991,sea_abrupt4,sea,ts_drift_adapt,3,"error_divergence_ph_meta@error.threshold=0.10,error.min_instances=5",error_divergence_ph_meta,"{""divergence"": {""alpha"": 0.1, ""delta"": 0.005, ""min_instances"": 30, ""threshold"": 0.05}, ""error_rate"": {""alpha"": 0.15, ""delta"": 0.005, ""min_instances"": 5, ""threshold"": 0.1}}","{""error_rate"": {""min_instances"": 5, ""threshold"": 0.1}}",0.1,0.005,0.15,5,0.05,0.005,0.1,30,,,,-1,two_stage,2,0.5,"__confirm_cooldown=200,divergence=0.3,error_rate=0.5,teacher_entropy=0.2",3,0,200,0.0,0,10000,10.0,25.0,200,500,1,136,1.0,0.8365091463414634,0.5971713685947412,0.16666666666666666,0.2590413987636566,0.008833535015583038,0,0,64,64,-1,weighted,,,0,0,0,0.0,0.0005186833441257477,0,0.0,0.0,0.0,0.0,0,none,0,1,0,overconfident,0.95,0,mild_drift,0.9431895667991086,0.0014712701585941346,0.7264868963167477,0.8444417844477304,1768042050.5001633,0.200078085064888,0.1092701330780983
329,21056,21055,sea_abrupt4,sea,ts_drift_adapt,3,"error_divergence_ph_meta@error.threshold=0.10,error.min_instances=5",error_divergence_ph_meta,"{""divergence"": {""alpha"": 0.1, ""delta"": 0.005, ""min_instances"": 30, ""threshold"": 0.05}, ""error_rate"": {""alpha"": 0.15, ""delta"": 0.005, ""min_instances"": 5, ""threshold"": 0.1}}","{""error_rate"": {""min_instances"": 5, ""threshold"": 0.1}}",0.1,0.005,0.15,5,0.05,0.005,0.1,30,,,,-1,two_stage,2,0.5,"__confirm_cooldown=200,divergence=0.3,error_rate=0.5,teacher_entropy=0.2",3,0,200,0.0,0,10000,10.0,25.0,200,500,1,72,1.0,0.8366736322188449,0.5977604842455655,0.0,0.23905330896377563,0.014479981735348701,0,0,64,64,-1,weighted,,,0,0,0,0.0,0.16666666666666666,0,0.0,0.0,0.0,0.0,0,none,0,1,0,overconfident,0.95,0,mild_drift,0.9517447833995543,0.0013856350792970673,0.7632434481583739,0.8497208922238653,1768042050.5116544,0.08371860533952713,0.15970048308372498
330,21120,21119,sea_abrupt4,sea,ts_drift_adapt,3,"error_divergence_ph_meta@error.threshold=0.10,error.min_instances=5",error_divergence_ph_meta,"{""divergence"": {""alpha"": 0.1, ""delta"": 0.005, ""min_instances"": 30, ""threshold"": 0.05}, ""error_rate"": {""alpha"": 0.15, ""delta"": 0.005, ""min_instances"": 5, ""threshold"": 0.1}}","{""error_rate"": {""min_instances"": 5, ""threshold"": 0.1}}",0.1,0.005,0.15,5,0.05,0.005,0.1,30,,,,-1,two_stage,2,0.5,"__confirm_cooldown=200,divergence=0.3,error_rate=0.5,teacher_entropy=0.2",3,0,200,0.0,0,10000,10.0,25.0,200,500,1,8,1.0,0.8367897727272727,0.59817057946097,0.16666666666666666,0.2429373562335968,0.010005872696638107,0,0,64,64,-1,weighted,,,0,0,0,0.0,0.16666666666666666,0,0.0,0.0,0.0,0.0,0,none,0,1,0,overconfident,0.95,0,mild_drift,0.9560223916997771,0.0013428175396485338,0.781621724079187,0.8523604461119326,1768042050.5234082,0.21773017942905426,0.12653449177742004
331,21184,21183,sea_abrupt4,sea,ts_drift_adapt,3,"error_divergence_ph_meta@error.threshold=0.10,error.min_instances=5",error_divergence_ph_meta,"{""divergence"": {""alpha"": 0.1, ""delta"": 0.005, ""min_instances"": 30, ""threshold"": 0.05}, ""error_rate"": {""alpha"": 0.15, ""delta"": 0.005, ""min_instances"": 5, ""threshold"": 0.1}}","{""error_rate"": {""min_instances"": 5, ""threshold"": 0.1}}",0.1,0.005,0.15,5,0.05,0.005,0.1,30,,,,-1,two_stage,2,0.5,"__confirm_cooldown=200,divergence=0.3,error_rate=0.5,teacher_entropy=0.2",3,0,200,0.0,0,10000,10.0,25.0,200,500,0,0,1.0,0.837046827794562,0.5990179578808559,0.0,0.22271500527858734,0.01434580609202385,0,0,64,64,-1,weighted,,,0,0,0,0.0,0.16666666666666666,0,0.0,0.0,0.0,0.0,0,none,0,1,0,overconfident,0.95,0,mild_drift,0.9581611958498886,0.0013214087698242669,0.7908108620395935,0.8536802230559664,1768042050.5353415,0.03695164620876312,0.121360644698143
332,21248,21247,sea_abrupt4,sea,ts_drift_adapt,3,"error_divergence_ph_meta@error.threshold=0.10,error.min_instances=5",error_divergence_ph_meta,"{""divergence"": {""alpha"": 0.1, ""delta"": 0.005, ""min_instances"": 30, ""threshold"": 0.05}, ""error_rate"": {""alpha"": 0.15, ""delta"": 0.005, ""min_instances"": 5, ""threshold"": 0.1}}","{""error_rate"": {""min_instances"": 5, ""threshold"": 0.1}}",0.1,0.005,0.15,5,0.05,0.005,0.1,30,,,,-1,two_stage,2,0.5,"__confirm_cooldown=200,divergence=0.3,error_rate=0.5,teacher_entropy=0.2",3,0,200,0.0,0,10000,10.0,25.0,200,500,0,0,1.0,0.8373023343373494,0.5996962470607612,0.16666666666666666,0.2502826750278473,0.008119466714560986,1,1,65,65,0,weighted,,,0,0,0,0.0,0.16666666666666666,1,0.5,0.0,0.0,0.0,0,none,1,1,0,overconfident,0.95,0,stable,0.9740805979249443,0.0010607043849121334,0.8954054310197967,0.8993401115279832,1768042050.5471127,0.2425336092710495,0.0859377384185791
333,21312,21311,sea_abrupt4,sea,ts_drift_adapt,3,"error_divergence_ph_meta@error.threshold=0.10,error.min_instances=5",error_divergence_ph_meta,"{""divergence"": {""alpha"": 0.1, ""delta"": 0.005, ""min_instances"": 30, ""threshold"": 0.05}, ""error_rate"": {""alpha"": 0.15, ""delta"": 0.005, ""min_instances"": 5, ""threshold"": 0.1}}","{""error_rate"": {""min_instances"": 5, ""threshold"": 0.1}}",0.1,0.005,0.15,5,0.05,0.005,0.1,30,,,,-1,two_stage,2,0.5,"__confirm_cooldown=200,divergence=0.3,error_rate=0.5,teacher_entropy=0.2",3,0,200,0.0,0,10000,10.0,25.0,200,500,1,136,1.0,0.8376032282282282,0.6005095828416033,0.16666666666666666,0.25132352113723755,0.014265209436416626,0,0,65,65,-1,weighted,,,0,0,0,0.0,0.00614574272185564,0,0.0,0.0,0.0,0.0,0,none,0,1,0,overconfident,0.95,0,mild_drift,0.9671902989624721,0.0011803521924560667,0.8477027155098984,0.8771700557639917,1768042050.5586572,0.23156709969043732,0.11905862390995026
334,21376,21375,sea_abrupt4,sea,ts_drift_adapt,3,"error_divergence_ph_meta@error.threshold=0.10,error.min_instances=5",error_divergence_ph_meta,"{""divergence"": {""alpha"": 0.1, ""delta"": 0.005, ""min_instances"": 30, ""threshold"": 0.05}, ""error_rate"": {""alpha"": 0.15, ""delta"": 0.005, ""min_instances"": 5, ""threshold"": 0.1}}","{""error_rate"": {""min_instances"": 5, ""threshold"": 0.1}}",0.1,0.005,0.15,5,0.05,0.005,0.1,30,,,,-1,two_stage,2,0.5,"__confirm_cooldown=200,divergence=0.3,error_rate=0.5,teacher_entropy=0.2",3,0,200,0.0,0,10000,10.0,25.0,200,500,1,72,1.0,0.8378087574850299,0.6008858486206313,0.16666666666666666,0.2668268382549286,0.009777608327567577,0,0,65,65,-1,weighted,,,0,0,0,0.0,0.004487601108849049,0,0.0,0.0,0.0,0.0,0,none,0,1,0,overconfident,0.95,0,mild_drift,0.963745149481236,0.0012401760962280333,0.8238513577549492,0.8660850278819958,1768042050.570079,0.23607085645198822,0.09187472611665726
335,21440,21439,sea_abrupt4,sea,ts_drift_adapt,3,"error_divergence_ph_meta@error.threshold=0.10,error.min_instances=5",error_divergence_ph_meta,"{""divergence"": {""alpha"": 0.1, ""delta"": 0.005, ""min_instances"": 30, ""threshold"": 0.05}, ""error_rate"": {""alpha"": 0.15, ""delta"": 0.005, ""min_instances"": 5, ""threshold"": 0.1}}","{""error_rate"": {""min_instances"": 5, ""threshold"": 0.1}}",0.1,0.005,0.15,5,0.05,0.005,0.1,30,,,,-1,two_stage,2,0.5,"__confirm_cooldown=200,divergence=0.3,error_rate=0.5,teacher_entropy=0.2",3,0,200,0.0,0,10000,10.0,25.0,200,500,1,8,1.0,0.8380597014925373,0.6015925277875688,0.16666666666666666,0.2497062385082245,0.012274302542209625,0,0,65,65,-1,weighted,,,0,0,0,0.0,0.002496694214642048,0,0.0,0.0,0.0,0.0,0,none,0,1,0,overconfident,0.95,0,mild_drift,0.9620225747406179,0.0012700880481140166,0.8119256788774747,0.8605425139409979,1768042050.5818415,0.14487776160240173,0.10545159131288528
336,21504,21503,sea_abrupt4,sea,ts_drift_adapt,3,"error_divergence_ph_meta@error.threshold=0.10,error.min_instances=5",error_divergence_ph_meta,"{""divergence"": {""alpha"": 0.1, ""delta"": 0.005, ""min_instances"": 30, ""threshold"": 0.05}, ""error_rate"": {""alpha"": 0.15, ""delta"": 0.005, ""min_instances"": 5, ""threshold"": 0.1}}","{""error_rate"": {""min_instances"": 5, ""threshold"": 0.1}}",0.1,0.005,0.15,5,0.05,0.005,0.1,30,,,,-1,two_stage,2,0.5,"__confirm_cooldown=200,divergence=0.3,error_rate=0.5,teacher_entropy=0.2",3,0,200,0.0,0,10000,10.0,25.0,200,500,0,0,1.0,0.8384021577380952,0.6022505495785762,0.0,0.21400533616542816,0.008519601076841354,0,0,65,65,-1,weighted,,,0,0,0,0.0,0.16666666666666666,0,0.0,0.0,0.0,0.0,0,none,0,1,0,overconfident,0.95,0,mild_drift,0.9611612873703089,0.0012850440240570085,0.8059628394387374,0.8577712569704989,1768042050.5933921,0.04193280264735222,0.0849049836397171
337,21568,21567,sea_abrupt4,sea,ts_drift_adapt,3,"error_divergence_ph_meta@error.threshold=0.10,error.min_instances=5",error_divergence_ph_meta,"{""divergence"": {""alpha"": 0.1, ""delta"": 0.005, ""min_instances"": 30, ""threshold"": 0.05}, ""error_rate"": {""alpha"": 0.15, ""delta"": 0.005, ""min_instances"": 5, ""threshold"": 0.1}}","{""error_rate"": {""min_instances"": 5, ""threshold"": 0.1}}",0.1,0.005,0.15,5,0.05,0.005,0.1,30,,,,-1,two_stage,2,0.5,"__confirm_cooldown=200,divergence=0.3,error_rate=0.5,teacher_entropy=0.2",3,0,200,0.0,0,10000,10.0,25.0,200,500,0,0,1.0,0.8385107566765578,0.6026042204157941,0.3333333333333333,0.27670010924339294,0.011285286396741867,1,1,66,66,0,weighted,,,0,0,0,0.16666666666666666,0.3333333333333333,1,0.5,0.0,0.0,0.0,0,none,1,1,0,overconfident,0.95,0,severe_drift,0.9260806436851545,0.0016425220120285043,0.6529814197193686,0.8338856284852495,1768042050.6052277,0.6850399374961853,0.09423476457595825
338,21632,21631,sea_abrupt4,sea,ts_drift_adapt,3,"error_divergence_ph_meta@error.threshold=0.10,error.min_instances=5",error_divergence_ph_meta,"{""divergence"": {""alpha"": 0.1, ""delta"": 0.005, ""min_instances"": 30, ""threshold"": 0.05}, ""error_rate"": {""alpha"": 0.15, ""delta"": 0.005, ""min_instances"": 5, ""threshold"": 0.1}}","{""error_rate"": {""min_instances"": 5, ""threshold"": 0.1}}",0.1,0.005,0.15,5,0.05,0.005,0.1,30,,,,-1,two_stage,2,0.5,"__confirm_cooldown=200,divergence=0.3,error_rate=0.5,teacher_entropy=0.2",3,0,200,0.0,0,10000,10.0,25.0,200,500,1,136,1.0,0.838803624260355,0.6032845822854644,0.0,0.25555774569511414,0.015005959197878838,0,0,66,66,-1,weighted,,,0,0,0,0.0,0.3333333333333333,0,0.0,0.0,0.0,0.0,0,none,0,1,0,overconfident,0.95,0,mild_drift,0.9431903218425772,0.0014712610060142522,0.7264907098596843,0.8444428142426248,1768042050.619373,0.1390978842973709,0.11409187316894531
339,21696,21695,sea_abrupt4,sea,ts_drift_adapt,3,"error_divergence_ph_meta@error.threshold=0.10,error.min_instances=5",error_divergence_ph_meta,"{""divergence"": {""alpha"": 0.1, ""delta"": 0.005, ""min_instances"": 30, ""threshold"": 0.05}, ""error_rate"": {""alpha"": 0.15, ""delta"": 0.005, ""min_instances"": 5, ""threshold"": 0.1}}","{""error_rate"": {""min_instances"": 5, ""threshold"": 0.1}}",0.1,0.005,0.15,5,0.05,0.005,0.1,30,,,,-1,two_stage,2,0.5,"__confirm_cooldown=200,divergence=0.3,error_rate=0.5,teacher_entropy=0.2",3,0,200,0.0,0,10000,10.0,25.0,200,500,1,72,1.0,0.8391408554572272,0.6040512864877746,0.16666666666666666,0.20169955492019653,0.007604870479553938,0,0,66,66,-1,weighted,,,0,0,0,0.0,0.16666666666666666,0,0.0,0.0,0.0,0.0,0,none,0,1,0,overconfident,0.95,0,mild_drift,0.9517451609212886,0.001385630503007126,0.7632453549298421,0.8497214071213124,1768042050.6338127,0.21834354102611542,0.061113569885492325
340,21760,21759,sea_abrupt4,sea,ts_drift_adapt,3,"error_divergence_ph_meta@error.threshold=0.10,error.min_instances=5",error_divergence_ph_meta,"{""divergence"": {""alpha"": 0.1, ""delta"": 0.005, ""min_instances"": 30, ""threshold"": 0.05}, ""error_rate"": {""alpha"": 0.15, ""delta"": 0.005, ""min_instances"": 5, ""threshold"": 0.1}}","{""error_rate"": {""min_instances"": 5, ""threshold"": 0.1}}",0.1,0.005,0.15,5,0.05,0.005,0.1,30,,,,-1,two_stage,2,0.5,"__confirm_cooldown=200,divergence=0.3,error_rate=0.5,teacher_entropy=0.2",3,0,200,0.0,0,10000,10.0,25.0,200,500,1,8,1.0,0.8393382352941177,0.6044974383276305,0.3333333333333333,0.23717589676380157,0.01431856770068407,0,0,66,66,-1,weighted,,,0,0,0,0.0,0.16666666666666666,0,0.0,0.0,0.0,0.0,0,none,0,1,0,overconfident,0.95,0,mild_drift,0.9560225804606443,0.001342815251503563,0.7816226774649211,0.8523607035606562,1768042050.6479943,0.5132234692573547,0.10929004848003387
341,21824,21823,sea_abrupt4,sea,ts_drift_adapt,3,"error_divergence_ph_meta@error.threshold=0.10,error.min_instances=5",error_divergence_ph_meta,"{""divergence"": {""alpha"": 0.1, ""delta"": 0.005, ""min_instances"": 30, ""threshold"": 0.05}, ""error_rate"": {""alpha"": 0.15, ""delta"": 0.005, ""min_instances"": 5, ""threshold"": 0.1}}","{""error_rate"": {""min_instances"": 5, ""threshold"": 0.1}}",0.1,0.005,0.15,5,0.05,0.005,0.1,30,,,,-1,two_stage,2,0.5,"__confirm_cooldown=200,divergence=0.3,error_rate=0.5,teacher_entropy=0.2",3,0,200,0.0,0,10000,10.0,25.0,200,500,0,0,1.0,0.8396260997067448,0.6054406421284122,0.16666666666666666,0.26221469044685364,0.015239434316754341,0,0,66,66,-1,weighted,,,0,0,0,0.0,0.16666666666666666,0,0.0,0.0,0.0,0.0,0,none,0,1,0,overconfident,0.95,0,mild_drift,0.958161290230322,0.0013214076257517817,0.7908113387324606,0.8536803517803281,1768042050.659982,0.26174578070640564,0.14882946014404297
342,21888,21887,sea_abrupt4,sea,ts_drift_adapt,3,"error_divergence_ph_meta@error.threshold=0.10,error.min_instances=5",error_divergence_ph_meta,"{""divergence"": {""alpha"": 0.1, ""delta"": 0.005, ""min_instances"": 30, ""threshold"": 0.05}, ""error_rate"": {""alpha"": 0.15, ""delta"": 0.005, ""min_instances"": 5, ""threshold"": 0.1}}","{""error_rate"": {""min_instances"": 5, ""threshold"": 0.1}}",0.1,0.005,0.15,5,0.05,0.005,0.1,30,,,,-1,two_stage,2,0.5,"__confirm_cooldown=200,divergence=0.3,error_rate=0.5,teacher_entropy=0.2",3,0,200,0.0,0,10000,10.0,25.0,200,500,0,0,1.0,0.8398209064327485,0.6059900065785973,0.3333333333333333,0.2491682916879654,0.020120641216635704,1,1,67,67,0,weighted,,,0,0,0,0.0,0.16666666666666666,1,0.5,0.0,0.0,0.0,0,none,1,1,0,overconfident,0.95,0,stable,0.974080645115161,0.0010607038128758908,0.8954056693662302,0.899340175890164,1768042050.6718755,0.41125988960266113,0.22489991784095764
343,21952,21951,sea_abrupt4,sea,ts_drift_adapt,3,"error_divergence_ph_meta@error.threshold=0.10,error.min_instances=5",error_divergence_ph_meta,"{""divergence"": {""alpha"": 0.1, ""delta"": 0.005, ""min_instances"": 30, ""threshold"": 0.05}, ""error_rate"": {""alpha"": 0.15, ""delta"": 0.005, ""min_instances"": 5, ""threshold"": 0.1}}","{""error_rate"": {""min_instances"": 5, ""threshold"": 0.1}}",0.1,0.005,0.15,5,0.05,0.005,0.1,30,,,,-1,two_stage,2,0.5,"__confirm_cooldown=200,divergence=0.3,error_rate=0.5,teacher_entropy=0.2",3,0,200,0.0,0,10000,10.0,25.0,200,500,1,136,1.0,0.8401056851311953,0.6067145753215237,0.16666666666666666,0.21708311140537262,0.012648248113691807,0,0,67,67,-1,weighted,,,0,0,0,0.0,0.16666666666666666,0,0.0,0.0,0.0,0.0,0,none,0,1,0,overconfident,0.95,0,mild_drift,0.9671903225575804,0.0011803519064379456,0.8477028346831151,0.877170087945082,1768042050.6834412,0.18266506493091583,0.11953627318143845
344,22016,22015,sea_abrupt4,sea,ts_drift_adapt,3,"error_divergence_ph_meta@error.threshold=0.10,error.min_instances=5",error_divergence_ph_meta,"{""divergence"": {""alpha"": 0.1, ""delta"": 0.005, ""min_instances"": 30, ""threshold"": 0.05}, ""error_rate"": {""alpha"": 0.15, ""delta"": 0.005, ""min_instances"": 5, ""threshold"": 0.1}}","{""error_rate"": {""min_instances"": 5, ""threshold"": 0.1}}",0.1,0.005,0.15,5,0.05,0.005,0.1,30,,,,-1,two_stage,2,0.5,"__confirm_cooldown=200,divergence=0.3,error_rate=0.5,teacher_entropy=0.2",3,0,200,0.0,0,10000,10.0,25.0,200,500,1,72,1.0,0.8403888081395349,0.6075887621667725,0.0,0.23685716092586517,0.01890733279287815,0,0,67,67,-1,weighted,,,0,0,0,0.0,0.16666666666666666,0,0.0,0.0,0.0,0.0,0,none,0,1,0,overconfident,0.95,0,mild_drift,0.9637451612787902,0.001240175953218973,0.8238514173415576,0.8660850439725409,1768042050.6951053,0.1201930120587349,0.15197740495204926
345,22080,22079,sea_abrupt4,sea,ts_drift_adapt,3,"error_divergence_ph_meta@error.threshold=0.10,error.min_instances=5",error_divergence_ph_meta,"{""divergence"": {""alpha"": 0.1, ""delta"": 0.005, ""min_instances"": 30, ""threshold"": 0.05}, ""error_rate"": {""alpha"": 0.15, ""delta"": 0.005, ""min_instances"": 5, ""threshold"": 0.1}}","{""error_rate"": {""min_instances"": 5, ""threshold"": 0.1}}",0.1,0.005,0.15,5,0.05,0.005,0.1,30,,,,-1,two_stage,2,0.5,"__confirm_cooldown=200,divergence=0.3,error_rate=0.5,teacher_entropy=0.2",3,0,200,0.0,0,10000,10.0,25.0,200,500,1,8,1.0,0.840534420289855,0.6078776406960122,0.16666666666666666,0.25930002331733704,0.01870671845972538,0,0,67,67,-1,weighted,,,0,0,0,0.0,0.16666666666666666,0,0.0,0.0,0.0,0.0,0,none,0,1,0,overconfident,0.95,0,mild_drift,0.962022580639395,0.0012700879766094865,0.8119257086707788,0.8605425219862705,1768042050.7061977,0.1613723188638687,0.17035791277885437
346,22144,22143,sea_abrupt4,sea,ts_drift_adapt,3,"error_divergence_ph_meta@error.threshold=0.10,error.min_instances=5",error_divergence_ph_meta,"{""divergence"": {""alpha"": 0.1, ""delta"": 0.005, ""min_instances"": 30, ""threshold"": 0.05}, ""error_rate"": {""alpha"": 0.15, ""delta"": 0.005, ""min_instances"": 5, ""threshold"": 0.1}}","{""error_rate"": {""min_instances"": 5, ""threshold"": 0.1}}",0.1,0.005,0.15,5,0.05,0.005,0.1,30,,,,-1,two_stage,2,0.5,"__confirm_cooldown=200,divergence=0.3,error_rate=0.5,teacher_entropy=0.2",3,0,200,0.0,0,10000,10.0,25.0,200,500,0,0,1.0,0.840679190751445,0.6082280932777415,0.16666666666666666,0.24739359319210052,0.01521859597414732,0,0,67,67,-1,weighted,,,0,0,0,0.0,0.00348812248557806,0,0.0,0.0,0.0,0.0,0,none,0,1,0,overconfident,0.95,0,mild_drift,0.9611612903196975,0.0012850439883047432,0.8059628543353894,0.8577712609931352,1768042050.718015,0.2650724947452545,0.17569053173065186
347,22208,22207,sea_abrupt4,sea,ts_drift_adapt,3,"error_divergence_ph_meta@error.threshold=0.10,error.min_instances=5",error_divergence_ph_meta,"{""divergence"": {""alpha"": 0.1, ""delta"": 0.005, ""min_instances"": 30, ""threshold"": 0.05}, ""error_rate"": {""alpha"": 0.15, ""delta"": 0.005, ""min_instances"": 5, ""threshold"": 0.1}}","{""error_rate"": {""min_instances"": 5, ""threshold"": 0.1}}",0.1,0.005,0.15,5,0.05,0.005,0.1,30,,,,-1,two_stage,2,0.5,"__confirm_cooldown=200,divergence=0.3,error_rate=0.5,teacher_entropy=0.2",3,0,200,0.0,0,10000,10.0,25.0,200,500,0,0,1.0,0.8409131844380403,0.6087732202703381,0.0,0.27865391969680786,0.012993470765650272,1,1,68,68,0,weighted,,,0,0,0,0.3333333333333333,0.16666666666666666,1,0.5,0.0,0.0,0.0,0,none,1,1,0,overconfident,0.95,0,severe_drift,0.9260806451598488,0.0016425219941523716,0.6529814271676947,0.8338856304965676,1768042050.7296095,0.11632838100194931,0.11111368238925934
348,22272,22271,sea_abrupt4,sea,ts_drift_adapt,3,"error_divergence_ph_meta@error.threshold=0.10,error.min_instances=5",error_divergence_ph_meta,"{""divergence"": {""alpha"": 0.1, ""delta"": 0.005, ""min_instances"": 30, ""threshold"": 0.05}, ""error_rate"": {""alpha"": 0.15, ""delta"": 0.005, ""min_instances"": 5, ""threshold"": 0.1}}","{""error_rate"": {""min_instances"": 5, ""threshold"": 0.1}}",0.1,0.005,0.15,5,0.05,0.005,0.1,30,,,,-1,two_stage,2,0.5,"__confirm_cooldown=200,divergence=0.3,error_rate=0.5,teacher_entropy=0.2",3,0,200,0.0,0,10000,10.0,25.0,200,500,1,136,1.0,0.841100933908046,0.6094982684983583,0.16666666666666666,0.2630956470966339,0.006866898387670517,0,0,68,68,-1,weighted,,,0,0,0,0.0,0.16666666666666666,0,0.0,0.0,0.0,0.0,0,none,0,1,0,overconfident,0.95,0,mild_drift,0.9431903225799243,0.0014712609970761858,0.7264907135838474,0.8444428152482838,1768042050.7414818,0.27837055921554565,0.09253139793872833
349,22336,22335,sea_abrupt4,sea,ts_drift_adapt,3,"error_divergence_ph_meta@error.threshold=0.10,error.min_instances=5",error_divergence_ph_meta,"{""divergence"": {""alpha"": 0.1, ""delta"": 0.005, ""min_instances"": 30, ""threshold"": 0.05}, ""error_rate"": {""alpha"": 0.15, ""delta"": 0.005, ""min_instances"": 5, ""threshold"": 0.1}}","{""error_rate"": {""min_instances"": 5, ""threshold"": 0.1}}",0.1,0.005,0.15,5,0.05,0.005,0.1,30,,,,-1,two_stage,2,0.5,"__confirm_cooldown=200,divergence=0.3,error_rate=0.5,teacher_entropy=0.2",3,0,200,0.0,0,10000,10.0,25.0,200,500,1,72,1.0,0.8410189828080229,0.6092948138892842,0.16666666666666666,0.24864932894706726,0.021304063498973846,0,0,68,68,-1,weighted,,,0,0,0,0.0,0.01443716511130333,0,0.0,0.0,0.0,0.0,0,none,0,1,0,overconfident,0.95,0,mild_drift,0.9517451612899621,0.0013856304985380929,0.7632453567919237,0.8497214076241419,1768042050.7528567,0.20577621459960938,0.198024719953537
350,22400,22399,sea_abrupt4,sea,ts_drift_adapt,3,"error_divergence_ph_meta@error.threshold=0.10,error.min_instances=5",error_divergence_ph_meta,"{""divergence"": {""alpha"": 0.1, ""delta"": 0.005, ""min_instances"": 30, ""threshold"": 0.05}, ""error_rate"": {""alpha"": 0.15, ""delta"": 0.005, ""min_instances"": 5, ""threshold"": 0.1}}","{""error_rate"": {""min_instances"": 5, ""threshold"": 0.1}}",0.1,0.005,0.15,5,0.05,0.005,0.1,30,,,,-1,two_stage,2,0.5,"__confirm_cooldown=200,divergence=0.3,error_rate=0.5,teacher_entropy=0.2",3,0,200,0.0,0,10000,10.0,25.0,200,500,1,8,1.0,0.84125,0.609981978686323,0.3333333333333333,0.22761911153793335,0.011641735211014748,0,0,68,68,-1,weighted,,,0,0,0,0.0,0.16666666666666666,0,0.0,0.0,0.0,0.0,0,none,0,1,0,overconfident,0.95,0,mild_drift,0.956022580644981,0.0013428152492690466,0.7816226783959619,0.852360703812071,1768042050.7645273,0.7197341322898865,0.1082935631275177
351,22464,22463,sea_abrupt4,sea,ts_drift_adapt,3,"error_divergence_ph_meta@error.threshold=0.10,error.min_instances=5",error_divergence_ph_meta,"{""divergence"": {""alpha"": 0.1, ""delta"": 0.005, ""min_instances"": 30, ""threshold"": 0.05}, ""error_rate"": {""alpha"": 0.15, ""delta"": 0.005, ""min_instances"": 5, ""threshold"": 0.1}}","{""error_rate"": {""min_instances"": 5, ""threshold"": 0.1}}",0.1,0.005,0.15,5,0.05,0.005,0.1,30,,,,-1,two_stage,2,0.5,"__confirm_cooldown=200,divergence=0.3,error_rate=0.5,teacher_entropy=0.2",3,0,200,0.0,0,10000,10.0,25.0,200,500,0,0,1.0,0.8414351851851852,0.6103844139056761,0.3333333333333333,0.2204001396894455,0.012472091242671013,0,0,68,68,-1,weighted,,,0,0,0,0.0,0.0008303560316562653,0,0.0,0.0,0.0,0.0,0,none,0,1,0,overconfident,0.95,0,mild_drift,0.9581612903224905,0.0013214076246345235,0.790811339197981,0.8536803519060354,1768042050.776661,0.5238252282142639,0.0999150350689888
352,22528,22527,sea_abrupt4,sea,ts_drift_adapt,3,"error_divergence_ph_meta@error.threshold=0.10,error.min_instances=5",error_divergence_ph_meta,"{""divergence"": {""alpha"": 0.1, ""delta"": 0.005, ""min_instances"": 30, ""threshold"": 0.05}, ""error_rate"": {""alpha"": 0.15, ""delta"": 0.005, ""min_instances"": 5, ""threshold"": 0.1}}","{""error_rate"": {""min_instances"": 5, ""threshold"": 0.1}}",0.1,0.005,0.15,5,0.05,0.005,0.1,30,,,,-1,two_stage,2,0.5,"__confirm_cooldown=200,divergence=0.3,error_rate=0.5,teacher_entropy=0.2",3,0,200,0.0,0,10000,10.0,25.0,200,500,0,0,1.0,0.8415305397727273,0.6105485009070969,0.0,0.23894214630126953,0.013199464417994022,1,1,69,69,0,weighted,,,0,0,0,0.0,0.3333333333333333,1,0.5,0.0,0.0,0.0,0,none,1,1,0,overconfident,0.95,0,stable,0.9740806451612453,0.0010607038123172617,0.8954056695989905,0.8993401759530177,1768042050.7888386,0.06586074829101562,0.11041488498449326
353,22592,22591,sea_abrupt4,sea,ts_drift_adapt,3,"error_divergence_ph_meta@error.threshold=0.10,error.min_instances=5",error_divergence_ph_meta,"{""divergence"": {""alpha"": 0.1, ""delta"": 0.005, ""min_instances"": 30, ""threshold"": 0.05}, ""error_rate"": {""alpha"": 0.15, ""delta"": 0.005, ""min_instances"": 5, ""threshold"": 0.1}}","{""error_rate"": {""min_instances"": 5, ""threshold"": 0.1}}",0.1,0.005,0.15,5,0.05,0.005,0.1,30,,,,-1,two_stage,2,0.5,"__confirm_cooldown=200,divergence=0.3,error_rate=0.5,teacher_entropy=0.2",3,0,200,0.0,0,10000,10.0,25.0,200,500,1,136,1.0,0.84171388101983,0.6111082314651072,0.0,0.2520762085914612,0.012110617943108082,0,0,69,69,-1,weighted,,,0,0,0,0.0,0.0010888464748859406,0,0.0,0.0,0.0,0.0,0,none,0,1,0,overconfident,0.95,0,mild_drift,0.9671903225806227,0.0011803519061586308,0.8477028347994953,0.8771700879765089,1768042050.801748,0.07089253515005112,0.09457752108573914
354,22656,22655,sea_abrupt4,sea,ts_drift_adapt,3,"error_divergence_ph_meta@error.threshold=0.10,error.min_instances=5",error_divergence_ph_meta,"{""divergence"": {""alpha"": 0.1, ""delta"": 0.005, ""min_instances"": 30, ""threshold"": 0.05}, ""error_rate"": {""alpha"": 0.15, ""delta"": 0.005, ""min_instances"": 5, ""threshold"": 0.1}}","{""error_rate"": {""min_instances"": 5, ""threshold"": 0.1}}",0.1,0.005,0.15,5,0.05,0.005,0.1,30,,,,-1,two_stage,2,0.5,"__confirm_cooldown=200,divergence=0.3,error_rate=0.5,teacher_entropy=0.2",3,0,200,0.0,0,10000,10.0,25.0,200,500,1,72,1.0,0.8417637711864406,0.6113671413435212,0.16666666666666666,0.24702993035316467,0.010971127077937126,0,0,69,69,-1,weighted,,,0,0,0,0.0,0.16666666666666666,0,0.0,0.0,0.0,0.0,0,none,0,1,0,overconfident,0.95,0,mild_drift,0.9637451612903113,0.0012401759530793156,0.8238514173997477,0.8660850439882544,1768042050.8163114,0.24247373640537262,0.09083139896392822
355,22720,22719,sea_abrupt4,sea,ts_drift_adapt,3,"error_divergence_ph_meta@error.threshold=0.10,error.min_instances=5",error_divergence_ph_meta,"{""divergence"": {""alpha"": 0.1, ""delta"": 0.005, ""min_instances"": 30, ""threshold"": 0.05}, ""error_rate"": {""alpha"": 0.15, ""delta"": 0.005, ""min_instances"": 5, ""threshold"": 0.1}}","{""error_rate"": {""min_instances"": 5, ""threshold"": 0.1}}",0.1,0.005,0.15,5,0.05,0.005,0.1,30,,,,-1,two_stage,2,0.5,"__confirm_cooldown=200,divergence=0.3,error_rate=0.5,teacher_entropy=0.2",3,0,200,0.0,0,10000,10.0,25.0,200,500,1,8,1.0,0.8419454225352113,0.6116636389884234,0.16666666666666666,0.24351169168949127,0.011027627624571323,0,0,69,69,-1,weighted,,,0,0,0,0.0,5.6500546634197235e-05,0,0.0,0.0,0.0,0.0,0,none,0,1,0,overconfident,0.95,0,mild_drift,0.9620225806451557,0.0012700879765396578,0.8119257086998739,0.8605425219941272,1768042050.8311417,0.1995484083890915,0.0848231241106987
356,22784,22783,sea_abrupt4,sea,ts_drift_adapt,3,"error_divergence_ph_meta@error.threshold=0.10,error.min_instances=5",error_divergence_ph_meta,"{""divergence"": {""alpha"": 0.1, ""delta"": 0.005, ""min_instances"": 30, ""threshold"": 0.05}, ""error_rate"": {""alpha"": 0.15, ""delta"": 0.005, ""min_instances"": 5, ""threshold"": 0.1}}","{""error_rate"": {""min_instances"": 5, ""threshold"": 0.1}}",0.1,0.005,0.15,5,0.05,0.005,0.1,30,,,,-1,two_stage,2,0.5,"__confirm_cooldown=200,divergence=0.3,error_rate=0.5,teacher_entropy=0.2",3,0,200,0.0,0,10000,10.0,25.0,200,500,0,0,1.0,0.8421699438202247,0.6123745250431101,0.16666666666666666,0.2787996232509613,0.011886893771588802,0,0,69,69,-1,weighted,,,0,0,0,0.0,0.0008592661470174789,0,0.0,0.0,0.0,0.0,0,none,0,1,0,overconfident,0.95,0,mild_drift,0.9611612903225778,0.0012850439882698289,0.805962854349937,0.8577712609970636,1768042050.8440545,0.6821281313896179,0.11403390765190125
357,22848,22847,sea_abrupt4,sea,ts_drift_adapt,3,"error_divergence_ph_meta@error.threshold=0.10,error.min_instances=5",error_divergence_ph_meta,"{""divergence"": {""alpha"": 0.1, ""delta"": 0.005, ""min_instances"": 30, ""threshold"": 0.05}, ""error_rate"": {""alpha"": 0.15, ""delta"": 0.005, ""min_instances"": 5, ""threshold"": 0.1}}","{""error_rate"": {""min_instances"": 5, ""threshold"": 0.1}}",0.1,0.005,0.15,5,0.05,0.005,0.1,30,,,,-1,two_stage,2,0.5,"__confirm_cooldown=200,divergence=0.3,error_rate=0.5,teacher_entropy=0.2",3,0,200,0.0,0,10000,10.0,25.0,200,500,0,0,1.0,0.8424807422969187,0.6132530301358229,0.16666666666666666,0.22936397790908813,0.011335430666804314,0,0,69,69,-1,weighted,,,0,0,0,0.0,0.0005514631047844887,0,0.0,0.0,0.0,0.0,0,none,0,1,0,overconfident,0.95,0,mild_drift,0.9607306451612889,0.0012925219941349146,0.8029814271749685,0.8563856304985318,1768042050.8556893,0.26260656118392944,0.11187589913606644
358,22912,22911,sea_abrupt4,sea,ts_drift_adapt,3,"error_divergence_ph_meta@error.threshold=0.10,error.min_instances=5",error_divergence_ph_meta,"{""divergence"": {""alpha"": 0.1, ""delta"": 0.005, ""min_instances"": 30, ""threshold"": 0.05}, ""error_rate"": {""alpha"": 0.15, ""delta"": 0.005, ""min_instances"": 5, ""threshold"": 0.1}}","{""error_rate"": {""min_instances"": 5, ""threshold"": 0.1}}",0.1,0.005,0.15,5,0.05,0.005,0.1,30,,,,-1,two_stage,2,0.5,"__confirm_cooldown=200,divergence=0.3,error_rate=0.5,teacher_entropy=0.2",3,0,200,0.0,0,10000,10.0,25.0,200,500,0,0,1.0,0.8426588687150838,0.6137173674220071,0.3333333333333333,0.22658462822437286,0.016316618770360947,1,1,70,70,0,weighted,,,0,0,0,0.3333333333333333,0.16666666666666666,1,0.5,0.0,0.0,0.0,0,none,1,1,0,overconfident,0.95,0,severe_drift,0.9258653225806445,0.0016462609970674573,0.6514907135874842,0.8331928152492659,1768042050.8675907,0.4314541518688202,0.1643172651529312
359,22976,22975,sea_abrupt4,sea,ts_drift_adapt,3,"error_divergence_ph_meta@error.threshold=0.10,error.min_instances=5",error_divergence_ph_meta,"{""divergence"": {""alpha"": 0.1, ""delta"": 0.005, ""min_instances"": 30, ""threshold"": 0.05}, ""error_rate"": {""alpha"": 0.15, ""delta"": 0.005, ""min_instances"": 5, ""threshold"": 0.1}}","{""error_rate"": {""min_instances"": 5, ""threshold"": 0.1}}",0.1,0.005,0.15,5,0.05,0.005,0.1,30,,,,-1,two_stage,2,0.5,"__confirm_cooldown=200,divergence=0.3,error_rate=0.5,teacher_entropy=0.2",3,0,200,0.0,0,10000,10.0,25.0,200,500,1,136,1.0,0.8427489554317549,0.6140611002778033,0.5,0.2814705967903137,0.02549358457326889,0,0,70,70,-1,weighted,,,0,0,0,0.0,0.16666666666666669,0,0.0,0.0,0.0,0.0,0,none,0,1,0,overconfident,0.95,0,mild_drift,0.9430826612903223,0.0014731304985337286,0.7257453567937422,0.8440964076246329,1768042050.8794057,0.7540515065193176,0.2623053193092346
360,23040,23039,sea_abrupt4,sea,ts_drift_adapt,3,"error_divergence_ph_meta@error.threshold=0.10,error.min_instances=5",error_divergence_ph_meta,"{""divergence"": {""alpha"": 0.1, ""delta"": 0.005, ""min_instances"": 30, ""threshold"": 0.05}, ""error_rate"": {""alpha"": 0.15, ""delta"": 0.005, ""min_instances"": 5, ""threshold"": 0.1}}","{""error_rate"": {""min_instances"": 5, ""threshold"": 0.1}}",0.1,0.005,0.15,5,0.05,0.005,0.1,30,,,,-1,two_stage,2,0.5,"__confirm_cooldown=200,divergence=0.3,error_rate=0.5,teacher_entropy=0.2",3,0,200,0.0,0,10000,10.0,25.0,200,500,1,72,1.0,0.8427951388888889,0.6142874447741248,0.0,0.2615317404270172,0.015300145372748375,0,0,70,70,-1,weighted,,,0,0,0,0.0,0.5,0,0.0,0.0,0.0,0.0,0,none,0,1,0,overconfident,0.95,0,mild_drift,0.9516913306451611,0.0013865652492668643,0.7628726783968711,0.8495482038123164,1768042050.8907535,0.09327755123376846,0.14028561115264893
361,23104,23103,sea_abrupt4,sea,ts_drift_adapt,3,"error_divergence_ph_meta@error.threshold=0.10,error.min_instances=5",error_divergence_ph_meta,"{""divergence"": {""alpha"": 0.1, ""delta"": 0.005, ""min_instances"": 30, ""threshold"": 0.05}, ""error_rate"": {""alpha"": 0.15, ""delta"": 0.005, ""min_instances"": 5, ""threshold"": 0.1}}","{""error_rate"": {""min_instances"": 5, ""threshold"": 0.1}}",0.1,0.005,0.15,5,0.05,0.005,0.1,30,,,,-1,two_stage,2,0.5,"__confirm_cooldown=200,divergence=0.3,error_rate=0.5,teacher_entropy=0.2",3,0,200,0.0,0,10000,10.0,25.0,200,500,1,8,1.0,0.8428843490304709,0.6146689764361665,0.16666666666666666,0.26943907141685486,0.027599738910794258,0,0,70,70,-1,weighted,,,0,0,0,0.0,0.16666666666666666,0,0.0,0.0,0.0,0.0,0,none,0,1,0,overconfident,0.95,0,mild_drift,0.9559956653225805,0.0013432826246334321,0.7814363391984356,0.8522741019061582,1768042050.9019618,0.22091738879680634,0.2921276390552521
362,23168,23167,sea_abrupt4,sea,ts_drift_adapt,3,"error_divergence_ph_meta@error.threshold=0.10,error.min_instances=5",error_divergence_ph_meta,"{""divergence"": {""alpha"": 0.1, ""delta"": 0.005, ""min_instances"": 30, ""threshold"": 0.05}, ""error_rate"": {""alpha"": 0.15, ""delta"": 0.005, ""min_instances"": 5, ""threshold"": 0.1}}","{""error_rate"": {""min_instances"": 5, ""threshold"": 0.1}}",0.1,0.005,0.15,5,0.05,0.005,0.1,30,,,,-1,two_stage,2,0.5,"__confirm_cooldown=200,divergence=0.3,error_rate=0.5,teacher_entropy=0.2",3,0,200,0.0,0,10000,10.0,25.0,200,500,0,0,1.0,0.843016229281768,0.6150030832827372,0.16666666666666666,0.2939768433570862,0.021184785291552544,0,0,70,70,-1,weighted,,,0,0,0,0.0,0.0064149536192417145,0,0.0,0.0,0.0,0.0,0,none,0,1,0,overconfident,0.95,0,mild_drift,0.9581478326612902,0.001321641312316716,0.7907181695992178,0.8536370509530791,1768042050.9138107,0.31282588839530945,0.16539070010185242
363,23232,23231,sea_abrupt4,sea,ts_drift_adapt,3,"error_divergence_ph_meta@error.threshold=0.10,error.min_instances=5",error_divergence_ph_meta,"{""divergence"": {""alpha"": 0.1, ""delta"": 0.005, ""min_instances"": 30, ""threshold"": 0.05}, ""error_rate"": {""alpha"": 0.15, ""delta"": 0.005, ""min_instances"": 5, ""threshold"": 0.1}}","{""error_rate"": {""min_instances"": 5, ""threshold"": 0.1}}",0.1,0.005,0.15,5,0.05,0.005,0.1,30,,,,-1,two_stage,2,0.5,"__confirm_cooldown=200,divergence=0.3,error_rate=0.5,teacher_entropy=0.2",3,0,200,0.0,0,10000,10.0,25.0,200,500,0,0,1.0,0.8432765151515151,0.6157727154601307,0.0,0.24781464040279388,0.011984962038695812,1,1,71,71,0,weighted,,,0,0,0,0.3333333333333333,0.16666666666666666,1,0.5,0.0,0.0,0.0,0,none,1,1,0,overconfident,0.95,0,severe_drift,0.9245739163306451,0.001660820656158358,0.6453590847996089,0.8318185254765396,1768042050.9255133,0.02144860476255417,0.09544333815574646
364,23296,23295,sea_abrupt4,sea,ts_drift_adapt,3,"error_divergence_ph_meta@error.threshold=0.10,error.min_instances=5",error_divergence_ph_meta,"{""divergence"": {""alpha"": 0.1, ""delta"": 0.005, ""min_instances"": 30, ""threshold"": 0.05}, ""error_rate"": {""alpha"": 0.15, ""delta"": 0.005, ""min_instances"": 5, ""threshold"": 0.1}}","{""error_rate"": {""min_instances"": 5, ""threshold"": 0.1}}",0.1,0.005,0.15,5,0.05,0.005,0.1,30,,,,-1,two_stage,2,0.5,"__confirm_cooldown=200,divergence=0.3,error_rate=0.5,teacher_entropy=0.2",3,0,200,0.0,0,10000,10.0,25.0,200,500,1,136,1.0,0.8433207417582418,0.615914571491188,0.0,0.25578129291534424,0.013765555806457996,0,0,71,71,-1,weighted,,,0,0,0,0.0,0.0017805937677621841,0,0.0,0.0,0.0,0.0,0,none,0,1,0,overconfident,0.95,0,mild_drift,0.9424369581653225,0.001480410328079179,0.7226795423998045,0.8434092627382698,1768042050.9369345,0.1325686126947403,0.13198034465312958
365,23360,23359,sea_abrupt4,sea,ts_drift_adapt,3,"error_divergence_ph_meta@error.threshold=0.10,error.min_instances=5",error_divergence_ph_meta,"{""divergence"": {""alpha"": 0.1, ""delta"": 0.005, ""min_instances"": 30, ""threshold"": 0.05}, ""error_rate"": {""alpha"": 0.15, ""delta"": 0.005, ""min_instances"": 5, ""threshold"": 0.1}}","{""error_rate"": {""min_instances"": 5, ""threshold"": 0.1}}",0.1,0.005,0.15,5,0.05,0.005,0.1,30,,,,-1,two_stage,2,0.5,"__confirm_cooldown=200,divergence=0.3,error_rate=0.5,teacher_entropy=0.2",3,0,200,0.0,0,10000,10.0,25.0,200,500,1,72,1.0,0.8434931506849315,0.6162274773349775,0.16666666666666666,0.2735908031463623,0.018762752413749695,0,0,71,71,-1,weighted,,,0,0,0,0.0,0.16666666666666666,0,0.0,0.0,0.0,0.0,0,none,0,1,0,overconfident,0.95,0,mild_drift,0.9513684790826612,0.0013902051640395895,0.7613397711999023,0.8492046313691348,1768042050.9491372,0.26211264729499817,0.20054598152637482
366,23424,23423,sea_abrupt4,sea,ts_drift_adapt,3,"error_divergence_ph_meta@error.threshold=0.10,error.min_instances=5",error_divergence_ph_meta,"{""divergence"": {""alpha"": 0.1, ""delta"": 0.005, ""min_instances"": 30, ""threshold"": 0.05}, ""error_rate"": {""alpha"": 0.15, ""delta"": 0.005, ""min_instances"": 5, ""threshold"": 0.1}}","{""error_rate"": {""min_instances"": 5, ""threshold"": 0.1}}",0.1,0.005,0.15,5,0.05,0.005,0.1,30,,,,-1,two_stage,2,0.5,"__confirm_cooldown=200,divergence=0.3,error_rate=0.5,teacher_entropy=0.2",3,0,200,0.0,0,10000,10.0,25.0,200,500,1,8,1.0,0.84375,0.6169928336264372,0.0,0.22585798799991608,0.008849168196320534,0,0,71,71,-1,weighted,,,0,0,0,0.0,0.16666666666666666,0,0.0,0.0,0.0,0.0,0,none,0,1,0,overconfident,0.95,0,mild_drift,0.9558342395413306,0.0013451025820197947,0.7806698855999512,0.8521023156845674,1768042050.9610145,0.02951153926551342,0.09359286725521088
367,23488,23487,sea_abrupt4,sea,ts_drift_adapt,3,"error_divergence_ph_meta@error.threshold=0.10,error.min_instances=5",error_divergence_ph_meta,"{""divergence"": {""alpha"": 0.1, ""delta"": 0.005, ""min_instances"": 30, ""threshold"": 0.05}, ""error_rate"": {""alpha"": 0.15, ""delta"": 0.005, ""min_instances"": 5, ""threshold"": 0.1}}","{""error_rate"": {""min_instances"": 5, ""threshold"": 0.1}}",0.1,0.005,0.15,5,0.05,0.005,0.1,30,,,,-1,two_stage,2,0.5,"__confirm_cooldown=200,divergence=0.3,error_rate=0.5,teacher_entropy=0.2",3,0,200,0.0,0,10000,10.0,25.0,200,500,0,0,1.0,0.8438777247956403,0.6172810615887693,0.16666666666666666,0.2518879175186157,0.011074724607169628,0,0,71,71,-1,weighted,,,0,0,0,0.0,0.16666666666666666,0,0.0,0.0,0.0,0.0,0,none,0,1,0,overconfident,0.95,0,mild_drift,0.9580671197706653,0.0013225512910098975,0.7903349427999756,0.8535511578422836,1768042050.972658,0.45548906922340393,0.11170198023319244
368,23552,23551,sea_abrupt4,sea,ts_drift_adapt,3,"error_divergence_ph_meta@error.threshold=0.10,error.min_instances=5",error_divergence_ph_meta,"{""divergence"": {""alpha"": 0.1, ""delta"": 0.005, ""min_instances"": 30, ""threshold"": 0.05}, ""error_rate"": {""alpha"": 0.15, ""delta"": 0.005, ""min_instances"": 5, ""threshold"": 0.1}}","{""error_rate"": {""min_instances"": 5, ""threshold"": 0.1}}",0.1,0.005,0.15,5,0.05,0.005,0.1,30,,,,-1,two_stage,2,0.5,"__confirm_cooldown=200,divergence=0.3,error_rate=0.5,teacher_entropy=0.2",3,0,200,0.0,0,10000,10.0,25.0,200,500,0,0,1.0,0.8440472146739131,0.6178306256391249,0.16666666666666666,0.22322596609592438,0.010538341477513313,1,1,72,72,0,weighted,,,0,0,0,0.16666666666666666,0.0005363831296563148,1,0.5,0.0,0.0,0.0,0,none,1,1,0,overconfident,0.95,0,severe_drift,0.9245335598853326,0.0016612756455049488,0.6451674713999878,0.8317755789211418,1768042050.983981,0.16118234395980835,0.12170689553022385
369,23616,23615,sea_abrupt4,sea,ts_drift_adapt,3,"error_divergence_ph_meta@error.threshold=0.10,error.min_instances=5",error_divergence_ph_meta,"{""divergence"": {""alpha"": 0.1, ""delta"": 0.005, ""min_instances"": 30, ""threshold"": 0.05}, ""error_rate"": {""alpha"": 0.15, ""delta"": 0.005, ""min_instances"": 5, ""threshold"": 0.1}}","{""error_rate"": {""min_instances"": 5, ""threshold"": 0.1}}",0.1,0.005,0.15,5,0.05,0.005,0.1,30,,,,-1,two_stage,2,0.5,"__confirm_cooldown=200,divergence=0.3,error_rate=0.5,teacher_entropy=0.2",3,0,200,0.0,0,10000,10.0,25.0,200,500,1,136,1.0,0.8441734417344173,0.6182009386540269,0.0,0.23155589401721954,0.014758921228349209,0,0,72,72,-1,weighted,,,0,0,0,0.0,0.16666666666666666,0,0.0,0.0,0.0,0.0,0,none,0,1,0,overconfident,0.95,0,mild_drift,0.9424167799426663,0.0014806378227524746,0.7225837356999939,0.8433877894605709,1768042050.995597,0.01913393847644329,0.13524533808231354
370,23680,23679,sea_abrupt4,sea,ts_drift_adapt,3,"error_divergence_ph_meta@error.threshold=0.10,error.min_instances=5",error_divergence_ph_meta,"{""divergence"": {""alpha"": 0.1, ""delta"": 0.005, ""min_instances"": 30, ""threshold"": 0.05}, ""error_rate"": {""alpha"": 0.15, ""delta"": 0.005, ""min_instances"": 5, ""threshold"": 0.1}}","{""error_rate"": {""min_instances"": 5, ""threshold"": 0.1}}",0.1,0.005,0.15,5,0.05,0.005,0.1,30,,,,-1,two_stage,2,0.5,"__confirm_cooldown=200,divergence=0.3,error_rate=0.5,teacher_entropy=0.2",3,0,200,0.0,0,10000,10.0,25.0,200,500,1,72,1.0,0.8442989864864865,0.6185406553004096,0.3333333333333333,0.2399609386920929,0.009795842692255974,0,0,72,72,-1,weighted,,,0,0,0,0.0,0.3333333333333333,0,0.0,0.0,0.0,0.0,0,none,0,1,0,overconfident,0.95,0,mild_drift,0.9513583899713332,0.0013903189113762373,0.7612918678499969,0.8491938947302855,1768042051.009575,0.6048251390457153,0.12526842951774597
371,23744,23743,sea_abrupt4,sea,ts_drift_adapt,3,"error_divergence_ph_meta@error.threshold=0.10,error.min_instances=5",error_divergence_ph_meta,"{""divergence"": {""alpha"": 0.1, ""delta"": 0.005, ""min_instances"": 30, ""threshold"": 0.05}, ""error_rate"": {""alpha"": 0.15, ""delta"": 0.005, ""min_instances"": 5, ""threshold"": 0.1}}","{""error_rate"": {""min_instances"": 5, ""threshold"": 0.1}}",0.1,0.005,0.15,5,0.05,0.005,0.1,30,,,,-1,two_stage,2,0.5,"__confirm_cooldown=200,divergence=0.3,error_rate=0.5,teacher_entropy=0.2",3,0,200,0.0,0,10000,10.0,25.0,200,500,1,8,1.0,0.8446765498652291,0.6194350188908146,0.0,0.20921690762043,0.010956531390547752,0,0,72,72,-1,weighted,,,0,0,0,0.0,0.3333333333333333,0,0.0,0.0,0.0,0.0,0,none,0,1,0,overconfident,0.95,0,mild_drift,0.9558291949856665,0.0013451594556881186,0.7806459339249985,0.8520969473651427,1768042051.023953,0.025897547602653503,0.1265217810869217
372,23808,23807,sea_abrupt4,sea,ts_drift_adapt,3,"error_divergence_ph_meta@error.threshold=0.10,error.min_instances=5",error_divergence_ph_meta,"{""divergence"": {""alpha"": 0.1, ""delta"": 0.005, ""min_instances"": 30, ""threshold"": 0.05}, ""error_rate"": {""alpha"": 0.15, ""delta"": 0.005, ""min_instances"": 5, ""threshold"": 0.1}}","{""error_rate"": {""min_instances"": 5, ""threshold"": 0.1}}",0.1,0.005,0.15,5,0.05,0.005,0.1,30,,,,-1,two_stage,2,0.5,"__confirm_cooldown=200,divergence=0.3,error_rate=0.5,teacher_entropy=0.2",3,0,200,0.0,0,10000,10.0,25.0,200,500,0,0,1.0,0.844674059139785,0.6196904208102372,0.5,0.26457348465919495,0.019443286582827568,0,0,72,72,-1,weighted,,,0,0,0,0.0,0.5,0,0.0,0.0,0.0,0.0,0,none,0,1,0,overconfident,0.95,0,mild_drift,0.9580645974928332,0.0013225797278440593,0.7903229669624993,0.8535484736825714,1768042051.038301,0.688826858997345,0.1869095414876938
373,23872,23871,sea_abrupt4,sea,ts_drift_adapt,3,"error_divergence_ph_meta@error.threshold=0.10,error.min_instances=5",error_divergence_ph_meta,"{""divergence"": {""alpha"": 0.1, ""delta"": 0.005, ""min_instances"": 30, ""threshold"": 0.05}, ""error_rate"": {""alpha"": 0.15, ""delta"": 0.005, ""min_instances"": 5, ""threshold"": 0.1}}","{""error_rate"": {""min_instances"": 5, ""threshold"": 0.1}}",0.1,0.005,0.15,5,0.05,0.005,0.1,30,,,,-1,two_stage,2,0.5,"__confirm_cooldown=200,divergence=0.3,error_rate=0.5,teacher_entropy=0.2",3,0,200,0.0,0,10000,10.0,25.0,200,500,0,0,1.0,0.8447553619302949,0.6200473848878365,0.16666666666666666,0.21514223515987396,0.019259976223111153,1,1,73,73,0,weighted,,,0,0,0,0.0,0.33333333333333337,1,0.5,0.0,0.0,0.0,0,none,1,1,0,overconfident,0.95,0,stable,0.9740322987464166,0.0010612898639220296,0.8951614834812496,0.8992742368412857,1768042051.050302,0.28747060894966125,0.17702679336071014
374,23936,23935,sea_abrupt4,sea,ts_drift_adapt,3,"error_divergence_ph_meta@error.threshold=0.10,error.min_instances=5",error_divergence_ph_meta,"{""divergence"": {""alpha"": 0.1, ""delta"": 0.005, ""min_instances"": 30, ""threshold"": 0.05}, ""error_rate"": {""alpha"": 0.15, ""delta"": 0.005, ""min_instances"": 5, ""threshold"": 0.1}}","{""error_rate"": {""min_instances"": 5, ""threshold"": 0.1}}",0.1,0.005,0.15,5,0.05,0.005,0.1,30,,,,-1,two_stage,2,0.5,"__confirm_cooldown=200,divergence=0.3,error_rate=0.5,teacher_entropy=0.2",3,0,200,0.0,0,10000,10.0,25.0,200,500,1,136,1.0,0.844961564171123,0.6207226044171407,0.16666666666666666,0.27661585807800293,0.013309421949088573,0,0,73,73,-1,weighted,,,0,0,0,0.0,0.005950554274022579,0,0.0,0.0,0.0,0.0,0,none,0,1,0,overconfident,0.95,0,mild_drift,0.9671661493732082,0.0011806449319610149,0.8475807417406248,0.8771371184206429,1768042051.0621932,0.3566032350063324,0.10292401909828186
375,24000,23999,sea_abrupt4,sea,ts_drift_adapt,3,"error_divergence_ph_meta@error.threshold=0.10,error.min_instances=5",error_divergence_ph_meta,"{""divergence"": {""alpha"": 0.1, ""delta"": 0.005, ""min_instances"": 30, ""threshold"": 0.05}, ""error_rate"": {""alpha"": 0.15, ""delta"": 0.005, ""min_instances"": 5, ""threshold"": 0.1}}","{""error_rate"": {""min_instances"": 5, ""threshold"": 0.1}}",0.1,0.005,0.15,5,0.05,0.005,0.1,30,,,,-1,two_stage,2,0.5,"__confirm_cooldown=200,divergence=0.3,error_rate=0.5,teacher_entropy=0.2",3,0,200,0.0,0,10000,10.0,25.0,200,500,1,72,1.0,0.8450416666666667,0.6209400889644133,0.16666666666666666,0.20585334300994873,0.020058486610651016,0,0,73,73,-1,weighted,,,0,0,0,0.0,0.006749064661562443,0,0.0,0.0,0.0,0.0,0,none,0,1,0,overconfident,0.95,0,mild_drift,0.9637330746866041,0.0012403224659805075,0.8237903708703125,0.8660685592103214,1768042051.073994,0.43779659271240234,0.16957628726959229
376,24064,24063,sea_abrupt4,sea,ts_drift_adapt,3,"error_divergence_ph_meta@error.threshold=0.10,error.min_instances=5",error_divergence_ph_meta,"{""divergence"": {""alpha"": 0.1, ""delta"": 0.005, ""min_instances"": 30, ""threshold"": 0.05}, ""error_rate"": {""alpha"": 0.15, ""delta"": 0.005, ""min_instances"": 5, ""threshold"": 0.1}}","{""error_rate"": {""min_instances"": 5, ""threshold"": 0.1}}",0.1,0.005,0.15,5,0.05,0.005,0.1,30,,,,-1,two_stage,2,0.5,"__confirm_cooldown=200,divergence=0.3,error_rate=0.5,teacher_entropy=0.2",3,0,200,0.0,0,10000,10.0,25.0,200,500,1,8,1.0,0.8452875664893617,0.6215296627074484,0.0,0.24290838837623596,0.01310900691896677,0,0,73,73,-1,weighted,,,0,0,0,0.0,0.16666666666666666,0,0.0,0.0,0.0,0.0,0,none,0,1,0,overconfident,0.95,0,mild_drift,0.9620165373433021,0.001270161232990254,0.8118951854351563,0.8605342796051607,1768042051.0855093,0.09330675005912781,0.14285297691822052
377,24128,24127,sea_abrupt4,sea,ts_drift_adapt,3,"error_divergence_ph_meta@error.threshold=0.10,error.min_instances=5",error_divergence_ph_meta,"{""divergence"": {""alpha"": 0.1, ""delta"": 0.005, ""min_instances"": 30, ""threshold"": 0.05}, ""error_rate"": {""alpha"": 0.15, ""delta"": 0.005, ""min_instances"": 5, ""threshold"": 0.1}}","{""error_rate"": {""min_instances"": 5, ""threshold"": 0.1}}",0.1,0.005,0.15,5,0.05,0.005,0.1,30,,,,-1,two_stage,2,0.5,"__confirm_cooldown=200,divergence=0.3,error_rate=0.5,teacher_entropy=0.2",3,0,200,0.0,0,10000,10.0,25.0,200,500,0,0,1.0,0.8455736074270557,0.6222645481374747,0.16666666666666666,0.19881227612495422,0.009052503854036331,0,0,73,73,-1,weighted,,,0,0,0,0.0,0.16666666666666666,0,0.0,0.0,0.0,0.0,0,none,0,1,0,overconfident,0.95,0,mild_drift,0.961158268671651,0.0012850806164951272,0.8059475927175781,0.8577671398025803,1768042051.0972607,0.1785285919904709,0.08826194703578949
378,24192,24191,sea_abrupt4,sea,ts_drift_adapt,3,"error_divergence_ph_meta@error.threshold=0.10,error.min_instances=5",error_divergence_ph_meta,"{""divergence"": {""alpha"": 0.1, ""delta"": 0.005, ""min_instances"": 30, ""threshold"": 0.05}, ""error_rate"": {""alpha"": 0.15, ""delta"": 0.005, ""min_instances"": 5, ""threshold"": 0.1}}","{""error_rate"": {""min_instances"": 5, ""threshold"": 0.1}}",0.1,0.005,0.15,5,0.05,0.005,0.1,30,,,,-1,two_stage,2,0.5,"__confirm_cooldown=200,divergence=0.3,error_rate=0.5,teacher_entropy=0.2",3,0,200,0.0,0,10000,10.0,25.0,200,500,0,0,1.0,0.845651455026455,0.6225587828196499,0.16666666666666666,0.30180004239082336,0.016997206956148148,1,1,74,74,0,weighted,,,0,0,0,0.0,0.007944703102111816,1,0.5,0.0,0.0,0.0,0,none,1,1,0,overconfident,0.95,0,stable,0.9755791343358255,0.0010425403082475635,0.902973796358789,0.9013835699012902,1768042051.1084256,0.3551514148712158,0.13129141926765442
379,24256,24255,sea_abrupt4,sea,ts_drift_adapt,3,"error_divergence_ph_meta@error.threshold=0.10,error.min_instances=5",error_divergence_ph_meta,"{""divergence"": {""alpha"": 0.1, ""delta"": 0.005, ""min_instances"": 30, ""threshold"": 0.05}, ""error_rate"": {""alpha"": 0.15, ""delta"": 0.005, ""min_instances"": 5, ""threshold"": 0.1}}","{""error_rate"": {""min_instances"": 5, ""threshold"": 0.1}}",0.1,0.005,0.15,5,0.05,0.005,0.1,30,,,,-1,two_stage,2,0.5,"__confirm_cooldown=200,divergence=0.3,error_rate=0.5,teacher_entropy=0.2",3,0,200,0.0,0,10000,10.0,25.0,200,500,1,136,1.0,0.8459350263852242,0.6232209183481838,0.0,0.206455260515213,0.010785235092043877,0,0,74,74,-1,weighted,,,0,0,0,0.0,0.16666666666666666,0,0.0,0.0,0.0,0.0,0,none,0,1,0,overconfident,0.95,0,mild_drift,0.9679395671679127,0.0011712701541237817,0.8514868981793946,0.8781917849506451,1768042051.1200156,0.08307122439146042,0.09159242361783981
380,24320,24319,sea_abrupt4,sea,ts_drift_adapt,3,"error_divergence_ph_meta@error.threshold=0.10,error.min_instances=5",error_divergence_ph_meta,"{""divergence"": {""alpha"": 0.1, ""delta"": 0.005, ""min_instances"": 30, ""threshold"": 0.05}, ""error_rate"": {""alpha"": 0.15, ""delta"": 0.005, ""min_instances"": 5, ""threshold"": 0.1}}","{""error_rate"": {""min_instances"": 5, ""threshold"": 0.1}}",0.1,0.005,0.15,5,0.05,0.005,0.1,30,,,,-1,two_stage,2,0.5,"__confirm_cooldown=200,divergence=0.3,error_rate=0.5,teacher_entropy=0.2",3,0,200,0.0,0,10000,10.0,25.0,200,500,1,72,1.0,0.8460526315789474,0.6235156762784438,0.16666666666666666,0.22757650911808014,0.017026368528604507,0,0,74,74,-1,weighted,,,0,0,0,0.0,0.16666666666666666,0,0.0,0.0,0.0,0.0,0,none,0,1,0,overconfident,0.95,0,mild_drift,0.9641197835839563,0.0012356350770618908,0.8257434490896973,0.8665958924753225,1768042051.1316981,0.37298452854156494,0.15922953188419342
381,24384,24383,sea_abrupt4,sea,ts_drift_adapt,3,"error_divergence_ph_meta@error.threshold=0.10,error.min_instances=5",error_divergence_ph_meta,"{""divergence"": {""alpha"": 0.1, ""delta"": 0.005, ""min_instances"": 30, ""threshold"": 0.05}, ""error_rate"": {""alpha"": 0.15, ""delta"": 0.005, ""min_instances"": 5, ""threshold"": 0.1}}","{""error_rate"": {""min_instances"": 5, ""threshold"": 0.1}}",0.1,0.005,0.15,5,0.05,0.005,0.1,30,,,,-1,two_stage,2,0.5,"__confirm_cooldown=200,divergence=0.3,error_rate=0.5,teacher_entropy=0.2",3,0,200,0.0,0,10000,10.0,25.0,200,500,1,8,1.0,0.8461696194225722,0.6239503265234192,0.16666666666666666,0.2584720551967621,0.011475878767669201,0,0,74,74,-1,weighted,,,0,0,0,0.0,0.0055504897609353065,0,0.0,0.0,0.0,0.0,0,none,0,1,0,overconfident,0.95,0,mild_drift,0.9622098917919781,0.0012678175385309456,0.8128717245448487,0.8607979462376613,1768042051.1436114,0.7731170058250427,0.09347900748252869
382,24448,24447,sea_abrupt4,sea,ts_drift_adapt,3,"error_divergence_ph_meta@error.threshold=0.10,error.min_instances=5",error_divergence_ph_meta,"{""divergence"": {""alpha"": 0.1, ""delta"": 0.005, ""min_instances"": 30, ""threshold"": 0.05}, ""error_rate"": {""alpha"": 0.15, ""delta"": 0.005, ""min_instances"": 5, ""threshold"": 0.1}}","{""error_rate"": {""min_instances"": 5, ""threshold"": 0.1}}",0.1,0.005,0.15,5,0.05,0.005,0.1,30,,,,-1,two_stage,2,0.5,"__confirm_cooldown=200,divergence=0.3,error_rate=0.5,teacher_entropy=0.2",3,0,200,0.0,0,10000,10.0,25.0,200,500,0,0,1.0,0.8462859947643979,0.6242198495781355,0.16666666666666666,0.2601999342441559,0.01880755089223385,0,0,74,74,-1,weighted,,,0,0,0,0.0,0.007331672124564648,0,0.0,0.0,0.0,0.0,0,none,0,1,0,overconfident,0.95,0,mild_drift,0.961254945895989,0.0012839087692654728,0.8064358622724244,0.8578989731188307,1768042051.1553328,0.30943822860717773,0.15217804908752441
383,24512,24511,sea_abrupt4,sea,ts_drift_adapt,3,"error_divergence_ph_meta@error.threshold=0.10,error.min_instances=5",error_divergence_ph_meta,"{""divergence"": {""alpha"": 0.1, ""delta"": 0.005, ""min_instances"": 30, ""threshold"": 0.05}, ""error_rate"": {""alpha"": 0.15, ""delta"": 0.005, ""min_instances"": 5, ""threshold"": 0.1}}","{""error_rate"": {""min_instances"": 5, ""threshold"": 0.1}}",0.1,0.005,0.15,5,0.05,0.005,0.1,30,,,,-1,two_stage,2,0.5,"__confirm_cooldown=200,divergence=0.3,error_rate=0.5,teacher_entropy=0.2",3,0,200,0.0,0,10000,10.0,25.0,200,500,0,0,1.0,0.8464833550913838,0.624649646195396,0.0,0.2595013380050659,0.015135105699300766,1,1,75,75,0,weighted,,,0,0,0,0.16666666666666666,0.16666666666666666,1,0.5,0.0,0.0,0.0,0,none,1,1,0,overconfident,0.95,0,severe_drift,0.9261274729479945,0.0016419543846327364,0.6532179311362122,0.8339494865594154,1768042051.1667554,0.20628730952739716,0.11443406343460083
384,24576,24575,sea_abrupt4,sea,ts_drift_adapt,3,"error_divergence_ph_meta@error.threshold=0.10,error.min_instances=5",error_divergence_ph_meta,"{""divergence"": {""alpha"": 0.1, ""delta"": 0.005, ""min_instances"": 30, ""threshold"": 0.05}, ""error_rate"": {""alpha"": 0.15, ""delta"": 0.005, ""min_instances"": 5, ""threshold"": 0.1}}","{""error_rate"": {""min_instances"": 5, ""threshold"": 0.1}}",0.1,0.005,0.15,5,0.05,0.005,0.1,30,,,,-1,two_stage,2,0.5,"__confirm_cooldown=200,divergence=0.3,error_rate=0.5,teacher_entropy=0.2",3,0,200,0.0,0,10000,10.0,25.0,200,500,1,136,1.0,0.8467203776041666,0.6252171327058519,0.0,0.244145005941391,0.020010368898510933,0,0,75,75,-1,weighted,,,0,0,0,0.0,0.004875263199210167,0,0.0,0.0,0.0,0.0,0,none,0,1,0,overconfident,0.95,0,mild_drift,0.9432137364739972,0.0014709771923163682,0.7266089655681061,0.8444747432797077,1768042051.1786807,0.01528209075331688,0.21095412969589233
385,24640,24639,sea_abrupt4,sea,ts_drift_adapt,3,"error_divergence_ph_meta@error.threshold=0.10,error.min_instances=5",error_divergence_ph_meta,"{""divergence"": {""alpha"": 0.1, ""delta"": 0.005, ""min_instances"": 30, ""threshold"": 0.05}, ""error_rate"": {""alpha"": 0.15, ""delta"": 0.005, ""min_instances"": 5, ""threshold"": 0.1}}","{""error_rate"": {""min_instances"": 5, ""threshold"": 0.1}}",0.1,0.005,0.15,5,0.05,0.005,0.1,30,,,,-1,two_stage,2,0.5,"__confirm_cooldown=200,divergence=0.3,error_rate=0.5,teacher_entropy=0.2",3,0,200,0.0,0,10000,10.0,25.0,200,500,1,72,1.0,0.846875,0.6256529057881249,0.0,0.26233088970184326,0.013713609427213669,0,0,75,75,-1,weighted,,,0,0,0,0.0,0.006296759471297264,0,0.0,0.0,0.0,0.0,0,none,0,1,0,overconfident,0.95,0,mild_drift,0.9517568682369986,0.0013854885961581843,0.763304482784053,0.8497373716398539,1768042051.190101,0.11766358464956284,0.12814633548259735
386,24704,24703,sea_abrupt4,sea,ts_drift_adapt,3,"error_divergence_ph_meta@error.threshold=0.10,error.min_instances=5",error_divergence_ph_meta,"{""divergence"": {""alpha"": 0.1, ""delta"": 0.005, ""min_instances"": 30, ""threshold"": 0.05}, ""error_rate"": {""alpha"": 0.15, ""delta"": 0.005, ""min_instances"": 5, ""threshold"": 0.1}}","{""error_rate"": {""min_instances"": 5, ""threshold"": 0.1}}",0.1,0.005,0.15,5,0.05,0.005,0.1,30,,,,-1,two_stage,2,0.5,"__confirm_cooldown=200,divergence=0.3,error_rate=0.5,teacher_entropy=0.2",3,0,200,0.0,0,10000,10.0,25.0,200,500,1,8,1.0,0.8471907383419689,0.6262206238763585,0.0,0.19179148972034454,0.007891830988228321,0,0,75,75,-1,weighted,,,0,0,0,0.0,0.005821778438985348,0,0.0,0.0,0.0,0.0,0,none,0,1,0,overconfident,0.95,0,mild_drift,0.9560284341184992,0.001342744298079092,0.7816522413920266,0.8523686858199269,1768042051.2018874,0.0464860238134861,0.09005509316921234
387,24768,24767,sea_abrupt4,sea,ts_drift_adapt,3,"error_divergence_ph_meta@error.threshold=0.10,error.min_instances=5",error_divergence_ph_meta,"{""divergence"": {""alpha"": 0.1, ""delta"": 0.005, ""min_instances"": 30, ""threshold"": 0.05}, ""error_rate"": {""alpha"": 0.15, ""delta"": 0.005, ""min_instances"": 5, ""threshold"": 0.1}}","{""error_rate"": {""min_instances"": 5, ""threshold"": 0.1}}",0.1,0.005,0.15,5,0.05,0.005,0.1,30,,,,-1,two_stage,2,0.5,"__confirm_cooldown=200,divergence=0.3,error_rate=0.5,teacher_entropy=0.2",3,0,200,0.0,0,10000,10.0,25.0,200,500,0,0,1.0,0.8474240956072352,0.6268437904982629,0.16666666666666666,0.21298803389072418,0.011846332810819149,0,0,75,75,-1,weighted,,,0,0,0,0.0,0.16666666666666666,0,0.0,0.0,0.0,0.0,0,none,0,1,0,overconfident,0.95,0,mild_drift,0.9581642170592496,0.0013213721490395462,0.7908261206960133,0.8536843429099634,1768042051.2143457,0.1702706664800644,0.09867674857378006
388,24832,24831,sea_abrupt4,sea,ts_drift_adapt,3,"error_divergence_ph_meta@error.threshold=0.10,error.min_instances=5",error_divergence_ph_meta,"{""divergence"": {""alpha"": 0.1, ""delta"": 0.005, ""min_instances"": 30, ""threshold"": 0.05}, ""error_rate"": {""alpha"": 0.15, ""delta"": 0.005, ""min_instances"": 5, ""threshold"": 0.1}}","{""error_rate"": {""min_instances"": 5, ""threshold"": 0.1}}",0.1,0.005,0.15,5,0.05,0.005,0.1,30,,,,-1,two_stage,2,0.5,"__confirm_cooldown=200,divergence=0.3,error_rate=0.5,teacher_entropy=0.2",3,0,200,0.0,0,10000,10.0,25.0,200,500,0,0,1.0,0.8476159793814433,0.6272193944089635,0.0,0.21887515485286713,0.025250043720006943,1,1,76,76,0,weighted,,,0,0,0,0.0,0.16666666666666666,1,0.5,0.0,0.0,0.0,0,none,1,1,0,overconfident,0.95,0,stable,0.9740821085296247,0.001060686074519773,0.8954130603480066,0.8993421714549817,1768042051.2287037,0.0357646569609642,0.22287628054618835
389,24896,24895,sea_abrupt4,sea,ts_drift_adapt,3,"error_divergence_ph_meta@error.threshold=0.10,error.min_instances=5",error_divergence_ph_meta,"{""divergence"": {""alpha"": 0.1, ""delta"": 0.005, ""min_instances"": 30, ""threshold"": 0.05}, ""error_rate"": {""alpha"": 0.15, ""delta"": 0.005, ""min_instances"": 5, ""threshold"": 0.1}}","{""error_rate"": {""min_instances"": 5, ""threshold"": 0.1}}",0.1,0.005,0.15,5,0.05,0.005,0.1,30,,,,-1,two_stage,2,0.5,"__confirm_cooldown=200,divergence=0.3,error_rate=0.5,teacher_entropy=0.2",3,0,200,0.0,0,10000,10.0,25.0,200,500,1,136,1.0,0.8478068766066839,0.6276671757256302,0.0,0.2349015176296234,0.015624363906681538,0,0,76,76,-1,weighted,,,0,0,0,0.0,0.009625679813325405,0,0.0,0.0,0.0,0.0,0,none,0,1,0,overconfident,0.95,0,mild_drift,0.9671910542648123,0.0011803430372598865,0.8477065301740033,0.8771710857274908,1768042051.2431765,0.052426327019929886,0.1257244050502777
390,24960,24959,sea_abrupt4,sea,ts_drift_adapt,3,"error_divergence_ph_meta@error.threshold=0.10,error.min_instances=5",error_divergence_ph_meta,"{""divergence"": {""alpha"": 0.1, ""delta"": 0.005, ""min_instances"": 30, ""threshold"": 0.05}, ""error_rate"": {""alpha"": 0.15, ""delta"": 0.005, ""min_instances"": 5, ""threshold"": 0.1}}","{""error_rate"": {""min_instances"": 5, ""threshold"": 0.1}}",0.1,0.005,0.15,5,0.05,0.005,0.1,30,,,,-1,two_stage,2,0.5,"__confirm_cooldown=200,divergence=0.3,error_rate=0.5,teacher_entropy=0.2",3,0,200,0.0,0,10000,10.0,25.0,200,500,1,72,1.0,0.848036858974359,0.6281607226994865,0.3333333333333333,0.22205549478530884,0.008800162002444267,0,0,76,76,-1,weighted,,,0,0,0,0.0,0.3333333333333333,0,0.0,0.0,0.0,0.0,0,none,0,1,0,overconfident,0.95,0,mild_drift,0.9637455271324061,0.0012401715186299432,0.8238532650870016,0.8660855428637454,1768042051.256543,0.5492117404937744,0.09962644428014755
391,25024,25023,sea_abrupt4,sea,ts_drift_adapt,3,"error_divergence_ph_meta@error.threshold=0.10,error.min_instances=5",error_divergence_ph_meta,"{""divergence"": {""alpha"": 0.1, ""delta"": 0.005, ""min_instances"": 30, ""threshold"": 0.05}, ""error_rate"": {""alpha"": 0.15, ""delta"": 0.005, ""min_instances"": 5, ""threshold"": 0.1}}","{""error_rate"": {""min_instances"": 5, ""threshold"": 0.1}}",0.1,0.005,0.15,5,0.05,0.005,0.1,30,,,,-1,two_stage,2,0.5,"__confirm_cooldown=200,divergence=0.3,error_rate=0.5,teacher_entropy=0.2",3,0,200,0.0,0,10000,10.0,25.0,200,500,1,8,1.0,0.8481857416879796,0.6286503668544461,0.16666666666666666,0.1742415577173233,0.01620350405573845,0,0,76,76,-1,weighted,,,0,0,0,0.0,0.16666666666666666,0,0.0,0.0,0.0,0.0,0,none,0,1,0,overconfident,0.95,0,mild_drift,0.9620227635662031,0.0012700857593149718,0.8119266325435008,0.8605427714318727,1768042051.2682192,0.1875905990600586,0.15518894791603088
392,25088,25087,sea_abrupt4,sea,ts_drift_adapt,3,"error_divergence_ph_meta@error.threshold=0.10,error.min_instances=5",error_divergence_ph_meta,"{""divergence"": {""alpha"": 0.1, ""delta"": 0.005, ""min_instances"": 30, ""threshold"": 0.05}, ""error_rate"": {""alpha"": 0.15, ""delta"": 0.005, ""min_instances"": 5, ""threshold"": 0.1}}","{""error_rate"": {""min_instances"": 5, ""threshold"": 0.1}}",0.1,0.005,0.15,5,0.05,0.005,0.1,30,,,,-1,two_stage,2,0.5,"__confirm_cooldown=200,divergence=0.3,error_rate=0.5,teacher_entropy=0.2",3,0,200,0.0,0,10000,10.0,25.0,200,500,0,0,1.0,0.8483737244897959,0.6289604978348708,0.16666666666666666,0.2317281812429428,0.014072325080633163,0,0,76,76,-1,weighted,,,0,0,0,0.0,0.0021311789751052856,0,0.0,0.0,0.0,0.0,0,none,0,1,0,overconfident,0.95,0,mild_drift,0.9611613817831015,0.0012850428796574859,0.8059633162717504,0.8577713857159364,1768042051.2793777,0.16928021609783173,0.14353813230991364
393,25152,25151,sea_abrupt4,sea,ts_drift_adapt,3,"error_divergence_ph_meta@error.threshold=0.10,error.min_instances=5",error_divergence_ph_meta,"{""divergence"": {""alpha"": 0.1, ""delta"": 0.005, ""min_instances"": 30, ""threshold"": 0.05}, ""error_rate"": {""alpha"": 0.15, ""delta"": 0.005, ""min_instances"": 5, ""threshold"": 0.1}}","{""error_rate"": {""min_instances"": 5, ""threshold"": 0.1}}",0.1,0.005,0.15,5,0.05,0.005,0.1,30,,,,-1,two_stage,2,0.5,"__confirm_cooldown=200,divergence=0.3,error_rate=0.5,teacher_entropy=0.2",3,0,200,0.0,0,10000,10.0,25.0,200,500,0,0,1.0,0.8484812340966921,0.6291684368555033,0.16666666666666666,0.2986351251602173,0.019166868180036545,1,1,77,77,0,weighted,,,0,0,0,0.16666666666666666,0.005094543099403381,1,0.5,0.0,0.0,0.0,0,none,1,1,0,overconfident,0.95,0,severe_drift,0.9260806908915508,0.001642521439828743,0.6529816581358752,0.8338856928579682,1768042051.2907584,0.17092178761959076,0.17312338948249817
394,25216,25215,sea_abrupt4,sea,ts_drift_adapt,3,"error_divergence_ph_meta@error.threshold=0.10,error.min_instances=5",error_divergence_ph_meta,"{""divergence"": {""alpha"": 0.1, ""delta"": 0.005, ""min_instances"": 30, ""threshold"": 0.05}, ""error_rate"": {""alpha"": 0.15, ""delta"": 0.005, ""min_instances"": 5, ""threshold"": 0.1}}","{""error_rate"": {""min_instances"": 5, ""threshold"": 0.1}}",0.1,0.005,0.15,5,0.05,0.005,0.1,30,,,,-1,two_stage,2,0.5,"__confirm_cooldown=200,divergence=0.3,error_rate=0.5,teacher_entropy=0.2",3,0,200,0.0,0,10000,10.0,25.0,200,500,1,136,1.0,0.8485881979695431,0.629557255092822,0.0,0.2210700958967209,0.01689707487821579,0,0,77,77,-1,weighted,,,0,0,0,0.0,0.16666666666666666,0,0.0,0.0,0.0,0.0,0,none,0,1,0,overconfident,0.95,0,mild_drift,0.9431903454457753,0.0014712607199143714,0.7264908290679376,0.8444428464289842,1768042051.3026717,0.12242374569177628,0.18105457723140717
395,25280,25279,sea_abrupt4,sea,ts_drift_adapt,3,"error_divergence_ph_meta@error.threshold=0.10,error.min_instances=5",error_divergence_ph_meta,"{""divergence"": {""alpha"": 0.1, ""delta"": 0.005, ""min_instances"": 30, ""threshold"": 0.05}, ""error_rate"": {""alpha"": 0.15, ""delta"": 0.005, ""min_instances"": 5, ""threshold"": 0.1}}","{""error_rate"": {""min_instances"": 5, ""threshold"": 0.1}}",0.1,0.005,0.15,5,0.05,0.005,0.1,30,,,,-1,two_stage,2,0.5,"__confirm_cooldown=200,divergence=0.3,error_rate=0.5,teacher_entropy=0.2",3,0,200,0.0,0,10000,10.0,25.0,200,500,1,72,1.0,0.8487341772151898,0.6298103540265672,0.0,0.24820108711719513,0.013166267424821854,0,0,77,77,-1,weighted,,,0,0,0,0.0,0.003730807453393936,0,0.0,0.0,0.0,0.0,0,none,0,1,0,overconfident,0.95,0,mild_drift,0.9517451727228876,0.0013856303599571857,0.7632454145339689,0.8497214232144921,1768042051.3142638,0.20528028905391693,0.12110047042369843
396,25344,25343,sea_abrupt4,sea,ts_drift_adapt,3,"error_divergence_ph_meta@error.threshold=0.10,error.min_instances=5",error_divergence_ph_meta,"{""divergence"": {""alpha"": 0.1, ""delta"": 0.005, ""min_instances"": 30, ""threshold"": 0.05}, ""error_rate"": {""alpha"": 0.15, ""delta"": 0.005, ""min_instances"": 5, ""threshold"": 0.1}}","{""error_rate"": {""min_instances"": 5, ""threshold"": 0.1}}",0.1,0.005,0.15,5,0.05,0.005,0.1,30,,,,-1,two_stage,2,0.5,"__confirm_cooldown=200,divergence=0.3,error_rate=0.5,teacher_entropy=0.2",3,0,200,0.0,0,10000,10.0,25.0,200,500,1,8,1.0,0.8488794191919192,0.6303716779134235,0.0,0.2733362913131714,0.01596427895128727,0,0,77,77,-1,weighted,,,0,0,0,0.0,0.002798011526465416,0,0.0,0.0,0.0,0.0,0,none,0,1,0,overconfident,0.95,0,mild_drift,0.9560225863614438,0.001342815179978593,0.7816227072669845,0.852360711607246,1768042051.3259969,0.12060704827308655,0.15848855674266815
397,25408,25407,sea_abrupt4,sea,ts_drift_adapt,3,"error_divergence_ph_meta@error.threshold=0.10,error.min_instances=5",error_divergence_ph_meta,"{""divergence"": {""alpha"": 0.1, ""delta"": 0.005, ""min_instances"": 30, ""threshold"": 0.05}, ""error_rate"": {""alpha"": 0.15, ""delta"": 0.005, ""min_instances"": 5, ""threshold"": 0.1}}","{""error_rate"": {""min_instances"": 5, ""threshold"": 0.1}}",0.1,0.005,0.15,5,0.05,0.005,0.1,30,,,,-1,two_stage,2,0.5,"__confirm_cooldown=200,divergence=0.3,error_rate=0.5,teacher_entropy=0.2",3,0,200,0.0,0,10000,10.0,25.0,200,500,0,0,1.0,0.8491420025188917,0.6308926371610091,0.0,0.2170751988887787,0.014980940148234367,0,0,77,77,-1,weighted,,,0,0,0,0.0,0.0009833388030529022,0,0.0,0.0,0.0,0.0,0,none,0,1,0,overconfident,0.95,0,mild_drift,0.9581612931807219,0.0013214075899892967,0.7908113536334922,0.853680355803623,1768042051.337703,0.09050995856523514,0.1175076812505722
398,25472,25471,sea_abrupt4,sea,ts_drift_adapt,3,"error_divergence_ph_meta@error.threshold=0.10,error.min_instances=5",error_divergence_ph_meta,"{""divergence"": {""alpha"": 0.1, ""delta"": 0.005, ""min_instances"": 30, ""threshold"": 0.05}, ""error_rate"": {""alpha"": 0.15, ""delta"": 0.005, ""min_instances"": 5, ""threshold"": 0.1}}","{""error_rate"": {""min_instances"": 5, ""threshold"": 0.1}}",0.1,0.005,0.15,5,0.05,0.005,0.1,30,,,,-1,two_stage,2,0.5,"__confirm_cooldown=200,divergence=0.3,error_rate=0.5,teacher_entropy=0.2",3,0,200,0.0,0,10000,10.0,25.0,200,500,0,0,1.0,0.8493640075376885,0.6313944493929908,0.16666666666666666,0.23243698477745056,0.010605059564113617,1,1,78,78,0,weighted,,,0,0,0,0.0,0.16666666666666666,1,0.5,0.0,0.0,0.0,0,none,1,1,0,overconfident,0.95,0,stable,0.9740806465903609,0.0010607037949946483,0.8954056768167461,0.8993401779018115,1768042051.3491452,0.1704884171485901,0.11735047399997711
399,25536,25535,sea_abrupt4,sea,ts_drift_adapt,3,"error_divergence_ph_meta@error.threshold=0.10,error.min_instances=5",error_divergence_ph_meta,"{""divergence"": {""alpha"": 0.1, ""delta"": 0.005, ""min_instances"": 30, ""threshold"": 0.05}, ""error_rate"": {""alpha"": 0.15, ""delta"": 0.005, ""min_instances"": 5, ""threshold"": 0.1}}","{""error_rate"": {""min_instances"": 5, ""threshold"": 0.1}}",0.1,0.005,0.15,5,0.05,0.005,0.1,30,,,,-1,two_stage,2,0.5,"__confirm_cooldown=200,divergence=0.3,error_rate=0.5,teacher_entropy=0.2",3,0,200,0.0,0,10000,10.0,25.0,200,500,1,136,1.0,0.849545739348371,0.631907519933355,0.0,0.19981782138347626,0.007801735308021307,0,0,78,78,-1,weighted,,,0,0,0,0.0,0.16666666666666666,0,0.0,0.0,0.0,0.0,0,none,0,1,0,overconfident,0.95,0,mild_drift,0.9671903232951804,0.0011803518974973243,0.8477028384083731,0.8771700889509058,1768042051.3609428,0.055730029940605164,0.07461269199848175
400,25600,25599,sea_abrupt4,sea,ts_drift_adapt,3,"error_divergence_ph_meta@error.threshold=0.10,error.min_instances=5",error_divergence_ph_meta,"{""divergence"": {""alpha"": 0.1, ""delta"": 0.005, ""min_instances"": 30, ""threshold"": 0.05}, ""error_rate"": {""alpha"": 0.15, ""delta"": 0.005, ""min_instances"": 5, ""threshold"": 0.1}}","{""error_rate"": {""min_instances"": 5, ""threshold"": 0.1}}",0.1,0.005,0.15,5,0.05,0.005,0.1,30,,,,-1,two_stage,2,0.5,"__confirm_cooldown=200,divergence=0.3,error_rate=0.5,teacher_entropy=0.2",3,0,200,0.0,0,10000,10.0,25.0,200,500,1,72,1.0,0.8497265625,0.6324432214513617,0.16666666666666666,0.21610547602176666,0.010662089101970196,0,0,78,78,-1,weighted,,,0,0,0,0.0,0.16666666666666666,0,0.0,0.0,0.0,0.0,0,none,0,1,0,overconfident,0.95,0,mild_drift,0.9637451616475902,0.0012401759487486621,0.8238514192041866,0.8660850444754529,1768042051.372781,0.21357764303684235,0.08019743859767914
401,25664,25663,sea_abrupt4,sea,ts_drift_adapt,3,"error_divergence_ph_meta@error.threshold=0.10,error.min_instances=5",error_divergence_ph_meta,"{""divergence"": {""alpha"": 0.1, ""delta"": 0.005, ""min_instances"": 30, ""threshold"": 0.05}, ""error_rate"": {""alpha"": 0.15, ""delta"": 0.005, ""min_instances"": 5, ""threshold"": 0.1}}","{""error_rate"": {""min_instances"": 5, ""threshold"": 0.1}}",0.1,0.005,0.15,5,0.05,0.005,0.1,30,,,,-1,two_stage,2,0.5,"__confirm_cooldown=200,divergence=0.3,error_rate=0.5,teacher_entropy=0.2",3,0,200,0.0,0,10000,10.0,25.0,200,500,1,8,1.0,0.8499454488778054,0.633088821078377,0.16666666666666666,0.23466230928897858,0.020549152046442032,0,0,78,78,-1,weighted,,,0,0,0,0.0,0.009887062944471836,0,0.0,0.0,0.0,0.0,0,none,0,1,0,overconfident,0.95,0,mild_drift,0.962022580823795,0.0012700879743743313,0.8119257096020933,0.8605425222377264,1768042051.3841274,0.3857708275318146,0.15033544600009918
402,25728,25727,sea_abrupt4,sea,ts_drift_adapt,3,"error_divergence_ph_meta@error.threshold=0.10,error.min_instances=5",error_divergence_ph_meta,"{""divergence"": {""alpha"": 0.1, ""delta"": 0.005, ""min_instances"": 30, ""threshold"": 0.05}, ""error_rate"": {""alpha"": 0.15, ""delta"": 0.005, ""min_instances"": 5, ""threshold"": 0.1}}","{""error_rate"": {""min_instances"": 5, ""threshold"": 0.1}}",0.1,0.005,0.15,5,0.05,0.005,0.1,30,,,,-1,two_stage,2,0.5,"__confirm_cooldown=200,divergence=0.3,error_rate=0.5,teacher_entropy=0.2",3,0,200,0.0,0,10000,10.0,25.0,200,500,0,0,1.0,0.8500466417910447,0.6333125974384797,0.0,0.2272779494524002,0.02111474983394146,0,0,78,78,-1,weighted,,,0,0,0,0.0,0.16666666666666666,0,0.0,0.0,0.0,0.0,0,none,0,1,0,overconfident,0.95,0,mild_drift,0.9611612904118975,0.0012850439871871658,0.8059628548010467,0.8577712611188633,1768042051.3958635,0.011998583562672138,0.17341530323028564
403,25792,25791,sea_abrupt4,sea,ts_drift_adapt,3,"error_divergence_ph_meta@error.threshold=0.10,error.min_instances=5",error_divergence_ph_meta,"{""divergence"": {""alpha"": 0.1, ""delta"": 0.005, ""min_instances"": 30, ""threshold"": 0.05}, ""error_rate"": {""alpha"": 0.15, ""delta"": 0.005, ""min_instances"": 5, ""threshold"": 0.1}}","{""error_rate"": {""min_instances"": 5, ""threshold"": 0.1}}",0.1,0.005,0.15,5,0.05,0.005,0.1,30,,,,-1,two_stage,2,0.5,"__confirm_cooldown=200,divergence=0.3,error_rate=0.5,teacher_entropy=0.2",3,0,200,0.0,0,10000,10.0,25.0,200,500,0,0,1.0,0.8502248759305211,0.6337200077536244,0.0,0.24007996916770935,0.01624380610883236,1,1,79,79,0,weighted,,,0,0,0,0.16666666666666666,0.0048709437251091,1,0.5,0.0,0.0,0.0,0,none,1,1,0,overconfident,0.95,0,severe_drift,0.9260806452059487,0.001642521993593583,0.6529814274005233,0.8338856305594317,1768042051.407517,0.008013938553631306,0.1265859603881836
404,25856,25855,sea_abrupt4,sea,ts_drift_adapt,3,"error_divergence_ph_meta@error.threshold=0.10,error.min_instances=5",error_divergence_ph_meta,"{""divergence"": {""alpha"": 0.1, ""delta"": 0.005, ""min_instances"": 30, ""threshold"": 0.05}, ""error_rate"": {""alpha"": 0.15, ""delta"": 0.005, ""min_instances"": 5, ""threshold"": 0.1}}","{""error_rate"": {""min_instances"": 5, ""threshold"": 0.1}}",0.1,0.005,0.15,5,0.05,0.005,0.1,30,,,,-1,two_stage,2,0.5,"__confirm_cooldown=200,divergence=0.3,error_rate=0.5,teacher_entropy=0.2",3,0,200,0.0,0,10000,10.0,25.0,200,500,1,136,1.0,0.8504795792079208,0.6344093023255133,0.0,0.22579888999462128,0.00976810697466135,0,0,79,79,-1,weighted,,,0,0,0,0.0,0.006475699134171009,0,0.0,0.0,0.0,0.0,0,none,0,1,0,overconfident,0.95,0,mild_drift,0.9431903226029743,0.0014712609967967917,0.7264907137002616,0.8444428152797159,1768042051.4194338,0.011191216297447681,0.09976661205291748
405,25920,25919,sea_abrupt4,sea,ts_drift_adapt,3,"error_divergence_ph_meta@error.threshold=0.10,error.min_instances=5",error_divergence_ph_meta,"{""divergence"": {""alpha"": 0.1, ""delta"": 0.005, ""min_instances"": 30, ""threshold"": 0.05}, ""error_rate"": {""alpha"": 0.15, ""delta"": 0.005, ""min_instances"": 5, ""threshold"": 0.1}}","{""error_rate"": {""min_instances"": 5, ""threshold"": 0.1}}",0.1,0.005,0.15,5,0.05,0.005,0.1,30,,,,-1,two_stage,2,0.5,"__confirm_cooldown=200,divergence=0.3,error_rate=0.5,teacher_entropy=0.2",3,0,200,0.0,0,10000,10.0,25.0,200,500,1,72,1.0,0.8506172839506173,0.6346108960487197,0.0,0.20243996381759644,0.014855553396046162,0,0,79,79,-1,weighted,,,0,0,0,0.0,0.005087446421384811,0,0.0,0.0,0.0,0.0,0,none,0,1,0,overconfident,0.95,0,mild_drift,0.9517451613014871,0.001385630498398396,0.7632453568501308,0.8497214076398579,1768042051.4338918,0.04425511881709099,0.1541433483362198
406,25984,25983,sea_abrupt4,sea,ts_drift_adapt,3,"error_divergence_ph_meta@error.threshold=0.10,error.min_instances=5",error_divergence_ph_meta,"{""divergence"": {""alpha"": 0.1, ""delta"": 0.005, ""min_instances"": 30, ""threshold"": 0.05}, ""error_rate"": {""alpha"": 0.15, ""delta"": 0.005, ""min_instances"": 5, ""threshold"": 0.1}}","{""error_rate"": {""min_instances"": 5, ""threshold"": 0.1}}",0.1,0.005,0.15,5,0.05,0.005,0.1,30,,,,-1,two_stage,2,0.5,"__confirm_cooldown=200,divergence=0.3,error_rate=0.5,teacher_entropy=0.2",3,0,200,0.0,0,10000,10.0,25.0,200,500,1,8,1.0,0.8507927955665024,0.635225145021406,0.3333333333333333,0.23847468197345734,0.012688986957073212,0,0,79,79,-1,weighted,,,0,0,0,0.0,0.3333333333333333,0,0.0,0.0,0.0,0.0,0,none,0,1,0,overconfident,0.95,0,mild_drift,0.9560225806507435,0.001342815249199198,0.7816226784250655,0.852360703819929,1768042051.4483058,0.5705541968345642,0.10260482132434845
407,26048,26047,sea_abrupt4,sea,ts_drift_adapt,3,"error_divergence_ph_meta@error.threshold=0.10,error.min_instances=5",error_divergence_ph_meta,"{""divergence"": {""alpha"": 0.1, ""delta"": 0.005, ""min_instances"": 30, ""threshold"": 0.05}, ""error_rate"": {""alpha"": 0.15, ""delta"": 0.005, ""min_instances"": 5, ""threshold"": 0.1}}","{""error_rate"": {""min_instances"": 5, ""threshold"": 0.1}}",0.1,0.005,0.15,5,0.05,0.005,0.1,30,,,,-1,two_stage,2,0.5,"__confirm_cooldown=200,divergence=0.3,error_rate=0.5,teacher_entropy=0.2",3,0,200,0.0,0,10000,10.0,25.0,200,500,0,0,1.0,0.8510058353808354,0.6359711872296412,0.16666666666666666,0.231550395488739,0.013153902254998684,0,0,79,79,-1,weighted,,,0,0,0,0.0,0.16666666666666666,0,0.0,0.0,0.0,0.0,0,none,0,1,0,overconfident,0.95,0,mild_drift,0.9581612903253718,0.0013214076245995992,0.7908113392125328,0.8536803519099645,1768042051.46155,0.16196824610233307,0.10545435547828674
408,26112,26111,sea_abrupt4,sea,ts_drift_adapt,3,"error_divergence_ph_meta@error.threshold=0.10,error.min_instances=5",error_divergence_ph_meta,"{""divergence"": {""alpha"": 0.1, ""delta"": 0.005, ""min_instances"": 30, ""threshold"": 0.05}, ""error_rate"": {""alpha"": 0.15, ""delta"": 0.005, ""min_instances"": 5, ""threshold"": 0.1}}","{""error_rate"": {""min_instances"": 5, ""threshold"": 0.1}}",0.1,0.005,0.15,5,0.05,0.005,0.1,30,,,,-1,two_stage,2,0.5,"__confirm_cooldown=200,divergence=0.3,error_rate=0.5,teacher_entropy=0.2",3,0,200,0.0,0,10000,10.0,25.0,200,500,0,0,1.0,0.8511412377450981,0.6363595924071215,0.16666666666666666,0.2926011383533478,0.01520342007279396,1,1,80,80,0,weighted,,,0,0,0,0.16666666666666666,0.0020495178177952766,1,0.5,0.0,0.0,0.0,0,none,1,1,0,overconfident,0.95,0,severe_drift,0.9245806451626859,0.0016607038122997996,0.6454056696062664,0.8318401759549823,1768042051.473048,0.16995270550251007,0.11624075472354889
409,26176,26175,sea_abrupt4,sea,ts_drift_adapt,3,"error_divergence_ph_meta@error.threshold=0.10,error.min_instances=5",error_divergence_ph_meta,"{""divergence"": {""alpha"": 0.1, ""delta"": 0.005, ""min_instances"": 30, ""threshold"": 0.05}, ""error_rate"": {""alpha"": 0.15, ""delta"": 0.005, ""min_instances"": 5, ""threshold"": 0.1}}","{""error_rate"": {""min_instances"": 5, ""threshold"": 0.1}}",0.1,0.005,0.15,5,0.05,0.005,0.1,30,,,,-1,two_stage,2,0.5,"__confirm_cooldown=200,divergence=0.3,error_rate=0.5,teacher_entropy=0.2",3,0,200,0.0,0,10000,10.0,25.0,200,500,1,136,1.0,0.85127597799511,0.6367357442854283,0.3333333333333333,0.22826023399829865,0.012728173285722733,0,0,80,80,-1,weighted,,,0,0,0,0.0,0.16666666666666666,0,0.0,0.0,0.0,0.0,0,none,0,1,0,overconfident,0.95,0,mild_drift,0.9424403225813429,0.0014803519061498999,0.7227028348031332,0.8434200879774911,1768042051.4846356,0.5315011143684387,0.11196455359458923
410,26240,26239,sea_abrupt4,sea,ts_drift_adapt,3,"error_divergence_ph_meta@error.threshold=0.10,error.min_instances=5",error_divergence_ph_meta,"{""divergence"": {""alpha"": 0.1, ""delta"": 0.005, ""min_instances"": 30, ""threshold"": 0.05}, ""error_rate"": {""alpha"": 0.15, ""delta"": 0.005, ""min_instances"": 5, ""threshold"": 0.1}}","{""error_rate"": {""min_instances"": 5, ""threshold"": 0.1}}",0.1,0.005,0.15,5,0.05,0.005,0.1,30,,,,-1,two_stage,2,0.5,"__confirm_cooldown=200,divergence=0.3,error_rate=0.5,teacher_entropy=0.2",3,0,200,0.0,0,10000,10.0,25.0,200,500,1,72,1.0,0.8514481707317073,0.6371814031688794,0.5,0.2834624946117401,0.02051502652466297,0,0,80,80,-1,weighted,,,0,0,0,0.0,0.16666666666666669,0,0.0,0.0,0.0,0.0,0,none,0,1,0,overconfident,0.95,0,mild_drift,0.9513701612906714,0.0013901759530749501,0.7613514174015666,0.8492100439887456,1768042051.4964256,0.7748388648033142,0.2240600883960724
411,26304,26303,sea_abrupt4,sea,ts_drift_adapt,3,"error_divergence_ph_meta@error.threshold=0.10,error.min_instances=5",error_divergence_ph_meta,"{""divergence"": {""alpha"": 0.1, ""delta"": 0.005, ""min_instances"": 30, ""threshold"": 0.05}, ""error_rate"": {""alpha"": 0.15, ""delta"": 0.005, ""min_instances"": 5, ""threshold"": 0.1}}","{""error_rate"": {""min_instances"": 5, ""threshold"": 0.1}}",0.1,0.005,0.15,5,0.05,0.005,0.1,30,,,,-1,two_stage,2,0.5,"__confirm_cooldown=200,divergence=0.3,error_rate=0.5,teacher_entropy=0.2",3,0,200,0.0,0,10000,10.0,25.0,200,500,1,8,1.0,0.851543491484185,0.6375598762791194,0.16666666666666666,0.23383329808712006,0.017542686313390732,0,0,80,80,-1,weighted,,,0,0,0,0.0,0.33333333333333337,0,0.0,0.0,0.0,0.0,0,none,0,1,0,overconfident,0.95,0,mild_drift,0.9558350806453357,0.001345087976537475,0.7806757087007834,0.8521050219943728,1768042051.50831,0.24695871770381927,0.19393233954906464
412,26368,26367,sea_abrupt4,sea,ts_drift_adapt,3,"error_divergence_ph_meta@error.threshold=0.10,error.min_instances=5",error_divergence_ph_meta,"{""divergence"": {""alpha"": 0.1, ""delta"": 0.005, ""min_instances"": 30, ""threshold"": 0.05}, ""error_rate"": {""alpha"": 0.15, ""delta"": 0.005, ""min_instances"": 5, ""threshold"": 0.1}}","{""error_rate"": {""min_instances"": 5, ""threshold"": 0.1}}",0.1,0.005,0.15,5,0.05,0.005,0.1,30,,,,-1,two_stage,2,0.5,"__confirm_cooldown=200,divergence=0.3,error_rate=0.5,teacher_entropy=0.2",3,0,200,0.0,0,10000,10.0,25.0,200,500,0,0,1.0,0.8516762742718447,0.6382516427001634,0.0,0.25170087814331055,0.015201447531580925,0,0,80,80,-1,weighted,,,0,0,0,0.0,0.16666666666666666,0,0.0,0.0,0.0,0.0,0,none,0,1,0,overconfident,0.95,0,mild_drift,0.9580675403226678,0.0013225439882687375,0.7903378543503917,0.8535525109971864,1768042051.5200076,0.07677043229341507,0.1299978345632553
413,26432,26431,sea_abrupt4,sea,ts_drift_adapt,3,"error_divergence_ph_meta@error.threshold=0.10,error.min_instances=5",error_divergence_ph_meta,"{""divergence"": {""alpha"": 0.1, ""delta"": 0.005, ""min_instances"": 30, ""threshold"": 0.05}, ""error_rate"": {""alpha"": 0.15, ""delta"": 0.005, ""min_instances"": 5, ""threshold"": 0.1}}","{""error_rate"": {""min_instances"": 5, ""threshold"": 0.1}}",0.1,0.005,0.15,5,0.05,0.005,0.1,30,,,,-1,two_stage,2,0.5,"__confirm_cooldown=200,divergence=0.3,error_rate=0.5,teacher_entropy=0.2",3,0,200,0.0,0,10000,10.0,25.0,200,500,0,0,1.0,0.8518840799031477,0.6387504309945895,0.16666666666666666,0.23697523772716522,0.006598327308893204,1,1,81,81,0,weighted,,,0,0,0,0.0,0.16666666666666666,1,0.5,0.0,0.0,0.0,0,none,1,1,0,overconfident,0.95,0,stable,0.974033770161334,0.0010612719941343687,0.8951689271751959,0.8992762554985932,1768042051.5317712,0.34670838713645935,0.0643002986907959
414,26496,26495,sea_abrupt4,sea,ts_drift_adapt,3,"error_divergence_ph_meta@error.threshold=0.10,error.min_instances=5",error_divergence_ph_meta,"{""divergence"": {""alpha"": 0.1, ""delta"": 0.005, ""min_instances"": 30, ""threshold"": 0.05}, ""error_rate"": {""alpha"": 0.15, ""delta"": 0.005, ""min_instances"": 5, ""threshold"": 0.1}}","{""error_rate"": {""min_instances"": 5, ""threshold"": 0.1}}",0.1,0.005,0.15,5,0.05,0.005,0.1,30,,,,-1,two_stage,2,0.5,"__confirm_cooldown=200,divergence=0.3,error_rate=0.5,teacher_entropy=0.2",3,0,200,0.0,0,10000,10.0,25.0,200,500,1,136,1.0,0.8519399154589372,0.6387355905824844,0.16666666666666666,0.23634223639965057,0.01356683298945427,0,0,81,81,-1,weighted,,,0,0,0,0.0,0.006968505680561066,0,0.0,0.0,0.0,0.0,0,none,0,1,0,overconfident,0.95,0,mild_drift,0.967166885080667,0.0011806359970671844,0.847584463587598,0.8771381277492967,1768042051.5436697,0.20261584222316742,0.12057069689035416
415,26560,26559,sea_abrupt4,sea,ts_drift_adapt,3,"error_divergence_ph_meta@error.threshold=0.10,error.min_instances=5",error_divergence_ph_meta,"{""divergence"": {""alpha"": 0.1, ""delta"": 0.005, ""min_instances"": 30, ""threshold"": 0.05}, ""error_rate"": {""alpha"": 0.15, ""delta"": 0.005, ""min_instances"": 5, ""threshold"": 0.1}}","{""error_rate"": {""min_instances"": 5, ""threshold"": 0.1}}",0.1,0.005,0.15,5,0.05,0.005,0.1,30,,,,-1,two_stage,2,0.5,"__confirm_cooldown=200,divergence=0.3,error_rate=0.5,teacher_entropy=0.2",3,0,200,0.0,0,10000,10.0,25.0,200,500,1,72,1.0,0.8521084337349397,0.639184251219946,0.0,0.23039056360721588,0.014656327664852142,0,0,81,81,-1,weighted,,,0,0,0,0.0,0.16666666666666666,0,0.0,0.0,0.0,0.0,0,none,0,1,0,overconfident,0.95,0,mild_drift,0.9637334425403334,0.0012403179985335923,0.823792231793799,0.8660690638746483,1768042051.5555182,0.181244894862175,0.0995582565665245
416,26624,26623,sea_abrupt4,sea,ts_drift_adapt,3,"error_divergence_ph_meta@error.threshold=0.10,error.min_instances=5",error_divergence_ph_meta,"{""divergence"": {""alpha"": 0.1, ""delta"": 0.005, ""min_instances"": 30, ""threshold"": 0.05}, ""error_rate"": {""alpha"": 0.15, ""delta"": 0.005, ""min_instances"": 5, ""threshold"": 0.1}}","{""error_rate"": {""min_instances"": 5, ""threshold"": 0.1}}",0.1,0.005,0.15,5,0.05,0.005,0.1,30,,,,-1,two_stage,2,0.5,"__confirm_cooldown=200,divergence=0.3,error_rate=0.5,teacher_entropy=0.2",3,0,200,0.0,0,10000,10.0,25.0,200,500,1,8,1.0,0.8522761418269231,0.6395123734210916,0.0,0.19010116159915924,0.011645536869764328,0,0,81,81,-1,weighted,,,0,0,0,0.0,0.0030107907950878143,0,0.0,0.0,0.0,0.0,0,none,0,1,0,overconfident,0.95,0,mild_drift,0.9620167212701667,0.0012701589992667962,0.8118961158968996,0.8605345319373241,1768042051.567759,0.15172332525253296,0.0928041860461235
417,26688,26687,sea_abrupt4,sea,ts_drift_adapt,3,"error_divergence_ph_meta@error.threshold=0.10,error.min_instances=5",error_divergence_ph_meta,"{""divergence"": {""alpha"": 0.1, ""delta"": 0.005, ""min_instances"": 30, ""threshold"": 0.05}, ""error_rate"": {""alpha"": 0.15, ""delta"": 0.005, ""min_instances"": 5, ""threshold"": 0.1}}","{""error_rate"": {""min_instances"": 5, ""threshold"": 0.1}}",0.1,0.005,0.15,5,0.05,0.005,0.1,30,,,,-1,two_stage,2,0.5,"__confirm_cooldown=200,divergence=0.3,error_rate=0.5,teacher_entropy=0.2",3,0,200,0.0,0,10000,10.0,25.0,200,500,0,0,1.0,0.8524055755395683,0.6399341006032393,0.16666666666666666,0.2219032198190689,0.014195237308740616,0,0,81,81,-1,weighted,,,0,0,0,0.0,0.16666666666666666,0,0.0,0.0,0.0,0.0,0,none,0,1,0,overconfident,0.95,0,mild_drift,0.9611583606350833,0.0012850794996333982,0.8059480579484498,0.857767265968662,1768042051.579022,0.39169588685035706,0.11763519048690796
418,26752,26751,sea_abrupt4,sea,ts_drift_adapt,3,"error_divergence_ph_meta@error.threshold=0.10,error.min_instances=5",error_divergence_ph_meta,"{""divergence"": {""alpha"": 0.1, ""delta"": 0.005, ""min_instances"": 30, ""threshold"": 0.05}, ""error_rate"": {""alpha"": 0.15, ""delta"": 0.005, ""min_instances"": 5, ""threshold"": 0.1}}","{""error_rate"": {""min_instances"": 5, ""threshold"": 0.1}}",0.1,0.005,0.15,5,0.05,0.005,0.1,30,,,,-1,two_stage,2,0.5,"__confirm_cooldown=200,divergence=0.3,error_rate=0.5,teacher_entropy=0.2",3,0,200,0.0,0,10000,10.0,25.0,200,500,0,0,1.0,0.8526465311004785,0.6404651189430991,0.16666666666666666,0.20763139426708221,0.011684391647577286,1,1,82,82,0,weighted,,,0,0,0,0.0,0.00251084566116333,1,0.5,0.0,0.0,0.0,0,none,1,1,0,overconfident,0.95,0,stable,0.9755791803175416,0.001042539749816699,0.902974028974225,0.901383632984331,1768042051.5902135,0.4167386591434479,0.096342071890831
419,26816,26815,sea_abrupt4,sea,ts_drift_adapt,3,"error_divergence_ph_meta@error.threshold=0.10,error.min_instances=5",error_divergence_ph_meta,"{""divergence"": {""alpha"": 0.1, ""delta"": 0.005, ""min_instances"": 30, ""threshold"": 0.05}, ""error_rate"": {""alpha"": 0.15, ""delta"": 0.005, ""min_instances"": 5, ""threshold"": 0.1}}","{""error_rate"": {""min_instances"": 5, ""threshold"": 0.1}}",0.1,0.005,0.15,5,0.05,0.005,0.1,30,,,,-1,two_stage,2,0.5,"__confirm_cooldown=200,divergence=0.3,error_rate=0.5,teacher_entropy=0.2",3,0,200,0.0,0,10000,10.0,25.0,200,500,1,136,1.0,0.8527744630071599,0.6407888281022072,0.0,0.25668400526046753,0.02217727154493332,0,0,82,82,-1,weighted,,,0,0,0,0.0,0.16666666666666666,0,0.0,0.0,0.0,0.0,0,none,0,1,0,overconfident,0.95,0,mild_drift,0.9679395901587708,0.0011712698749083497,0.8514870144871125,0.8781918164921655,1768042051.6015196,0.06119897589087486,0.1527956873178482
420,26880,26879,sea_abrupt4,sea,ts_drift_adapt,3,"error_divergence_ph_meta@error.threshold=0.10,error.min_instances=5",error_divergence_ph_meta,"{""divergence"": {""alpha"": 0.1, ""delta"": 0.005, ""min_instances"": 30, ""threshold"": 0.05}, ""error_rate"": {""alpha"": 0.15, ""delta"": 0.005, ""min_instances"": 5, ""threshold"": 0.1}}","{""error_rate"": {""min_instances"": 5, ""threshold"": 0.1}}",0.1,0.005,0.15,5,0.05,0.005,0.1,30,,,,-1,two_stage,2,0.5,"__confirm_cooldown=200,divergence=0.3,error_rate=0.5,teacher_entropy=0.2",3,0,200,0.0,0,10000,10.0,25.0,200,500,1,72,1.0,0.853125,0.6416555923968513,0.0,0.16724199056625366,0.01064759399741888,0,0,82,82,-1,weighted,,,0,0,0,0.0,0.011529677547514439,0,0.0,0.0,0.0,0.0,0,none,0,1,0,overconfident,0.95,0,mild_drift,0.9641197950793854,0.0012356349374541748,0.8257435072435563,0.8665959082460828,1768042051.612761,0.17364466190338135,0.13521119952201843
421,26944,26943,sea_abrupt4,sea,ts_drift_adapt,3,"error_divergence_ph_meta@error.threshold=0.10,error.min_instances=5",error_divergence_ph_meta,"{""divergence"": {""alpha"": 0.1, ""delta"": 0.005, ""min_instances"": 30, ""threshold"": 0.05}, ""error_rate"": {""alpha"": 0.15, ""delta"": 0.005, ""min_instances"": 5, ""threshold"": 0.1}}","{""error_rate"": {""min_instances"": 5, ""threshold"": 0.1}}",0.1,0.005,0.15,5,0.05,0.005,0.1,30,,,,-1,two_stage,2,0.5,"__confirm_cooldown=200,divergence=0.3,error_rate=0.5,teacher_entropy=0.2",3,0,200,0.0,0,10000,10.0,25.0,200,500,1,8,1.0,0.8530656175771971,0.6415428453688186,0.3333333333333333,0.2348206788301468,0.021259963512420654,0,0,82,82,-1,weighted,,,0,0,0,0.0,0.3333333333333333,0,0.0,0.0,0.0,0.0,0,none,0,1,0,overconfident,0.95,0,mild_drift,0.9622098975396927,0.0012678174687270876,0.8128717536217782,0.8607979541230414,1768042051.6238616,0.4801969528198242,0.1782662272453308
422,27008,27007,sea_abrupt4,sea,ts_drift_adapt,3,"error_divergence_ph_meta@error.threshold=0.10,error.min_instances=5",error_divergence_ph_meta,"{""divergence"": {""alpha"": 0.1, ""delta"": 0.005, ""min_instances"": 30, ""threshold"": 0.05}, ""error_rate"": {""alpha"": 0.15, ""delta"": 0.005, ""min_instances"": 5, ""threshold"": 0.1}}","{""error_rate"": {""min_instances"": 5, ""threshold"": 0.1}}",0.1,0.005,0.15,5,0.05,0.005,0.1,30,,,,-1,two_stage,2,0.5,"__confirm_cooldown=200,divergence=0.3,error_rate=0.5,teacher_entropy=0.2",3,0,200,0.0,0,10000,10.0,25.0,200,500,0,0,1.0,0.8531916469194313,0.6420139972702505,0.0,0.2335284948348999,0.010695644654333591,0,0,82,82,-1,weighted,,,0,0,0,0.0,0.3333333333333333,0,0.0,0.0,0.0,0.0,0,none,0,1,0,overconfident,0.95,0,mild_drift,0.9612549487698463,0.0012839087343635438,0.8064358768108891,0.8578989770615206,1768042051.6382575,0.08620009571313858,0.09121812880039215
423,27072,27071,sea_abrupt4,sea,ts_drift_adapt,3,"error_divergence_ph_meta@error.threshold=0.10,error.min_instances=5",error_divergence_ph_meta,"{""divergence"": {""alpha"": 0.1, ""delta"": 0.005, ""min_instances"": 30, ""threshold"": 0.05}, ""error_rate"": {""alpha"": 0.15, ""delta"": 0.005, ""min_instances"": 5, ""threshold"": 0.1}}","{""error_rate"": {""min_instances"": 5, ""threshold"": 0.1}}",0.1,0.005,0.15,5,0.05,0.005,0.1,30,,,,-1,two_stage,2,0.5,"__confirm_cooldown=200,divergence=0.3,error_rate=0.5,teacher_entropy=0.2",3,0,200,0.0,0,10000,10.0,25.0,200,500,0,0,1.0,0.8533909574468085,0.642575074498587,0.0,0.21729597449302673,0.015135347843170166,1,1,83,83,0,weighted,,,0,0,0,0.16666666666666666,0.0044397031888365746,1,0.5,0.0,0.0,0.0,0,none,1,1,0,overconfident,0.95,0,severe_drift,0.9261274743849232,0.001641954367181772,0.6532179384054446,0.8339494885307603,1768042051.6525657,0.11527124792337418,0.1445334553718567
424,27136,27135,sea_abrupt4,sea,ts_drift_adapt,3,"error_divergence_ph_meta@error.threshold=0.10,error.min_instances=5",error_divergence_ph_meta,"{""divergence"": {""alpha"": 0.1, ""delta"": 0.005, ""min_instances"": 30, ""threshold"": 0.05}, ""error_rate"": {""alpha"": 0.15, ""delta"": 0.005, ""min_instances"": 5, ""threshold"": 0.1}}","{""error_rate"": {""min_instances"": 5, ""threshold"": 0.1}}",0.1,0.005,0.15,5,0.05,0.005,0.1,30,,,,-1,two_stage,2,0.5,"__confirm_cooldown=200,divergence=0.3,error_rate=0.5,teacher_entropy=0.2",3,0,200,0.0,0,10000,10.0,25.0,200,500,1,136,1.0,0.8535893278301887,0.6429911201815838,0.16666666666666666,0.2767525017261505,0.014793640933930874,0,0,83,83,-1,weighted,,,0,0,0,0.0,0.16666666666666666,0,0.0,0.0,0.0,0.0,0,none,0,1,0,overconfident,0.95,0,mild_drift,0.9432137371924616,0.001470977183590886,0.7266089692027223,0.8444747442653802,1768042051.666358,0.18847699463367462,0.16947759687900543
425,27200,27199,sea_abrupt4,sea,ts_drift_adapt,3,"error_divergence_ph_meta@error.threshold=0.10,error.min_instances=5",error_divergence_ph_meta,"{""divergence"": {""alpha"": 0.1, ""delta"": 0.005, ""min_instances"": 30, ""threshold"": 0.05}, ""error_rate"": {""alpha"": 0.15, ""delta"": 0.005, ""min_instances"": 5, ""threshold"": 0.1}}","{""error_rate"": {""min_instances"": 5, ""threshold"": 0.1}}",0.1,0.005,0.15,5,0.05,0.005,0.1,30,,,,-1,two_stage,2,0.5,"__confirm_cooldown=200,divergence=0.3,error_rate=0.5,teacher_entropy=0.2",3,0,200,0.0,0,10000,10.0,25.0,200,500,1,72,1.0,0.8537132352941177,0.6433633812544735,0.16666666666666666,0.2738758325576782,0.021314261481165886,0,0,83,83,-1,weighted,,,0,0,0,0.0,0.006520620547235012,0,0.0,0.0,0.0,0.0,0,none,0,1,0,overconfident,0.95,0,mild_drift,0.9517568685962308,0.0013854885917954432,0.7633044846013612,0.8497373721326901,1768042051.677658,0.2141030877828598,0.22252708673477173
426,27264,27263,sea_abrupt4,sea,ts_drift_adapt,3,"error_divergence_ph_meta@error.threshold=0.10,error.min_instances=5",error_divergence_ph_meta,"{""divergence"": {""alpha"": 0.1, ""delta"": 0.005, ""min_instances"": 30, ""threshold"": 0.05}, ""error_rate"": {""alpha"": 0.15, ""delta"": 0.005, ""min_instances"": 5, ""threshold"": 0.1}}","{""error_rate"": {""min_instances"": 5, ""threshold"": 0.1}}",0.1,0.005,0.15,5,0.05,0.005,0.1,30,,,,-1,two_stage,2,0.5,"__confirm_cooldown=200,divergence=0.3,error_rate=0.5,teacher_entropy=0.2",3,0,200,0.0,0,10000,10.0,25.0,200,500,1,8,1.0,0.8539099178403756,0.6438895717104944,0.0,0.23421742022037506,0.011228533461689949,0,0,83,83,-1,weighted,,,0,0,0,0.0,0.16666666666666666,0,0.0,0.0,0.0,0.0,0,none,0,1,0,overconfident,0.95,0,mild_drift,0.9560284342981153,0.0013427442958977216,0.7816522423006806,0.8523686860663451,1768042051.6896179,0.18307848274707794,0.10464321076869965
427,27328,27327,sea_abrupt4,sea,ts_drift_adapt,3,"error_divergence_ph_meta@error.threshold=0.10,error.min_instances=5",error_divergence_ph_meta,"{""divergence"": {""alpha"": 0.1, ""delta"": 0.005, ""min_instances"": 30, ""threshold"": 0.05}, ""error_rate"": {""alpha"": 0.15, ""delta"": 0.005, ""min_instances"": 5, ""threshold"": 0.1}}","{""error_rate"": {""min_instances"": 5, ""threshold"": 0.1}}",0.1,0.005,0.15,5,0.05,0.005,0.1,30,,,,-1,two_stage,2,0.5,"__confirm_cooldown=200,divergence=0.3,error_rate=0.5,teacher_entropy=0.2",3,0,200,0.0,0,10000,10.0,25.0,200,500,0,0,1.0,0.8540324941451991,0.6443806034785077,0.0,0.26190781593322754,0.016444943845272064,0,0,83,83,-1,weighted,,,0,0,0,0.0,0.005216410383582115,0,0.0,0.0,0.0,0.0,0,none,0,1,0,overconfident,0.95,0,mild_drift,0.9581642171490576,0.001321372147948861,0.7908261211503403,0.8536843430331725,1768042051.7019978,0.04717351496219635,0.15371695160865784
428,27392,27391,sea_abrupt4,sea,ts_drift_adapt,3,"error_divergence_ph_meta@error.threshold=0.10,error.min_instances=5",error_divergence_ph_meta,"{""divergence"": {""alpha"": 0.1, ""delta"": 0.005, ""min_instances"": 30, ""threshold"": 0.05}, ""error_rate"": {""alpha"": 0.15, ""delta"": 0.005, ""min_instances"": 5, ""threshold"": 0.1}}","{""error_rate"": {""min_instances"": 5, ""threshold"": 0.1}}",0.1,0.005,0.15,5,0.05,0.005,0.1,30,,,,-1,two_stage,2,0.5,"__confirm_cooldown=200,divergence=0.3,error_rate=0.5,teacher_entropy=0.2",3,0,200,0.0,0,10000,10.0,25.0,200,500,0,0,1.0,0.8540814836448598,0.6445912113912781,0.16666666666666666,0.24029812216758728,0.025728559121489525,1,1,84,84,0,weighted,,,0,0,0,0.16666666666666666,0.16666666666666666,1,0.5,0.0,0.0,0.0,0,none,1,1,0,overconfident,0.95,0,severe_drift,0.9245821085745288,0.0016606860739744305,0.6454130605751702,0.8318421715165862,1768042051.7137728,0.24586665630340576,0.21967241168022156
429,27456,27455,sea_abrupt4,sea,ts_drift_adapt,3,"error_divergence_ph_meta@error.threshold=0.10,error.min_instances=5",error_divergence_ph_meta,"{""divergence"": {""alpha"": 0.1, ""delta"": 0.005, ""min_instances"": 30, ""threshold"": 0.05}, ""error_rate"": {""alpha"": 0.15, ""delta"": 0.005, ""min_instances"": 5, ""threshold"": 0.1}}","{""error_rate"": {""min_instances"": 5, ""threshold"": 0.1}}",0.1,0.005,0.15,5,0.05,0.005,0.1,30,,,,-1,two_stage,2,0.5,"__confirm_cooldown=200,divergence=0.3,error_rate=0.5,teacher_entropy=0.2",3,0,200,0.0,0,10000,10.0,25.0,200,500,1,136,1.0,0.8541666666666666,0.6447927897971262,0.5,0.24417129158973694,0.012550653889775276,0,0,84,84,-1,weighted,,,0,0,0,0.0,0.33333333333333337,0,0.0,0.0,0.0,0.0,0,none,0,1,0,overconfident,0.95,0,mild_drift,0.9424410542872643,0.0014803430369872152,0.7227065302875851,0.8434210857582931,1768042051.7259166,1.2330728769302368,0.13395825028419495
430,27520,27519,sea_abrupt4,sea,ts_drift_adapt,3,"error_divergence_ph_meta@error.threshold=0.10,error.min_instances=5",error_divergence_ph_meta,"{""divergence"": {""alpha"": 0.1, ""delta"": 0.005, ""min_instances"": 30, ""threshold"": 0.05}, ""error_rate"": {""alpha"": 0.15, ""delta"": 0.005, ""min_instances"": 5, ""threshold"": 0.1}}","{""error_rate"": {""min_instances"": 5, ""threshold"": 0.1}}",0.1,0.005,0.15,5,0.05,0.005,0.1,30,,,,-1,two_stage,2,0.5,"__confirm_cooldown=200,divergence=0.3,error_rate=0.5,teacher_entropy=0.2",3,0,200,0.0,0,10000,10.0,25.0,200,500,1,72,1.0,0.8542877906976745,0.6451556377253701,0.3333333333333333,0.2238885760307312,0.02388647012412548,0,0,84,84,-1,weighted,,,0,0,0,0.0,0.16666666666666669,0,0.0,0.0,0.0,0.0,0,none,0,1,0,overconfident,0.95,0,mild_drift,0.9513705271436321,0.0013901715184936078,0.7613532651437926,0.8492105428791465,1768042051.7382476,0.5108065009117126,0.19937625527381897
431,27584,27583,sea_abrupt4,sea,ts_drift_adapt,3,"error_divergence_ph_meta@error.threshold=0.10,error.min_instances=5",error_divergence_ph_meta,"{""divergence"": {""alpha"": 0.1, ""delta"": 0.005, ""min_instances"": 30, ""threshold"": 0.05}, ""error_rate"": {""alpha"": 0.15, ""delta"": 0.005, ""min_instances"": 5, ""threshold"": 0.1}}","{""error_rate"": {""min_instances"": 5, ""threshold"": 0.1}}",0.1,0.005,0.15,5,0.05,0.005,0.1,30,,,,-1,two_stage,2,0.5,"__confirm_cooldown=200,divergence=0.3,error_rate=0.5,teacher_entropy=0.2",3,0,200,0.0,0,10000,10.0,25.0,200,500,1,8,1.0,0.8543720997679815,0.6455284643147431,0.0,0.22881777584552765,0.012658950872719288,0,0,84,84,-1,weighted,,,0,0,0,0.0,0.3333333333333333,0,0.0,0.0,0.0,0.0,0,none,0,1,0,overconfident,0.95,0,mild_drift,0.955835263571816,0.001345085759246804,0.7806766325718963,0.8521052714395733,1768042051.750259,0.06940729916095734,0.11920052021741867
432,27648,27647,sea_abrupt4,sea,ts_drift_adapt,3,"error_divergence_ph_meta@error.threshold=0.10,error.min_instances=5",error_divergence_ph_meta,"{""divergence"": {""alpha"": 0.1, ""delta"": 0.005, ""min_instances"": 30, ""threshold"": 0.05}, ""error_rate"": {""alpha"": 0.15, ""delta"": 0.005, ""min_instances"": 5, ""threshold"": 0.1}}","{""error_rate"": {""min_instances"": 5, ""threshold"": 0.1}}",0.1,0.005,0.15,5,0.05,0.005,0.1,30,,,,-1,two_stage,2,0.5,"__confirm_cooldown=200,divergence=0.3,error_rate=0.5,teacher_entropy=0.2",3,0,200,0.0,0,10000,10.0,25.0,200,500,0,0,1.0,0.8545645254629629,0.6460943645830524,0.0,0.24150532484054565,0.01178949885070324,0,0,84,84,-1,weighted,,,0,0,0,0.0,0.0008694520220160484,0,0.0,0.0,0.0,0.0,0,none,0,1,0,overconfident,0.95,0,mild_drift,0.958067631785908,0.0013225428796234022,0.7903383162859482,0.8535526357197867,1768042051.7618258,0.07190457731485367,0.1079791784286499
433,27712,27711,sea_abrupt4,sea,ts_drift_adapt,3,"error_divergence_ph_meta@error.threshold=0.10,error.min_instances=5",error_divergence_ph_meta,"{""divergence"": {""alpha"": 0.1, ""delta"": 0.005, ""min_instances"": 30, ""threshold"": 0.05}, ""error_rate"": {""alpha"": 0.15, ""delta"": 0.005, ""min_instances"": 5, ""threshold"": 0.1}}","{""error_rate"": {""min_instances"": 5, ""threshold"": 0.1}}",0.1,0.005,0.15,5,0.05,0.005,0.1,30,,,,-1,two_stage,2,0.5,"__confirm_cooldown=200,divergence=0.3,error_rate=0.5,teacher_entropy=0.2",3,0,200,0.0,0,10000,10.0,25.0,200,500,0,0,1.0,0.8547199769053118,0.6462927854083889,0.16666666666666666,0.23319140076637268,0.012056726031005383,1,1,85,85,0,weighted,,,0,0,0,0.0,0.16666666666666666,1,0.5,0.0,0.0,0.0,0,none,1,1,0,overconfident,0.95,0,stable,0.974033815892954,0.001061271439811701,0.8951691581429742,0.8992763178598934,1768042051.7737398,0.36330172419548035,0.10521154850721359
434,27776,27775,sea_abrupt4,sea,ts_drift_adapt,3,"error_divergence_ph_meta@error.threshold=0.10,error.min_instances=5",error_divergence_ph_meta,"{""divergence"": {""alpha"": 0.1, ""delta"": 0.005, ""min_instances"": 30, ""threshold"": 0.05}, ""error_rate"": {""alpha"": 0.15, ""delta"": 0.005, ""min_instances"": 5, ""threshold"": 0.1}}","{""error_rate"": {""min_instances"": 5, ""threshold"": 0.1}}",0.1,0.005,0.15,5,0.05,0.005,0.1,30,,,,-1,two_stage,2,0.5,"__confirm_cooldown=200,divergence=0.3,error_rate=0.5,teacher_entropy=0.2",3,0,200,0.0,0,10000,10.0,25.0,200,500,1,136,1.0,0.854658698156682,0.6463484299825747,0.16666666666666666,0.2587481141090393,0.02338232658803463,0,0,85,85,-1,weighted,,,0,0,0,0.0,0.011325600557029247,0,0.0,0.0,0.0,0.0,0,none,0,1,0,overconfident,0.95,0,mild_drift,0.967166907946477,0.0011806357199058506,0.8475845790714871,0.8771381589299467,1768042051.7858834,0.3724842369556427,0.19141104817390442
435,27840,27839,sea_abrupt4,sea,ts_drift_adapt,3,"error_divergence_ph_meta@error.threshold=0.10,error.min_instances=5",error_divergence_ph_meta,"{""divergence"": {""alpha"": 0.1, ""delta"": 0.005, ""min_instances"": 30, ""threshold"": 0.05}, ""error_rate"": {""alpha"": 0.15, ""delta"": 0.005, ""min_instances"": 5, ""threshold"": 0.1}}","{""error_rate"": {""min_instances"": 5, ""threshold"": 0.1}}",0.1,0.005,0.15,5,0.05,0.005,0.1,30,,,,-1,two_stage,2,0.5,"__confirm_cooldown=200,divergence=0.3,error_rate=0.5,teacher_entropy=0.2",3,0,200,0.0,0,10000,10.0,25.0,200,500,1,72,1.0,0.8547054597701149,0.6465279423307648,0.16666666666666666,0.25769221782684326,0.007283497601747513,0,0,85,85,-1,weighted,,,0,0,0,0.0,0.016098828986287117,0,0.0,0.0,0.0,0.0,0,none,0,1,0,overconfident,0.95,0,mild_drift,0.9637334539732385,0.0012403178599529254,0.8237922895357436,0.8660690794649734,1768042051.7974114,0.17924506962299347,0.06690763682126999
436,27904,27903,sea_abrupt4,sea,ts_drift_adapt,3,"error_divergence_ph_meta@error.threshold=0.10,error.min_instances=5",error_divergence_ph_meta,"{""divergence"": {""alpha"": 0.1, ""delta"": 0.005, ""min_instances"": 30, ""threshold"": 0.05}, ""error_rate"": {""alpha"": 0.15, ""delta"": 0.005, ""min_instances"": 5, ""threshold"": 0.1}}","{""error_rate"": {""min_instances"": 5, ""threshold"": 0.1}}",0.1,0.005,0.15,5,0.05,0.005,0.1,30,,,,-1,two_stage,2,0.5,"__confirm_cooldown=200,divergence=0.3,error_rate=0.5,teacher_entropy=0.2",3,0,200,0.0,0,10000,10.0,25.0,200,500,1,8,1.0,0.8549311926605505,0.6471050609154443,0.0,0.19575616717338562,0.004917988553643227,0,0,85,85,-1,weighted,,,0,0,0,0.0,0.16666666666666666,0,0.0,0.0,0.0,0.0,0,none,0,1,0,overconfident,0.95,0,mild_drift,0.9620167269866192,0.0012701589299764628,0.8118961447678719,0.8605345397324866,1768042051.808977,0.039517663419246674,0.048064224421978
437,27968,27967,sea_abrupt4,sea,ts_drift_adapt,3,"error_divergence_ph_meta@error.threshold=0.10,error.min_instances=5",error_divergence_ph_meta,"{""divergence"": {""alpha"": 0.1, ""delta"": 0.005, ""min_instances"": 30, ""threshold"": 0.05}, ""error_rate"": {""alpha"": 0.15, ""delta"": 0.005, ""min_instances"": 5, ""threshold"": 0.1}}","{""error_rate"": {""min_instances"": 5, ""threshold"": 0.1}}",0.1,0.005,0.15,5,0.05,0.005,0.1,30,,,,-1,two_stage,2,0.5,"__confirm_cooldown=200,divergence=0.3,error_rate=0.5,teacher_entropy=0.2",3,0,200,0.0,0,10000,10.0,25.0,200,500,0,0,1.0,0.8550843821510298,0.6475882007695151,0.0,0.2607268989086151,0.0147275160998106,0,0,85,85,-1,weighted,,,0,0,0,0.0,0.009809527546167374,0,0.0,0.0,0.0,0.0,0,none,0,1,0,overconfident,0.95,0,mild_drift,0.9611583634933096,0.0012850794649882315,0.805948072383936,0.8577672698662433,1768042051.8207254,0.15327925980091095,0.10824796557426453
438,28032,28031,sea_abrupt4,sea,ts_drift_adapt,3,"error_divergence_ph_meta@error.threshold=0.10,error.min_instances=5",error_divergence_ph_meta,"{""divergence"": {""alpha"": 0.1, ""delta"": 0.005, ""min_instances"": 30, ""threshold"": 0.05}, ""error_rate"": {""alpha"": 0.15, ""delta"": 0.005, ""min_instances"": 5, ""threshold"": 0.1}}","{""error_rate"": {""min_instances"": 5, ""threshold"": 0.1}}",0.1,0.005,0.15,5,0.05,0.005,0.1,30,,,,-1,two_stage,2,0.5,"__confirm_cooldown=200,divergence=0.3,error_rate=0.5,teacher_entropy=0.2",3,0,200,0.0,0,10000,10.0,25.0,200,500,0,0,1.0,0.8552368721461188,0.6479822799265389,0.0,0.2600412666797638,0.02313731424510479,0,0,85,85,-1,weighted,,,0,0,0,0.0,0.00840979814529419,0,0.0,0.0,0.0,0.0,0,none,0,1,0,overconfident,0.95,0,mild_drift,0.9607291817466548,0.0012925397324941158,0.8029740361919679,0.8563836349331216,1768042051.8321283,0.023327425122261047,0.1724231094121933
439,28096,28095,sea_abrupt4,sea,ts_drift_adapt,3,"error_divergence_ph_meta@error.threshold=0.10,error.min_instances=5",error_divergence_ph_meta,"{""divergence"": {""alpha"": 0.1, ""delta"": 0.005, ""min_instances"": 30, ""threshold"": 0.05}, ""error_rate"": {""alpha"": 0.15, ""delta"": 0.005, ""min_instances"": 5, ""threshold"": 0.1}}","{""error_rate"": {""min_instances"": 5, ""threshold"": 0.1}}",0.1,0.005,0.15,5,0.05,0.005,0.1,30,,,,-1,two_stage,2,0.5,"__confirm_cooldown=200,divergence=0.3,error_rate=0.5,teacher_entropy=0.2",3,0,200,0.0,0,10000,10.0,25.0,200,500,0,0,1.0,0.8554954441913439,0.6484413517299745,0.16666666666666666,0.1872631013393402,0.007687096484005451,1,1,86,86,0,weighted,,,0,0,0,0.0,0.16666666666666666,1,0.5,0.0,0.0,0.0,0,none,1,1,0,overconfident,0.95,0,stable,0.9753645908733274,0.0010462698662470579,0.901487018095984,0.9006918174665608,1768042051.8447552,0.2978217601776123,0.09008817374706268
440,28160,28159,sea_abrupt4,sea,ts_drift_adapt,3,"error_divergence_ph_meta@error.threshold=0.10,error.min_instances=5",error_divergence_ph_meta,"{""divergence"": {""alpha"": 0.1, ""delta"": 0.005, ""min_instances"": 30, ""threshold"": 0.05}, ""error_rate"": {""alpha"": 0.15, ""delta"": 0.005, ""min_instances"": 5, ""threshold"": 0.1}}","{""error_rate"": {""min_instances"": 5, ""threshold"": 0.1}}",0.1,0.005,0.15,5,0.05,0.005,0.1,30,,,,-1,two_stage,2,0.5,"__confirm_cooldown=200,divergence=0.3,error_rate=0.5,teacher_entropy=0.2",3,0,200,0.0,0,10000,10.0,25.0,200,500,1,136,1.0,0.8556107954545454,0.6486349113574211,0.0,0.25470900535583496,0.015217198058962822,0,0,86,86,-1,weighted,,,0,0,0,0.0,0.16666666666666666,0,0.0,0.0,0.0,0.0,0,none,0,1,0,overconfident,0.95,0,mild_drift,0.9678322954366636,0.0011731349331235291,0.850743509047992,0.8778459087332804,1768042051.8594334,0.11394508928060532,0.11103501170873642
441,28224,28223,sea_abrupt4,sea,ts_drift_adapt,3,"error_divergence_ph_meta@error.threshold=0.10,error.min_instances=5",error_divergence_ph_meta,"{""divergence"": {""alpha"": 0.1, ""delta"": 0.005, ""min_instances"": 30, ""threshold"": 0.05}, ""error_rate"": {""alpha"": 0.15, ""delta"": 0.005, ""min_instances"": 5, ""threshold"": 0.1}}","{""error_rate"": {""min_instances"": 5, ""threshold"": 0.1}}",0.1,0.005,0.15,5,0.05,0.005,0.1,30,,,,-1,two_stage,2,0.5,"__confirm_cooldown=200,divergence=0.3,error_rate=0.5,teacher_entropy=0.2",3,0,200,0.0,0,10000,10.0,25.0,200,500,1,72,1.0,0.8557256235827665,0.6490087942182827,0.16666666666666666,0.19482184946537018,0.010929028503596783,0,0,86,86,-1,weighted,,,0,0,0,0.0,0.16666666666666666,0,0.0,0.0,0.0,0.0,0,none,0,1,0,overconfident,0.95,0,mild_drift,0.9640661477183318,0.0012365674665617645,0.825371754523996,0.8664229543666402,1768042051.8740351,0.1629059612751007,0.11617666482925415
442,28288,28287,sea_abrupt4,sea,ts_drift_adapt,3,"error_divergence_ph_meta@error.threshold=0.10,error.min_instances=5",error_divergence_ph_meta,"{""divergence"": {""alpha"": 0.1, ""delta"": 0.005, ""min_instances"": 30, ""threshold"": 0.05}, ""error_rate"": {""alpha"": 0.15, ""delta"": 0.005, ""min_instances"": 5, ""threshold"": 0.1}}","{""error_rate"": {""min_instances"": 5, ""threshold"": 0.1}}",0.1,0.005,0.15,5,0.05,0.005,0.1,30,,,,-1,two_stage,2,0.5,"__confirm_cooldown=200,divergence=0.3,error_rate=0.5,teacher_entropy=0.2",3,0,200,0.0,0,10000,10.0,25.0,200,500,1,8,1.0,0.8558045814479638,0.6492798261998426,0.16666666666666666,0.2325870245695114,0.02768450789153576,0,0,86,86,-1,weighted,,,0,0,0,0.0,0.016755479387938976,0,0.0,0.0,0.0,0.0,0,none,0,1,0,overconfident,0.95,0,mild_drift,0.9621830738591659,0.0012682837332808825,0.812685877261998,0.8607114771833201,1768042051.886988,0.3449496030807495,0.311690092086792
443,28352,28351,sea_abrupt4,sea,ts_drift_adapt,3,"error_divergence_ph_meta@error.threshold=0.10,error.min_instances=5",error_divergence_ph_meta,"{""divergence"": {""alpha"": 0.1, ""delta"": 0.005, ""min_instances"": 30, ""threshold"": 0.05}, ""error_rate"": {""alpha"": 0.15, ""delta"": 0.005, ""min_instances"": 5, ""threshold"": 0.1}}","{""error_rate"": {""min_instances"": 5, ""threshold"": 0.1}}",0.1,0.005,0.15,5,0.05,0.005,0.1,30,,,,-1,two_stage,2,0.5,"__confirm_cooldown=200,divergence=0.3,error_rate=0.5,teacher_entropy=0.2",3,0,200,0.0,0,10000,10.0,25.0,200,500,0,0,1.0,0.8559537246049661,0.6494641767944722,0.0,0.22415827214717865,0.01527423970401287,0,0,86,86,-1,weighted,,,0,0,0,0.0,0.16666666666666666,0,0.0,0.0,0.0,0.0,0,none,0,1,0,overconfident,0.95,0,mild_drift,0.9612415369295829,0.0012841418666404412,0.806342938630999,0.8578557385916601,1768042051.898783,0.051710084080696106,0.12866252660751343
444,28416,28415,sea_abrupt4,sea,ts_drift_adapt,3,"error_divergence_ph_meta@error.threshold=0.10,error.min_instances=5",error_divergence_ph_meta,"{""divergence"": {""alpha"": 0.1, ""delta"": 0.005, ""min_instances"": 30, ""threshold"": 0.05}, ""error_rate"": {""alpha"": 0.15, ""delta"": 0.005, ""min_instances"": 5, ""threshold"": 0.1}}","{""error_rate"": {""min_instances"": 5, ""threshold"": 0.1}}",0.1,0.005,0.15,5,0.05,0.005,0.1,30,,,,-1,two_stage,2,0.5,"__confirm_cooldown=200,divergence=0.3,error_rate=0.5,teacher_entropy=0.2",3,0,200,0.0,0,10000,10.0,25.0,200,500,0,0,1.0,0.8560318130630631,0.6496047572936196,0.16666666666666666,0.20387226343154907,0.006145129911601543,1,1,87,87,0,weighted,,,0,0,0,0.0,0.16666666666666666,1,0.5,0.0,0.0,0.0,0,none,1,1,0,overconfident,0.95,0,stable,0.9756207684647915,0.0010420709333202206,0.9031714693154995,0.9014278692958301,1768042051.9103756,0.2700269818305969,0.07503333687782288
445,28480,28479,sea_abrupt4,sea,ts_drift_adapt,3,"error_divergence_ph_meta@error.threshold=0.10,error.min_instances=5",error_divergence_ph_meta,"{""divergence"": {""alpha"": 0.1, ""delta"": 0.005, ""min_instances"": 30, ""threshold"": 0.05}, ""error_rate"": {""alpha"": 0.15, ""delta"": 0.005, ""min_instances"": 5, ""threshold"": 0.1}}","{""error_rate"": {""min_instances"": 5, ""threshold"": 0.1}}",0.1,0.005,0.15,5,0.05,0.005,0.1,30,,,,-1,two_stage,2,0.5,"__confirm_cooldown=200,divergence=0.3,error_rate=0.5,teacher_entropy=0.2",3,0,200,0.0,0,10000,10.0,25.0,200,500,1,136,1.0,0.8562851123595505,0.6501787971222339,0.0,0.22744889557361603,0.019954495131969452,0,0,87,87,-1,weighted,,,0,0,0,0.0,0.16666666666666666,0,0.0,0.0,0.0,0.0,0,none,0,1,0,overconfident,0.95,0,mild_drift,0.9679603842323957,0.0011710354666601103,0.8515857346577498,0.878213934647915,1768042051.9224706,0.048841867595911026,0.18475991487503052
446,28544,28543,sea_abrupt4,sea,ts_drift_adapt,3,"error_divergence_ph_meta@error.threshold=0.10,error.min_instances=5",error_divergence_ph_meta,"{""divergence"": {""alpha"": 0.1, ""delta"": 0.005, ""min_instances"": 30, ""threshold"": 0.05}, ""error_rate"": {""alpha"": 0.15, ""delta"": 0.005, ""min_instances"": 5, ""threshold"": 0.1}}","{""error_rate"": {""min_instances"": 5, ""threshold"": 0.1}}",0.1,0.005,0.15,5,0.05,0.005,0.1,30,,,,-1,two_stage,2,0.5,"__confirm_cooldown=200,divergence=0.3,error_rate=0.5,teacher_entropy=0.2",3,0,200,0.0,0,10000,10.0,25.0,200,500,1,72,1.0,0.8563971412556054,0.6504642967430505,0.16666666666666666,0.20844602584838867,0.007053445093333721,0,0,87,87,-1,weighted,,,0,0,0,0.0,0.16666666666666666,0,0.0,0.0,0.0,0.0,0,none,0,1,0,overconfident,0.95,0,mild_drift,0.9641301921161978,0.0012355177333300553,0.8257928673288749,0.8666069673239575,1768042051.934342,0.16084013879299164,0.06794679909944534
447,28608,28607,sea_abrupt4,sea,ts_drift_adapt,3,"error_divergence_ph_meta@error.threshold=0.10,error.min_instances=5",error_divergence_ph_meta,"{""divergence"": {""alpha"": 0.1, ""delta"": 0.005, ""min_instances"": 30, ""threshold"": 0.05}, ""error_rate"": {""alpha"": 0.15, ""delta"": 0.005, ""min_instances"": 5, ""threshold"": 0.1}}","{""error_rate"": {""min_instances"": 5, ""threshold"": 0.1}}",0.1,0.005,0.15,5,0.05,0.005,0.1,30,,,,-1,two_stage,2,0.5,"__confirm_cooldown=200,divergence=0.3,error_rate=0.5,teacher_entropy=0.2",3,0,200,0.0,0,10000,10.0,25.0,200,500,1,8,1.0,0.8564737136465325,0.6508051087020134,0.0,0.27672362327575684,0.015393219888210297,0,0,87,87,-1,weighted,,,0,0,0,0.0,0.16666666666666666,0,0.0,0.0,0.0,0.0,0,none,0,1,0,overconfident,0.95,0,mild_drift,0.9622150960580989,0.0012677588666650278,0.8128964336644375,0.8608034836619787,1768042051.946134,0.05224885419011116,0.13057217001914978
448,28672,28671,sea_abrupt4,sea,ts_drift_adapt,3,"error_divergence_ph_meta@error.threshold=0.10,error.min_instances=5",error_divergence_ph_meta,"{""divergence"": {""alpha"": 0.1, ""delta"": 0.005, ""min_instances"": 30, ""threshold"": 0.05}, ""error_rate"": {""alpha"": 0.15, ""delta"": 0.005, ""min_instances"": 5, ""threshold"": 0.1}}","{""error_rate"": {""min_instances"": 5, ""threshold"": 0.1}}",0.1,0.005,0.15,5,0.05,0.005,0.1,30,,,,-1,two_stage,2,0.5,"__confirm_cooldown=200,divergence=0.3,error_rate=0.5,teacher_entropy=0.2",3,0,200,0.0,0,10000,10.0,25.0,200,500,0,0,1.0,0.8566545758928571,0.6512242091253033,0.16666666666666666,0.21279245615005493,0.01594793237745762,0,0,87,87,-1,weighted,,,0,0,0,0.0,0.16666666666666666,0,0.0,0.0,0.0,0.0,0,none,0,1,0,overconfident,0.95,0,mild_drift,0.9612575480290494,0.001283879433332514,0.8064482168322188,0.8579017418309893,1768042051.9581907,0.43227076530456543,0.12038397789001465
449,28736,28735,sea_abrupt4,sea,ts_drift_adapt,3,"error_divergence_ph_meta@error.threshold=0.10,error.min_instances=5",error_divergence_ph_meta,"{""divergence"": {""alpha"": 0.1, ""delta"": 0.005, ""min_instances"": 30, ""threshold"": 0.05}, ""error_rate"": {""alpha"": 0.15, ""delta"": 0.005, ""min_instances"": 5, ""threshold"": 0.1}}","{""error_rate"": {""min_instances"": 5, ""threshold"": 0.1}}",0.1,0.005,0.15,5,0.05,0.005,0.1,30,,,,-1,two_stage,2,0.5,"__confirm_cooldown=200,divergence=0.3,error_rate=0.5,teacher_entropy=0.2",3,0,200,0.0,0,10000,10.0,25.0,200,500,0,0,1.0,0.8566606347438753,0.6513123814517143,0.3333333333333333,0.22609521448612213,0.01155205350369215,1,1,88,88,0,weighted,,,0,0,0,0.16666666666666666,0.16666666666666666,1,0.5,0.0,0.0,0.0,0,none,1,1,0,overconfident,0.95,0,severe_drift,0.9261287740145248,0.001641939716666257,0.6532241084161095,0.8339508709154947,1768042051.9699667,0.6166646480560303,0.11285051703453064
450,28800,28799,sea_abrupt4,sea,ts_drift_adapt,3,"error_divergence_ph_meta@error.threshold=0.10,error.min_instances=5",error_divergence_ph_meta,"{""divergence"": {""alpha"": 0.1, ""delta"": 0.005, ""min_instances"": 30, ""threshold"": 0.05}, ""error_rate"": {""alpha"": 0.15, ""delta"": 0.005, ""min_instances"": 5, ""threshold"": 0.1}}","{""error_rate"": {""min_instances"": 5, ""threshold"": 0.1}}",0.1,0.005,0.15,5,0.05,0.005,0.1,30,,,,-1,two_stage,2,0.5,"__confirm_cooldown=200,divergence=0.3,error_rate=0.5,teacher_entropy=0.2",3,0,200,0.0,0,10000,10.0,25.0,200,500,1,136,1.0,0.8567361111111111,0.6515438697854237,0.0,0.26421287655830383,0.01757309027016163,0,0,88,88,-1,weighted,,,0,0,0,0.0,0.3333333333333333,0,0.0,0.0,0.0,0.0,0,none,0,1,0,overconfident,0.95,0,mild_drift,0.9432143870072623,0.0014709698583331285,0.7266120542080547,0.8444754354577473,1768042051.9816377,0.16111959517002106,0.1334075629711151
451,28864,28863,sea_abrupt4,sea,ts_drift_adapt,3,"error_divergence_ph_meta@error.threshold=0.10,error.min_instances=5",error_divergence_ph_meta,"{""divergence"": {""alpha"": 0.1, ""delta"": 0.005, ""min_instances"": 30, ""threshold"": 0.05}, ""error_rate"": {""alpha"": 0.15, ""delta"": 0.005, ""min_instances"": 5, ""threshold"": 0.1}}","{""error_rate"": {""min_instances"": 5, ""threshold"": 0.1}}",0.1,0.005,0.15,5,0.05,0.005,0.1,30,,,,-1,two_stage,2,0.5,"__confirm_cooldown=200,divergence=0.3,error_rate=0.5,teacher_entropy=0.2",3,0,200,0.0,0,10000,10.0,25.0,200,500,1,72,1.0,0.8569844789356984,0.6522100019539774,0.0,0.23568414151668549,0.010089830495417118,0,0,88,88,-1,weighted,,,0,0,0,0.0,0.007483259774744511,0,0.0,0.0,0.0,0.0,0,none,0,1,0,overconfident,0.95,0,mild_drift,0.9517571935036311,0.0013854849291665642,0.7633060271040274,0.8497377177288736,1768042051.9935727,0.1302015483379364,0.08885647356510162
452,28928,28927,sea_abrupt4,sea,ts_drift_adapt,3,"error_divergence_ph_meta@error.threshold=0.10,error.min_instances=5",error_divergence_ph_meta,"{""divergence"": {""alpha"": 0.1, ""delta"": 0.005, ""min_instances"": 30, ""threshold"": 0.05}, ""error_rate"": {""alpha"": 0.15, ""delta"": 0.005, ""min_instances"": 5, ""threshold"": 0.1}}","{""error_rate"": {""min_instances"": 5, ""threshold"": 0.1}}",0.1,0.005,0.15,5,0.05,0.005,0.1,30,,,,-1,two_stage,2,0.5,"__confirm_cooldown=200,divergence=0.3,error_rate=0.5,teacher_entropy=0.2",3,0,200,0.0,0,10000,10.0,25.0,200,500,1,8,1.0,0.8570589048672567,0.6523424265362383,0.16666666666666666,0.21774715185165405,0.014125663787126541,0,0,88,88,-1,weighted,,,0,0,0,0.0,0.16666666666666666,0,0.0,0.0,0.0,0.0,0,none,0,1,0,overconfident,0.95,0,mild_drift,0.9560285967518155,0.001342742464583282,0.7816530135520137,0.8523688588644368,1768042052.0050445,0.22976750135421753,0.14923860132694244
453,28992,28991,sea_abrupt4,sea,ts_drift_adapt,3,"error_divergence_ph_meta@error.threshold=0.10,error.min_instances=5",error_divergence_ph_meta,"{""divergence"": {""alpha"": 0.1, ""delta"": 0.005, ""min_instances"": 30, ""threshold"": 0.05}, ""error_rate"": {""alpha"": 0.15, ""delta"": 0.005, ""min_instances"": 5, ""threshold"": 0.1}}","{""error_rate"": {""min_instances"": 5, ""threshold"": 0.1}}",0.1,0.005,0.15,5,0.05,0.005,0.1,30,,,,-1,two_stage,2,0.5,"__confirm_cooldown=200,divergence=0.3,error_rate=0.5,teacher_entropy=0.2",3,0,200,0.0,0,10000,10.0,25.0,200,500,0,0,1.0,0.8572019867549668,0.6526840632635278,0.0,0.21964554488658905,0.013055196031928062,0,0,88,88,-1,weighted,,,0,0,0,0.0,0.16666666666666666,0,0.0,0.0,0.0,0.0,0,none,0,1,0,overconfident,0.95,0,mild_drift,0.9581642983759078,0.0013213712322916412,0.7908265067760069,0.8536844294322183,1768042052.0167565,0.014105872251093388,0.128799706697464
454,29056,29055,sea_abrupt4,sea,ts_drift_adapt,3,"error_divergence_ph_meta@error.threshold=0.10,error.min_instances=5",error_divergence_ph_meta,"{""divergence"": {""alpha"": 0.1, ""delta"": 0.005, ""min_instances"": 30, ""threshold"": 0.05}, ""error_rate"": {""alpha"": 0.15, ""delta"": 0.005, ""min_instances"": 5, ""threshold"": 0.1}}","{""error_rate"": {""min_instances"": 5, ""threshold"": 0.1}}",0.1,0.005,0.15,5,0.05,0.005,0.1,30,,,,-1,two_stage,2,0.5,"__confirm_cooldown=200,divergence=0.3,error_rate=0.5,teacher_entropy=0.2",3,0,200,0.0,0,10000,10.0,25.0,200,500,0,0,1.0,0.8572756057268722,0.6528188239320595,0.16666666666666666,0.23401011526584625,0.013300197198987007,1,1,89,89,0,weighted,,,0,0,0,0.16666666666666666,0.16666666666666666,1,0.5,0.0,0.0,0.0,0,none,1,1,0,overconfident,0.95,0,severe_drift,0.9245821491879539,0.0016606856161458206,0.6454132533880035,0.8318422147161092,1768042052.0290873,0.3221665918827057,0.10295005142688751
455,29120,29119,sea_abrupt4,sea,ts_drift_adapt,3,"error_divergence_ph_meta@error.threshold=0.10,error.min_instances=5",error_divergence_ph_meta,"{""divergence"": {""alpha"": 0.1, ""delta"": 0.005, ""min_instances"": 30, ""threshold"": 0.05}, ""error_rate"": {""alpha"": 0.15, ""delta"": 0.005, ""min_instances"": 5, ""threshold"": 0.1}}","{""error_rate"": {""min_instances"": 5, ""threshold"": 0.1}}",0.1,0.005,0.15,5,0.05,0.005,0.1,30,,,,-1,two_stage,2,0.5,"__confirm_cooldown=200,divergence=0.3,error_rate=0.5,teacher_entropy=0.2",3,0,200,0.0,0,10000,10.0,25.0,200,500,1,136,1.0,0.8573832417582418,0.6529727015684422,0.16666666666666666,0.25895845890045166,0.019115859642624855,0,0,89,89,-1,weighted,,,0,0,0,0.0,0.005815662443637848,0,0.0,0.0,0.0,0.0,0,none,0,1,0,overconfident,0.95,0,mild_drift,0.9424410745939769,0.0014803428080729104,0.7227066266940018,0.8434211073580546,1768042052.0408595,0.23710013926029205,0.13463090360164642
456,29184,29183,sea_abrupt4,sea,ts_drift_adapt,3,"error_divergence_ph_meta@error.threshold=0.10,error.min_instances=5",error_divergence_ph_meta,"{""divergence"": {""alpha"": 0.1, ""delta"": 0.005, ""min_instances"": 30, ""threshold"": 0.05}, ""error_rate"": {""alpha"": 0.15, ""delta"": 0.005, ""min_instances"": 5, ""threshold"": 0.1}}","{""error_rate"": {""min_instances"": 5, ""threshold"": 0.1}}",0.1,0.005,0.15,5,0.05,0.005,0.1,30,,,,-1,two_stage,2,0.5,"__confirm_cooldown=200,divergence=0.3,error_rate=0.5,teacher_entropy=0.2",3,0,200,0.0,0,10000,10.0,25.0,200,500,1,72,1.0,0.8574904057017544,0.6531259250832226,0.3333333333333333,0.22175931930541992,0.01023020688444376,0,0,89,89,-1,weighted,,,0,0,0,0.0,0.16666666666666666,0,0.0,0.0,0.0,0.0,0,none,0,1,0,overconfident,0.95,0,mild_drift,0.9513705372969884,0.0013901714040364553,0.761353313347001,0.8492105536790273,1768042052.0523033,0.5830551385879517,0.11171533167362213
457,29248,29247,sea_abrupt4,sea,ts_drift_adapt,3,"error_divergence_ph_meta@error.threshold=0.10,error.min_instances=5",error_divergence_ph_meta,"{""divergence"": {""alpha"": 0.1, ""delta"": 0.005, ""min_instances"": 30, ""threshold"": 0.05}, ""error_rate"": {""alpha"": 0.15, ""delta"": 0.005, ""min_instances"": 5, ""threshold"": 0.1}}","{""error_rate"": {""min_instances"": 5, ""threshold"": 0.1}}",0.1,0.005,0.15,5,0.05,0.005,0.1,30,,,,-1,two_stage,2,0.5,"__confirm_cooldown=200,divergence=0.3,error_rate=0.5,teacher_entropy=0.2",3,0,200,0.0,0,10000,10.0,25.0,200,500,1,8,1.0,0.8576312910284464,0.6535371055394152,0.0,0.23349061608314514,0.01438893098384142,0,0,89,89,-1,weighted,,,0,0,0,0.0,0.3333333333333333,0,0.0,0.0,0.0,0.0,0,none,0,1,0,overconfident,0.95,0,mild_drift,0.9558352686484941,0.0013450857020182276,0.7806766566735005,0.8521052768395136,1768042052.0638034,0.2503603994846344,0.1359407603740692
458,29312,29311,sea_abrupt4,sea,ts_drift_adapt,3,"error_divergence_ph_meta@error.threshold=0.10,error.min_instances=5",error_divergence_ph_meta,"{""divergence"": {""alpha"": 0.1, ""delta"": 0.005, ""min_instances"": 30, ""threshold"": 0.05}, ""error_rate"": {""alpha"": 0.15, ""delta"": 0.005, ""min_instances"": 5, ""threshold"": 0.1}}","{""error_rate"": {""min_instances"": 5, ""threshold"": 0.1}}",0.1,0.005,0.15,5,0.05,0.005,0.1,30,,,,-1,two_stage,2,0.5,"__confirm_cooldown=200,divergence=0.3,error_rate=0.5,teacher_entropy=0.2",3,0,200,0.0,0,10000,10.0,25.0,200,500,0,0,1.0,0.8578056768558951,0.6539245922916024,0.0,0.2501205801963806,0.0166692566126585,0,0,89,89,-1,weighted,,,0,0,0,0.0,0.0022803256288170815,0,0.0,0.0,0.0,0.0,0,none,0,1,0,overconfident,0.95,0,mild_drift,0.958067634324247,0.0013225428510091138,0.7903383283367502,0.8535526384197568,1768042052.0760095,0.08771795779466629,0.1376948356628418
459,29376,29375,sea_abrupt4,sea,ts_drift_adapt,3,"error_divergence_ph_meta@error.threshold=0.10,error.min_instances=5",error_divergence_ph_meta,"{""divergence"": {""alpha"": 0.1, ""delta"": 0.005, ""min_instances"": 30, ""threshold"": 0.05}, ""error_rate"": {""alpha"": 0.15, ""delta"": 0.005, ""min_instances"": 5, ""threshold"": 0.1}}","{""error_rate"": {""min_instances"": 5, ""threshold"": 0.1}}",0.1,0.005,0.15,5,0.05,0.005,0.1,30,,,,-1,two_stage,2,0.5,"__confirm_cooldown=200,divergence=0.3,error_rate=0.5,teacher_entropy=0.2",3,0,200,0.0,0,10000,10.0,25.0,200,500,0,0,1.0,0.8580133442265795,0.6542566530637232,0.0,0.18285879492759705,0.016257720068097115,1,1,90,90,0,weighted,,,0,0,0,0.16666666666666666,0.0004115365445613861,1,0.5,0.0,0.0,0.0,0,none,1,1,0,overconfident,0.95,0,severe_drift,0.9245338171621236,0.001661271425504557,0.6451691641683751,0.8317763192098784,1768042052.0907748,0.019340144470334053,0.16812756657600403
460,29440,29439,sea_abrupt4,sea,ts_drift_adapt,3,"error_divergence_ph_meta@error.threshold=0.10,error.min_instances=5",error_divergence_ph_meta,"{""divergence"": {""alpha"": 0.1, ""delta"": 0.005, ""min_instances"": 30, ""threshold"": 0.05}, ""error_rate"": {""alpha"": 0.15, ""delta"": 0.005, ""min_instances"": 5, ""threshold"": 0.1}}","{""error_rate"": {""min_instances"": 5, ""threshold"": 0.1}}",0.1,0.005,0.15,5,0.05,0.005,0.1,30,,,,-1,two_stage,2,0.5,"__confirm_cooldown=200,divergence=0.3,error_rate=0.5,teacher_entropy=0.2",3,0,200,0.0,0,10000,10.0,25.0,200,500,1,136,1.0,0.8582201086956521,0.6545912235257333,0.16666666666666666,0.17323049902915955,0.011148580349981785,0,0,90,90,-1,weighted,,,0,0,0,0.0,0.16666666666666666,0,0.0,0.0,0.0,0.0,0,none,0,1,0,overconfident,0.95,0,mild_drift,0.9424169085810618,0.0014806357127522785,0.7225845820841876,0.8433881596049392,1768042052.1055224,0.1466335505247116,0.104379802942276
461,29504,29503,sea_abrupt4,sea,ts_drift_adapt,3,"error_divergence_ph_meta@error.threshold=0.10,error.min_instances=5",error_divergence_ph_meta,"{""divergence"": {""alpha"": 0.1, ""delta"": 0.005, ""min_instances"": 30, ""threshold"": 0.05}, ""error_rate"": {""alpha"": 0.15, ""delta"": 0.005, ""min_instances"": 5, ""threshold"": 0.1}}","{""error_rate"": {""min_instances"": 5, ""threshold"": 0.1}}",0.1,0.005,0.15,5,0.05,0.005,0.1,30,,,,-1,two_stage,2,0.5,"__confirm_cooldown=200,divergence=0.3,error_rate=0.5,teacher_entropy=0.2",3,0,200,0.0,0,10000,10.0,25.0,200,500,1,72,1.0,0.858392082429501,0.6548446588732595,0.3333333333333333,0.18532408773899078,0.012876657769083977,0,0,90,90,-1,weighted,,,0,0,0,0.0,0.16666666666666666,0,0.0,0.0,0.0,0.0,0,none,0,1,0,overconfident,0.95,0,mild_drift,0.9513584542905309,0.0013903178563761393,0.7612922910420938,0.8491940798024695,1768042052.119622,0.6857684254646301,0.11222516000270844
462,29568,29567,sea_abrupt4,sea,ts_drift_adapt,3,"error_divergence_ph_meta@error.threshold=0.10,error.min_instances=5",error_divergence_ph_meta,"{""divergence"": {""alpha"": 0.1, ""delta"": 0.005, ""min_instances"": 30, ""threshold"": 0.05}, ""error_rate"": {""alpha"": 0.15, ""delta"": 0.005, ""min_instances"": 5, ""threshold"": 0.1}}","{""error_rate"": {""min_instances"": 5, ""threshold"": 0.1}}",0.1,0.005,0.15,5,0.05,0.005,0.1,30,,,,-1,two_stage,2,0.5,"__confirm_cooldown=200,divergence=0.3,error_rate=0.5,teacher_entropy=0.2",3,0,200,0.0,0,10000,10.0,25.0,200,500,1,8,1.0,0.8586647727272727,0.65558162337766,0.0,0.18690313398838043,0.01050542388111353,0,0,90,90,-1,weighted,,,0,0,0,0.0,0.3333333333333333,0,0.0,0.0,0.0,0.0,0,none,0,1,0,overconfident,0.95,0,mild_drift,0.9558292271452654,0.0013451589281880698,0.7806461455210469,0.8520970399012348,1768042052.1317487,0.1774737387895584,0.09161962568759918
463,29632,29631,sea_abrupt4,sea,ts_drift_adapt,3,"error_divergence_ph_meta@error.threshold=0.10,error.min_instances=5",error_divergence_ph_meta,"{""divergence"": {""alpha"": 0.1, ""delta"": 0.005, ""min_instances"": 30, ""threshold"": 0.05}, ""error_rate"": {""alpha"": 0.15, ""delta"": 0.005, ""min_instances"": 5, ""threshold"": 0.1}}","{""error_rate"": {""min_instances"": 5, ""threshold"": 0.1}}",0.1,0.005,0.15,5,0.05,0.005,0.1,30,,,,-1,two_stage,2,0.5,"__confirm_cooldown=200,divergence=0.3,error_rate=0.5,teacher_entropy=0.2",3,0,200,0.0,0,10000,10.0,25.0,200,500,0,0,1.0,0.8588687904967602,0.6561543555404729,0.0,0.2883836030960083,0.019914692267775536,0,0,90,90,-1,weighted,,,0,0,0,0.0,0.009409268386662006,0,0.0,0.0,0.0,0.0,0,none,0,1,0,overconfident,0.95,0,mild_drift,0.9580646135726327,0.0013225794640940348,0.7903230727605235,0.8535485199506174,1768042052.1432054,0.07462228089570999,0.1928519308567047
464,29696,29695,sea_abrupt4,sea,ts_drift_adapt,3,"error_divergence_ph_meta@error.threshold=0.10,error.min_instances=5",error_divergence_ph_meta,"{""divergence"": {""alpha"": 0.1, ""delta"": 0.005, ""min_instances"": 30, ""threshold"": 0.05}, ""error_rate"": {""alpha"": 0.15, ""delta"": 0.005, ""min_instances"": 5, ""threshold"": 0.1}}","{""error_rate"": {""min_instances"": 5, ""threshold"": 0.1}}",0.1,0.005,0.15,5,0.05,0.005,0.1,30,,,,-1,two_stage,2,0.5,"__confirm_cooldown=200,divergence=0.3,error_rate=0.5,teacher_entropy=0.2",3,0,200,0.0,0,10000,10.0,25.0,200,500,0,0,1.0,0.8589372306034483,0.6563553994729738,0.3333333333333333,0.23776212334632874,0.011701246723532677,1,1,91,91,0,weighted,,,0,0,0,0.3333333333333333,0.3333333333333333,1,0.5,0.0,0.0,0.0,0,none,1,1,0,overconfident,0.95,0,severe_drift,0.9245323067863164,0.0016612897320470174,0.6451615363802617,0.8317742599753087,1768042052.1550322,0.6018249988555908,0.10357807576656342
465,29760,29759,sea_abrupt4,sea,ts_drift_adapt,3,"error_divergence_ph_meta@error.threshold=0.10,error.min_instances=5",error_divergence_ph_meta,"{""divergence"": {""alpha"": 0.1, ""delta"": 0.005, ""min_instances"": 30, ""threshold"": 0.05}, ""error_rate"": {""alpha"": 0.15, ""delta"": 0.005, ""min_instances"": 5, ""threshold"": 0.1}}","{""error_rate"": {""min_instances"": 5, ""threshold"": 0.1}}",0.1,0.005,0.15,5,0.05,0.005,0.1,30,,,,-1,two_stage,2,0.5,"__confirm_cooldown=200,divergence=0.3,error_rate=0.5,teacher_entropy=0.2",3,0,200,0.0,0,10000,10.0,25.0,200,500,1,136,1.0,0.859106182795699,0.6568075444359518,0.16666666666666666,0.2020110785961151,0.008199558593332767,0,0,91,91,-1,weighted,,,0,0,0,0.0,0.16666666666666666,0,0.0,0.0,0.0,0.0,0,none,0,1,0,overconfident,0.95,0,mild_drift,0.9424161533931581,0.0014806448660235087,0.7225807681901308,0.8433871299876543,1768042052.1666443,0.3408820331096649,0.0924624651670456
466,29824,29823,sea_abrupt4,sea,ts_drift_adapt,3,"error_divergence_ph_meta@error.threshold=0.10,error.min_instances=5",error_divergence_ph_meta,"{""divergence"": {""alpha"": 0.1, ""delta"": 0.005, ""min_instances"": 30, ""threshold"": 0.05}, ""error_rate"": {""alpha"": 0.15, ""delta"": 0.005, ""min_instances"": 5, ""threshold"": 0.1}}","{""error_rate"": {""min_instances"": 5, ""threshold"": 0.1}}",0.1,0.005,0.15,5,0.05,0.005,0.1,30,,,,-1,two_stage,2,0.5,"__confirm_cooldown=200,divergence=0.3,error_rate=0.5,teacher_entropy=0.2",3,0,200,0.0,0,10000,10.0,25.0,200,500,1,72,1.0,0.8591738197424893,0.6569711173606757,0.16666666666666666,0.24890775978565216,0.014470763504505157,0,0,91,91,-1,weighted,,,0,0,0,0.0,0.00627120491117239,0,0.0,0.0,0.0,0.0,0,none,0,1,0,overconfident,0.95,0,mild_drift,0.951358076696579,0.0013903224330117543,0.7612903840950654,0.8491935649938271,1768042052.1783838,0.34885379672050476,0.13253459334373474
467,29888,29887,sea_abrupt4,sea,ts_drift_adapt,3,"error_divergence_ph_meta@error.threshold=0.10,error.min_instances=5",error_divergence_ph_meta,"{""divergence"": {""alpha"": 0.1, ""delta"": 0.005, ""min_instances"": 30, ""threshold"": 0.05}, ""error_rate"": {""alpha"": 0.15, ""delta"": 0.005, ""min_instances"": 5, ""threshold"": 0.1}}","{""error_rate"": {""min_instances"": 5, ""threshold"": 0.1}}",0.1,0.005,0.15,5,0.05,0.005,0.1,30,,,,-1,two_stage,2,0.5,"__confirm_cooldown=200,divergence=0.3,error_rate=0.5,teacher_entropy=0.2",3,0,200,0.0,0,10000,10.0,25.0,200,500,1,8,1.0,0.859274625267666,0.657113320248885,0.16666666666666666,0.2009129673242569,0.011760781519114971,0,0,91,91,-1,weighted,,,0,0,0,0.0,0.0027099819853901863,0,0.0,0.0,0.0,0.0,0,none,0,1,0,overconfident,0.95,0,mild_drift,0.9558290383482895,0.0013451612165058771,0.7806451920475328,0.8520967824969136,1768042052.1900086,0.22998668253421783,0.12690694630146027
468,29952,29951,sea_abrupt4,sea,ts_drift_adapt,3,"error_divergence_ph_meta@error.threshold=0.10,error.min_instances=5",error_divergence_ph_meta,"{""divergence"": {""alpha"": 0.1, ""delta"": 0.005, ""min_instances"": 30, ""threshold"": 0.05}, ""error_rate"": {""alpha"": 0.15, ""delta"": 0.005, ""min_instances"": 5, ""threshold"": 0.1}}","{""error_rate"": {""min_instances"": 5, ""threshold"": 0.1}}",0.1,0.005,0.15,5,0.05,0.005,0.1,30,,,,-1,two_stage,2,0.5,"__confirm_cooldown=200,divergence=0.3,error_rate=0.5,teacher_entropy=0.2",3,0,200,0.0,0,10000,10.0,25.0,200,500,0,0,1.0,0.8593082264957265,0.6573035377207262,0.0,0.2867787778377533,0.025544002652168274,0,0,91,91,-1,weighted,,,0,0,0,0.0,0.16666666666666666,0,0.0,0.0,0.0,0.0,0,none,0,1,0,overconfident,0.95,0,mild_drift,0.9580645191741447,0.0013225806082529388,0.7903225960237664,0.8535483912484567,1768042052.20209,0.19457297027111053,0.3059648871421814
469,30016,30015,sea_abrupt4,sea,ts_drift_adapt,3,"error_divergence_ph_meta@error.threshold=0.10,error.min_instances=5",error_divergence_ph_meta,"{""divergence"": {""alpha"": 0.1, ""delta"": 0.005, ""min_instances"": 30, ""threshold"": 0.05}, ""error_rate"": {""alpha"": 0.15, ""delta"": 0.005, ""min_instances"": 5, ""threshold"": 0.1}}","{""error_rate"": {""min_instances"": 5, ""threshold"": 0.1}}",0.1,0.005,0.15,5,0.05,0.005,0.1,30,,,,-1,two_stage,2,0.5,"__confirm_cooldown=200,divergence=0.3,error_rate=0.5,teacher_entropy=0.2",3,0,200,0.0,0,10000,10.0,25.0,200,500,0,0,1.0,0.8594083155650319,0.6577901339442177,0.0,0.2786925733089447,0.028780067339539528,1,1,92,92,0,weighted,,,0,0,0,0.3333333333333333,0.003236064687371254,1,0.5,0.0,0.0,0.0,0,none,1,1,0,overconfident,0.95,0,severe_drift,0.9245322595870724,0.0016612903041264694,0.6451612980118833,0.8317741956242284,1768042052.213813,0.15555720031261444,0.23619112372398376
470,30080,30079,sea_abrupt4,sea,ts_drift_adapt,3,"error_divergence_ph_meta@error.threshold=0.10,error.min_instances=5",error_divergence_ph_meta,"{""divergence"": {""alpha"": 0.1, ""delta"": 0.005, ""min_instances"": 30, ""threshold"": 0.05}, ""error_rate"": {""alpha"": 0.15, ""delta"": 0.005, ""min_instances"": 5, ""threshold"": 0.1}}","{""error_rate"": {""min_instances"": 5, ""threshold"": 0.1}}",0.1,0.005,0.15,5,0.05,0.005,0.1,30,,,,-1,two_stage,2,0.5,"__confirm_cooldown=200,divergence=0.3,error_rate=0.5,teacher_entropy=0.2",3,0,200,0.0,0,10000,10.0,25.0,200,500,1,136,1.0,0.8594747340425531,0.657815344207221,0.0,0.24168147146701813,0.009819824248552322,0,0,92,92,-1,weighted,,,0,0,0,0.0,0.018960243090987206,0,0.0,0.0,0.0,0.0,0,none,0,1,0,overconfident,0.95,0,mild_drift,0.9424161297935362,0.0014806451520632349,0.7225806490059417,0.8433870978121142,1768042052.2254207,0.09505152702331543,0.1237466037273407
471,30144,30143,sea_abrupt4,sea,ts_drift_adapt,3,"error_divergence_ph_meta@error.threshold=0.10,error.min_instances=5",error_divergence_ph_meta,"{""divergence"": {""alpha"": 0.1, ""delta"": 0.005, ""min_instances"": 30, ""threshold"": 0.05}, ""error_rate"": {""alpha"": 0.15, ""delta"": 0.005, ""min_instances"": 5, ""threshold"": 0.1}}","{""error_rate"": {""min_instances"": 5, ""threshold"": 0.1}}",0.1,0.005,0.15,5,0.05,0.005,0.1,30,,,,-1,two_stage,2,0.5,"__confirm_cooldown=200,divergence=0.3,error_rate=0.5,teacher_entropy=0.2",3,0,200,0.0,0,10000,10.0,25.0,200,500,1,72,1.0,0.8595408704883227,0.657955010431017,0.0,0.2322397381067276,0.01299042347818613,0,0,92,92,-1,weighted,,,0,0,0,0.0,0.003170599229633808,0,0.0,0.0,0.0,0.0,0,none,0,1,0,overconfident,0.95,0,mild_drift,0.9513580648967681,0.0013903225760316176,0.7612903245029708,0.8491935489060571,1768042052.2368321,0.158552348613739,0.10495442152023315
472,30208,30207,sea_abrupt4,sea,ts_drift_adapt,3,"error_divergence_ph_meta@error.threshold=0.10,error.min_instances=5",error_divergence_ph_meta,"{""divergence"": {""alpha"": 0.1, ""delta"": 0.005, ""min_instances"": 30, ""threshold"": 0.05}, ""error_rate"": {""alpha"": 0.15, ""delta"": 0.005, ""min_instances"": 5, ""threshold"": 0.1}}","{""error_rate"": {""min_instances"": 5, ""threshold"": 0.1}}",0.1,0.005,0.15,5,0.05,0.005,0.1,30,,,,-1,two_stage,2,0.5,"__confirm_cooldown=200,divergence=0.3,error_rate=0.5,teacher_entropy=0.2",3,0,200,0.0,0,10000,10.0,25.0,200,500,1,8,1.0,0.859474311440678,0.6578496716185097,0.16666666666666666,0.2756149470806122,0.021365031599998474,0,0,92,92,-1,weighted,,,0,0,0,0.0,0.16666666666666666,0,0.0,0.0,0.0,0.0,0,none,0,1,0,overconfident,0.95,0,mild_drift,0.955829032448384,0.0013451612880158088,0.7806451622514854,0.8520967744530286,1768042052.2486782,0.26613926887512207,0.19196783006191254
473,30272,30271,sea_abrupt4,sea,ts_drift_adapt,3,"error_divergence_ph_meta@error.threshold=0.10,error.min_instances=5",error_divergence_ph_meta,"{""divergence"": {""alpha"": 0.1, ""delta"": 0.005, ""min_instances"": 30, ""threshold"": 0.05}, ""error_rate"": {""alpha"": 0.15, ""delta"": 0.005, ""min_instances"": 5, ""threshold"": 0.1}}","{""error_rate"": {""min_instances"": 5, ""threshold"": 0.1}}",0.1,0.005,0.15,5,0.05,0.005,0.1,30,,,,-1,two_stage,2,0.5,"__confirm_cooldown=200,divergence=0.3,error_rate=0.5,teacher_entropy=0.2",3,0,200,0.0,0,10000,10.0,25.0,200,500,0,0,1.0,0.8596062367864693,0.6580553924642814,0.16666666666666666,0.263416588306427,0.018118903040885925,0,0,92,92,-1,weighted,,,0,0,0,0.0,0.003246128559112549,0,0.0,0.0,0.0,0.0,0,none,0,1,0,overconfident,0.95,0,mild_drift,0.958064516224192,0.0013225806440079046,0.7903225811257427,0.8535483872265143,1768042052.2608192,0.2192392796278,0.17814478278160095
474,30336,30335,sea_abrupt4,sea,ts_drift_adapt,3,"error_divergence_ph_meta@error.threshold=0.10,error.min_instances=5",error_divergence_ph_meta,"{""divergence"": {""alpha"": 0.1, ""delta"": 0.005, ""min_instances"": 30, ""threshold"": 0.05}, ""error_rate"": {""alpha"": 0.15, ""delta"": 0.005, ""min_instances"": 5, ""threshold"": 0.1}}","{""error_rate"": {""min_instances"": 5, ""threshold"": 0.1}}",0.1,0.005,0.15,5,0.05,0.005,0.1,30,,,,-1,two_stage,2,0.5,"__confirm_cooldown=200,divergence=0.3,error_rate=0.5,teacher_entropy=0.2",3,0,200,0.0,0,10000,10.0,25.0,200,500,0,0,1.0,0.8596387130801688,0.6582515815430401,0.0,0.2844542860984802,0.02021859399974346,1,1,93,93,0,weighted,,,0,0,0,0.0,0.16666666666666666,1,0.5,0.0,0.0,0.0,0,none,1,1,0,overconfident,0.95,0,stable,0.9740322581120959,0.0010612903220039523,0.8951612905628714,0.8992741936132571,1768042052.2727108,0.09991001337766647,0.17452356219291687
475,30400,30399,sea_abrupt4,sea,ts_drift_adapt,3,"error_divergence_ph_meta@error.threshold=0.10,error.min_instances=5",error_divergence_ph_meta,"{""divergence"": {""alpha"": 0.1, ""delta"": 0.005, ""min_instances"": 30, ""threshold"": 0.05}, ""error_rate"": {""alpha"": 0.15, ""delta"": 0.005, ""min_instances"": 5, ""threshold"": 0.1}}","{""error_rate"": {""min_instances"": 5, ""threshold"": 0.1}}",0.1,0.005,0.15,5,0.05,0.005,0.1,30,,,,-1,two_stage,2,0.5,"__confirm_cooldown=200,divergence=0.3,error_rate=0.5,teacher_entropy=0.2",3,0,200,0.0,0,10000,10.0,25.0,200,500,1,136,1.0,0.8598355263157895,0.658686161368882,0.0,0.21335944533348083,0.009567709639668465,0,0,93,93,-1,weighted,,,0,0,0,0.0,0.010650884360074997,0,0.0,0.0,0.0,0.0,0,none,0,1,0,overconfident,0.95,0,mild_drift,0.9671661290560479,0.0011806451610019762,0.8475806452814357,0.8771370968066285,1768042052.2847397,0.015193752013146877,0.08084562420845032
476,30464,30463,sea_abrupt4,sea,ts_drift_adapt,3,"error_divergence_ph_meta@error.threshold=0.10,error.min_instances=5",error_divergence_ph_meta,"{""divergence"": {""alpha"": 0.1, ""delta"": 0.005, ""min_instances"": 30, ""threshold"": 0.05}, ""error_rate"": {""alpha"": 0.15, ""delta"": 0.005, ""min_instances"": 5, ""threshold"": 0.1}}","{""error_rate"": {""min_instances"": 5, ""threshold"": 0.1}}",0.1,0.005,0.15,5,0.05,0.005,0.1,30,,,,-1,two_stage,2,0.5,"__confirm_cooldown=200,divergence=0.3,error_rate=0.5,teacher_entropy=0.2",3,0,200,0.0,0,10000,10.0,25.0,200,500,1,72,1.0,0.8599002100840336,0.6588728336778213,0.16666666666666666,0.2361740618944168,0.01770137995481491,0,0,93,93,-1,weighted,,,0,0,0,0.0,0.16666666666666666,0,0.0,0.0,0.0,0.0,0,none,0,1,0,overconfident,0.95,0,mild_drift,0.963733064528024,0.0012403225805009883,0.8237903226407179,0.8660685484033143,1768042052.2973158,0.2557496130466461,0.1367846429347992
477,30528,30527,sea_abrupt4,sea,ts_drift_adapt,3,"error_divergence_ph_meta@error.threshold=0.10,error.min_instances=5",error_divergence_ph_meta,"{""divergence"": {""alpha"": 0.1, ""delta"": 0.005, ""min_instances"": 30, ""threshold"": 0.05}, ""error_rate"": {""alpha"": 0.15, ""delta"": 0.005, ""min_instances"": 5, ""threshold"": 0.1}}","{""error_rate"": {""min_instances"": 5, ""threshold"": 0.1}}",0.1,0.005,0.15,5,0.05,0.005,0.1,30,,,,-1,two_stage,2,0.5,"__confirm_cooldown=200,divergence=0.3,error_rate=0.5,teacher_entropy=0.2",3,0,200,0.0,0,10000,10.0,25.0,200,500,1,8,1.0,0.8600301362683438,0.6592878963479105,0.0,0.2040182501077652,0.013688186183571815,0,0,93,93,-1,weighted,,,0,0,0,0.0,0.16666666666666666,0,0.0,0.0,0.0,0.0,0,none,0,1,0,overconfident,0.95,0,mild_drift,0.962016532264012,0.0012701612902504943,0.811895161320359,0.8605342742016571,1768042052.3120494,0.15654200315475464,0.1337033212184906
478,30592,30591,sea_abrupt4,sea,ts_drift_adapt,3,"error_divergence_ph_meta@error.threshold=0.10,error.min_instances=5",error_divergence_ph_meta,"{""divergence"": {""alpha"": 0.1, ""delta"": 0.005, ""min_instances"": 30, ""threshold"": 0.05}, ""error_rate"": {""alpha"": 0.15, ""delta"": 0.005, ""min_instances"": 5, ""threshold"": 0.1}}","{""error_rate"": {""min_instances"": 5, ""threshold"": 0.1}}",0.1,0.005,0.15,5,0.05,0.005,0.1,30,,,,-1,two_stage,2,0.5,"__confirm_cooldown=200,divergence=0.3,error_rate=0.5,teacher_entropy=0.2",3,0,200,0.0,0,10000,10.0,25.0,200,500,0,0,1.0,0.8601922071129707,0.6596941542646781,0.0,0.24327169358730316,0.015916142612695694,0,0,93,93,-1,weighted,,,0,0,0,0.0,0.0022279564291238785,0,0.0,0.0,0.0,0.0,0,none,0,1,0,overconfident,0.95,0,mild_drift,0.961158266132006,0.0012850806451252471,0.8059475806601795,0.8577671371008285,1768042052.3263695,0.017291365191340446,0.1238396167755127
479,30656,30655,sea_abrupt4,sea,ts_drift_adapt,3,"error_divergence_ph_meta@error.threshold=0.10,error.min_instances=5",error_divergence_ph_meta,"{""divergence"": {""alpha"": 0.1, ""delta"": 0.005, ""min_instances"": 30, ""threshold"": 0.05}, ""error_rate"": {""alpha"": 0.15, ""delta"": 0.005, ""min_instances"": 5, ""threshold"": 0.1}}","{""error_rate"": {""min_instances"": 5, ""threshold"": 0.1}}",0.1,0.005,0.15,5,0.05,0.005,0.1,30,,,,-1,two_stage,2,0.5,"__confirm_cooldown=200,divergence=0.3,error_rate=0.5,teacher_entropy=0.2",3,0,200,0.0,0,10000,10.0,25.0,200,500,0,0,1.0,0.8602557411273486,0.659870263687551,0.0,0.23067079484462738,0.015170443803071976,1,1,94,94,0,weighted,,,0,0,0,0.0,0.0007456988096237183,1,0.5,0.0,0.0,0.0,0,none,1,1,0,overconfident,0.95,0,stable,0.975579133066003,0.0010425403225626235,0.9029737903300897,0.9013835685504143,1768042052.33966,0.08895314484834671,0.14061449468135834
480,30720,30719,sea_abrupt4,sea,ts_drift_adapt,3,"error_divergence_ph_meta@error.threshold=0.10,error.min_instances=5",error_divergence_ph_meta,"{""divergence"": {""alpha"": 0.1, ""delta"": 0.005, ""min_instances"": 30, ""threshold"": 0.05}, ""error_rate"": {""alpha"": 0.15, ""delta"": 0.005, ""min_instances"": 5, ""threshold"": 0.1}}","{""error_rate"": {""min_instances"": 5, ""threshold"": 0.1}}",0.1,0.005,0.15,5,0.05,0.005,0.1,30,,,,-1,two_stage,2,0.5,"__confirm_cooldown=200,divergence=0.3,error_rate=0.5,teacher_entropy=0.2",3,0,200,0.0,0,10000,10.0,25.0,200,500,1,136,1.0,0.8604166666666667,0.6605261725572859,0.0,0.26904556155204773,0.015262240543961525,0,0,94,94,-1,weighted,,,0,0,0,0.0,9.179674088954926e-05,0,0.0,0.0,0.0,0.0,0,none,0,1,0,overconfident,0.95,0,mild_drift,0.9679395665330015,0.001171270161281312,0.8514868951650449,0.8781917842752072,1768042052.351391,0.11359050124883652,0.12439735978841782
481,30784,30783,sea_abrupt4,sea,ts_drift_adapt,3,"error_divergence_ph_meta@error.threshold=0.10,error.min_instances=5",error_divergence_ph_meta,"{""divergence"": {""alpha"": 0.1, ""delta"": 0.005, ""min_instances"": 30, ""threshold"": 0.05}, ""error_rate"": {""alpha"": 0.15, ""delta"": 0.005, ""min_instances"": 5, ""threshold"": 0.1}}","{""error_rate"": {""min_instances"": 5, ""threshold"": 0.1}}",0.1,0.005,0.15,5,0.05,0.005,0.1,30,,,,-1,two_stage,2,0.5,"__confirm_cooldown=200,divergence=0.3,error_rate=0.5,teacher_entropy=0.2",3,0,200,0.0,0,10000,10.0,25.0,200,500,1,72,1.0,0.8605769230769231,0.6610796956863648,0.16666666666666666,0.22130218148231506,0.012173882685601711,0,0,94,94,-1,weighted,,,0,0,0,0.0,0.16666666666666666,0,0.0,0.0,0.0,0.0,0,none,0,1,0,overconfident,0.95,0,mild_drift,0.9641197832665007,0.0012356350806406562,0.8257434475825225,0.8665958921376036,1768042052.3632042,0.31161102652549744,0.08469699323177338
482,30848,30847,sea_abrupt4,sea,ts_drift_adapt,3,"error_divergence_ph_meta@error.threshold=0.10,error.min_instances=5",error_divergence_ph_meta,"{""divergence"": {""alpha"": 0.1, ""delta"": 0.005, ""min_instances"": 30, ""threshold"": 0.05}, ""error_rate"": {""alpha"": 0.15, ""delta"": 0.005, ""min_instances"": 5, ""threshold"": 0.1}}","{""error_rate"": {""min_instances"": 5, ""threshold"": 0.1}}",0.1,0.005,0.15,5,0.05,0.005,0.1,30,,,,-1,two_stage,2,0.5,"__confirm_cooldown=200,divergence=0.3,error_rate=0.5,teacher_entropy=0.2",3,0,200,0.0,0,10000,10.0,25.0,200,500,1,8,1.0,0.8606716804979253,0.6613923193784296,0.0,0.23398816585540771,0.017002223059535027,0,0,94,94,-1,weighted,,,0,0,0,0.0,0.16666666666666666,0,0.0,0.0,0.0,0.0,0,none,0,1,0,overconfident,0.95,0,mild_drift,0.9622098916332503,0.001267817540320328,0.8128717237912613,0.8607979460688018,1768042052.3752186,0.08879255503416061,0.12215183675289154
483,30912,30911,sea_abrupt4,sea,ts_drift_adapt,3,"error_divergence_ph_meta@error.threshold=0.10,error.min_instances=5",error_divergence_ph_meta,"{""divergence"": {""alpha"": 0.1, ""delta"": 0.005, ""min_instances"": 30, ""threshold"": 0.05}, ""error_rate"": {""alpha"": 0.15, ""delta"": 0.005, ""min_instances"": 5, ""threshold"": 0.1}}","{""error_rate"": {""min_instances"": 5, ""threshold"": 0.1}}",0.1,0.005,0.15,5,0.05,0.005,0.1,30,,,,-1,two_stage,2,0.5,"__confirm_cooldown=200,divergence=0.3,error_rate=0.5,teacher_entropy=0.2",3,0,200,0.0,0,10000,10.0,25.0,200,500,0,0,1.0,0.8606689958592133,0.6613865981653133,0.0,0.214300274848938,0.016471467912197113,0,0,94,94,-1,weighted,,,0,0,0,0.0,0.0005307551473379135,0,0.0,0.0,0.0,0.0,0,none,0,1,0,overconfident,0.95,0,mild_drift,0.9612549458166251,0.0012839087701601642,0.8064358618956307,0.8578989730344009,1768042052.387047,0.11003413051366806,0.13603773713111877
484,30976,30975,sea_abrupt4,sea,ts_drift_adapt,3,"error_divergence_ph_meta@error.threshold=0.10,error.min_instances=5",error_divergence_ph_meta,"{""divergence"": {""alpha"": 0.1, ""delta"": 0.005, ""min_instances"": 30, ""threshold"": 0.05}, ""error_rate"": {""alpha"": 0.15, ""delta"": 0.005, ""min_instances"": 5, ""threshold"": 0.1}}","{""error_rate"": {""min_instances"": 5, ""threshold"": 0.1}}",0.1,0.005,0.15,5,0.05,0.005,0.1,30,,,,-1,two_stage,2,0.5,"__confirm_cooldown=200,divergence=0.3,error_rate=0.5,teacher_entropy=0.2",3,0,200,0.0,0,10000,10.0,25.0,200,500,0,0,1.0,0.8607954545454546,0.6617173294825125,0.0,0.2654987871646881,0.015490584075450897,1,1,95,95,0,weighted,,,0,0,0,0.0,0.0009808838367462158,1,0.5,0.0,0.0,0.0,0,none,1,1,0,overconfident,0.95,0,stable,0.9756274729083125,0.001041954385080082,0.9032179309478153,0.9014494865172005,1768042052.399035,0.06801881641149521,0.11586246639490128
485,31040,31039,sea_abrupt4,sea,ts_drift_adapt,3,"error_divergence_ph_meta@error.threshold=0.10,error.min_instances=5",error_divergence_ph_meta,"{""divergence"": {""alpha"": 0.1, ""delta"": 0.005, ""min_instances"": 30, ""threshold"": 0.05}, ""error_rate"": {""alpha"": 0.15, ""delta"": 0.005, ""min_instances"": 5, ""threshold"": 0.1}}","{""error_rate"": {""min_instances"": 5, ""threshold"": 0.1}}",0.1,0.005,0.15,5,0.05,0.005,0.1,30,,,,-1,two_stage,2,0.5,"__confirm_cooldown=200,divergence=0.3,error_rate=0.5,teacher_entropy=0.2",3,0,200,0.0,0,10000,10.0,25.0,200,500,1,136,1.0,0.8610180412371135,0.6622425551715775,0.16666666666666666,0.21003450453281403,0.012790028005838394,0,0,95,95,-1,weighted,,,0,0,0,0.0,0.16666666666666666,0,0.0,0.0,0.0,0.0,0,none,0,1,0,overconfident,0.95,0,mild_drift,0.9679637364541562,0.0011709771925400411,0.8516089654739076,0.8782247432586002,1768042052.4109738,0.305016428232193,0.09287601709365845
486,31104,31103,sea_abrupt4,sea,ts_drift_adapt,3,"error_divergence_ph_meta@error.threshold=0.10,error.min_instances=5",error_divergence_ph_meta,"{""divergence"": {""alpha"": 0.1, ""delta"": 0.005, ""min_instances"": 30, ""threshold"": 0.05}, ""error_rate"": {""alpha"": 0.15, ""delta"": 0.005, ""min_instances"": 5, ""threshold"": 0.1}}","{""error_rate"": {""min_instances"": 5, ""threshold"": 0.1}}",0.1,0.005,0.15,5,0.05,0.005,0.1,30,,,,-1,two_stage,2,0.5,"__confirm_cooldown=200,divergence=0.3,error_rate=0.5,teacher_entropy=0.2",3,0,200,0.0,0,10000,10.0,25.0,200,500,1,72,1.0,0.8612397119341564,0.6627691131956402,0.16666666666666666,0.16641272604465485,0.0075722383335232735,0,0,95,95,-1,weighted,,,0,0,0,0.0,0.005217789672315121,0,0.0,0.0,0.0,0.0,0,none,0,1,0,overconfident,0.95,0,mild_drift,0.9641318682270781,0.0012354885962700206,0.8258044827369538,0.8666123716293002,1768042052.4228,0.36499908566474915,0.059045515954494476
487,31168,31167,sea_abrupt4,sea,ts_drift_adapt,3,"error_divergence_ph_meta@error.threshold=0.10,error.min_instances=5",error_divergence_ph_meta,"{""divergence"": {""alpha"": 0.1, ""delta"": 0.005, ""min_instances"": 30, ""threshold"": 0.05}, ""error_rate"": {""alpha"": 0.15, ""delta"": 0.005, ""min_instances"": 5, ""threshold"": 0.1}}","{""error_rate"": {""min_instances"": 5, ""threshold"": 0.1}}",0.1,0.005,0.15,5,0.05,0.005,0.1,30,,,,-1,two_stage,2,0.5,"__confirm_cooldown=200,divergence=0.3,error_rate=0.5,teacher_entropy=0.2",3,0,200,0.0,0,10000,10.0,25.0,200,500,1,8,1.0,0.8612358829568788,0.6627864318838227,0.16666666666666666,0.2579801082611084,0.01863877847790718,0,0,95,95,-1,weighted,,,0,0,0,0.0,0.011066540144383907,0,0.0,0.0,0.0,0.0,0,none,0,1,0,overconfident,0.95,0,mild_drift,0.962215934113539,0.0012677442981350105,0.812902241368477,0.8608061858146501,1768042052.4347992,0.1798383593559265,0.15141499042510986
488,31232,31231,sea_abrupt4,sea,ts_drift_adapt,3,"error_divergence_ph_meta@error.threshold=0.10,error.min_instances=5",error_divergence_ph_meta,"{""divergence"": {""alpha"": 0.1, ""delta"": 0.005, ""min_instances"": 30, ""threshold"": 0.05}, ""error_rate"": {""alpha"": 0.15, ""delta"": 0.005, ""min_instances"": 5, ""threshold"": 0.1}}","{""error_rate"": {""min_instances"": 5, ""threshold"": 0.1}}",0.1,0.005,0.15,5,0.05,0.005,0.1,30,,,,-1,two_stage,2,0.5,"__confirm_cooldown=200,divergence=0.3,error_rate=0.5,teacher_entropy=0.2",3,0,200,0.0,0,10000,10.0,25.0,200,500,0,0,1.0,0.8612961065573771,0.6628252236264326,0.16666666666666666,0.20526903867721558,0.007783504202961922,0,0,95,95,-1,weighted,,,0,0,0,0.0,0.010855274274945259,0,0.0,0.0,0.0,0.0,0,none,0,1,0,overconfident,0.95,0,mild_drift,0.9612579670567695,0.0012838721490675054,0.8064511206842385,0.857903092907325,1768042052.4466856,0.5557544827461243,0.06631701439619064
489,31296,31295,sea_abrupt4,sea,ts_drift_adapt,3,"error_divergence_ph_meta@error.threshold=0.10,error.min_instances=5",error_divergence_ph_meta,"{""divergence"": {""alpha"": 0.1, ""delta"": 0.005, ""min_instances"": 30, ""threshold"": 0.05}, ""error_rate"": {""alpha"": 0.15, ""delta"": 0.005, ""min_instances"": 5, ""threshold"": 0.1}}","{""error_rate"": {""min_instances"": 5, ""threshold"": 0.1}}",0.1,0.005,0.15,5,0.05,0.005,0.1,30,,,,-1,two_stage,2,0.5,"__confirm_cooldown=200,divergence=0.3,error_rate=0.5,teacher_entropy=0.2",3,0,200,0.0,0,10000,10.0,25.0,200,500,0,0,1.0,0.8613241308793456,0.6628780487390801,0.16666666666666666,0.2468954175710678,0.020518634468317032,0,0,95,95,-1,weighted,,,0,0,0,0.0,0.01273513026535511,0,0.0,0.0,0.0,0.0,0,none,0,1,0,overconfident,0.95,0,mild_drift,0.9607789835283846,0.001291936074533753,0.8032255603421192,0.8564515464536625,1768042052.4585974,0.4548187255859375,0.1420069932937622
490,31360,31359,sea_abrupt4,sea,ts_drift_adapt,3,"error_divergence_ph_meta@error.threshold=0.10,error.min_instances=5",error_divergence_ph_meta,"{""divergence"": {""alpha"": 0.1, ""delta"": 0.005, ""min_instances"": 30, ""threshold"": 0.05}, ""error_rate"": {""alpha"": 0.15, ""delta"": 0.005, ""min_instances"": 5, ""threshold"": 0.1}}","{""error_rate"": {""min_instances"": 5, ""threshold"": 0.1}}",0.1,0.005,0.15,5,0.05,0.005,0.1,30,,,,-1,two_stage,2,0.5,"__confirm_cooldown=200,divergence=0.3,error_rate=0.5,teacher_entropy=0.2",3,0,200,0.0,0,10000,10.0,25.0,200,500,0,0,1.0,0.8614795918367347,0.6632630124324387,0.0,0.21229270100593567,0.010127253830432892,1,1,96,96,0,weighted,,,0,0,0,0.0,0.16666666666666666,1,0.5,0.0,0.0,0.0,0,none,1,1,0,overconfident,0.95,0,stable,0.9753894917641923,0.0010459680372668764,0.9016127801710596,0.9007257732268312,1768042052.4706402,0.00781159708276391,0.09881669282913208
491,31424,31423,sea_abrupt4,sea,ts_drift_adapt,3,"error_divergence_ph_meta@error.threshold=0.10,error.min_instances=5",error_divergence_ph_meta,"{""divergence"": {""alpha"": 0.1, ""delta"": 0.005, ""min_instances"": 30, ""threshold"": 0.05}, ""error_rate"": {""alpha"": 0.15, ""delta"": 0.005, ""min_instances"": 5, ""threshold"": 0.1}}","{""error_rate"": {""min_instances"": 5, ""threshold"": 0.1}}",0.1,0.005,0.15,5,0.05,0.005,0.1,30,,,,-1,two_stage,2,0.5,"__confirm_cooldown=200,divergence=0.3,error_rate=0.5,teacher_entropy=0.2",3,0,200,0.0,0,10000,10.0,25.0,200,500,1,136,1.0,0.8616344195519349,0.6637537981447819,0.0,0.21102529764175415,0.018141649663448334,0,0,96,96,-1,weighted,,,0,0,0,0.0,0.008014395833015442,0,0.0,0.0,0.0,0.0,0,none,0,1,0,overconfident,0.95,0,mild_drift,0.9678447458820961,0.0011729840186334383,0.8508063900855298,0.8778628866134156,1768042052.482548,0.08002523332834244,0.129046231508255
492,31488,31487,sea_abrupt4,sea,ts_drift_adapt,3,"error_divergence_ph_meta@error.threshold=0.10,error.min_instances=5",error_divergence_ph_meta,"{""divergence"": {""alpha"": 0.1, ""delta"": 0.005, ""min_instances"": 30, ""threshold"": 0.05}, ""error_rate"": {""alpha"": 0.15, ""delta"": 0.005, ""min_instances"": 5, ""threshold"": 0.1}}","{""error_rate"": {""min_instances"": 5, ""threshold"": 0.1}}",0.1,0.005,0.15,5,0.05,0.005,0.1,30,,,,-1,two_stage,2,0.5,"__confirm_cooldown=200,divergence=0.3,error_rate=0.5,teacher_entropy=0.2",3,0,200,0.0,0,10000,10.0,25.0,200,500,1,72,1.0,0.8617886178861789,0.664204798337886,0.0,0.21975456178188324,0.01877576857805252,0,0,96,96,-1,weighted,,,0,0,0,0.0,0.000634118914604187,0,0.0,0.0,0.0,0.0,0,none,0,1,0,overconfident,0.95,0,mild_drift,0.9640723729410481,0.0012364920093167193,0.8254031950427649,0.8664314433067077,1768042052.4945416,0.056338682770729065,0.12869827449321747
493,31552,31551,sea_abrupt4,sea,ts_drift_adapt,3,"error_divergence_ph_meta@error.threshold=0.10,error.min_instances=5",error_divergence_ph_meta,"{""divergence"": {""alpha"": 0.1, ""delta"": 0.005, ""min_instances"": 30, ""threshold"": 0.05}, ""error_rate"": {""alpha"": 0.15, ""delta"": 0.005, ""min_instances"": 5, ""threshold"": 0.1}}","{""error_rate"": {""min_instances"": 5, ""threshold"": 0.1}}",0.1,0.005,0.15,5,0.05,0.005,0.1,30,,,,-1,two_stage,2,0.5,"__confirm_cooldown=200,divergence=0.3,error_rate=0.5,teacher_entropy=0.2",3,0,200,0.0,0,10000,10.0,25.0,200,500,1,8,1.0,0.8619738843813387,0.6646082277142695,0.0,0.16808731853961945,0.010793333873152733,0,0,96,96,-1,weighted,,,0,0,0,0.0,0.007982434704899788,0,0.0,0.0,0.0,0.0,0,none,0,1,0,overconfident,0.95,0,mild_drift,0.962186186470524,0.0012682460046583599,0.8127015975213825,0.8607157216533539,1768042052.509234,0.18211357295513153,0.09624895453453064
494,31616,31615,sea_abrupt4,sea,ts_drift_adapt,3,"error_divergence_ph_meta@error.threshold=0.10,error.min_instances=5",error_divergence_ph_meta,"{""divergence"": {""alpha"": 0.1, ""delta"": 0.005, ""min_instances"": 30, ""threshold"": 0.05}, ""error_rate"": {""alpha"": 0.15, ""delta"": 0.005, ""min_instances"": 5, ""threshold"": 0.1}}","{""error_rate"": {""min_instances"": 5, ""threshold"": 0.1}}",0.1,0.005,0.15,5,0.05,0.005,0.1,30,,,,-1,two_stage,2,0.5,"__confirm_cooldown=200,divergence=0.3,error_rate=0.5,teacher_entropy=0.2",3,0,200,0.0,0,10000,10.0,25.0,200,500,0,0,1.0,0.8621584008097166,0.6651163492497161,0.0,0.20630306005477905,0.026566993445158005,0,0,96,96,-1,weighted,,,0,0,0,0.0,0.015773659572005272,0,0.0,0.0,0.0,0.0,0,none,0,1,0,overconfident,0.95,0,mild_drift,0.961243093235262,0.0012841230023291801,0.8063507987606913,0.8578578608266769,1768042052.5237236,0.2041558176279068,0.21434450149536133
495,31680,31679,sea_abrupt4,sea,ts_drift_adapt,3,"error_divergence_ph_meta@error.threshold=0.10,error.min_instances=5",error_divergence_ph_meta,"{""divergence"": {""alpha"": 0.1, ""delta"": 0.005, ""min_instances"": 30, ""threshold"": 0.05}, ""error_rate"": {""alpha"": 0.15, ""delta"": 0.005, ""min_instances"": 5, ""threshold"": 0.1}}","{""error_rate"": {""min_instances"": 5, ""threshold"": 0.1}}",0.1,0.005,0.15,5,0.05,0.005,0.1,30,,,,-1,two_stage,2,0.5,"__confirm_cooldown=200,divergence=0.3,error_rate=0.5,teacher_entropy=0.2",3,0,200,0.0,0,10000,10.0,25.0,200,500,0,0,1.0,0.8622474747474748,0.6651425722720229,0.0,0.25623732805252075,0.02161375992000103,0,0,96,96,-1,weighted,,,0,0,0,0.0,0.004953233525156975,0,0.0,0.0,0.0,0.0,0,none,0,1,0,overconfident,0.95,0,mild_drift,0.960771546617631,0.00129206150116459,0.8031753993803457,0.8564289304133385,1768042052.5385358,0.16928444802761078,0.19005003571510315
496,31744,31743,sea_abrupt4,sea,ts_drift_adapt,3,"error_divergence_ph_meta@error.threshold=0.10,error.min_instances=5",error_divergence_ph_meta,"{""divergence"": {""alpha"": 0.1, ""delta"": 0.005, ""min_instances"": 30, ""threshold"": 0.05}, ""error_rate"": {""alpha"": 0.15, ""delta"": 0.005, ""min_instances"": 5, ""threshold"": 0.1}}","{""error_rate"": {""min_instances"": 5, ""threshold"": 0.1}}",0.1,0.005,0.15,5,0.05,0.005,0.1,30,,,,-1,two_stage,2,0.5,"__confirm_cooldown=200,divergence=0.3,error_rate=0.5,teacher_entropy=0.2",3,0,200,0.0,0,10000,10.0,25.0,200,500,0,0,1.0,0.8624621975806451,0.6656496659244523,0.16666666666666666,0.16816231608390808,0.006714439485222101,1,1,97,97,0,weighted,,,0,0,0,0.16666666666666666,0.16666666666666666,1,0.5,0.0,0.0,0.0,0,none,1,1,0,overconfident,0.95,0,severe_drift,0.9258857733088155,0.001646030750582295,0.6515876996901728,0.8332144652066693,1768042052.5501378,0.46277377009391785,0.07125510275363922
497,31808,31807,sea_abrupt4,sea,ts_drift_adapt,3,"error_divergence_ph_meta@error.threshold=0.10,error.min_instances=5",error_divergence_ph_meta,"{""divergence"": {""alpha"": 0.1, ""delta"": 0.005, ""min_instances"": 30, ""threshold"": 0.05}, ""error_rate"": {""alpha"": 0.15, ""delta"": 0.005, ""min_instances"": 5, ""threshold"": 0.1}}","{""error_rate"": {""min_instances"": 5, ""threshold"": 0.1}}",0.1,0.005,0.15,5,0.05,0.005,0.1,30,,,,-1,two_stage,2,0.5,"__confirm_cooldown=200,divergence=0.3,error_rate=0.5,teacher_entropy=0.2",3,0,200,0.0,0,10000,10.0,25.0,200,500,1,136,1.0,0.8626760563380281,0.6662449383218032,0.16666666666666666,0.2004806101322174,0.011241546832025051,0,0,97,97,-1,weighted,,,0,0,0,0.0,0.00452710734680295,0,0.0,0.0,0.0,0.0,0,none,0,1,0,overconfident,0.95,0,mild_drift,0.9430928866544077,0.0014730153752911476,0.7257938498450864,0.8441072326033346,1768042052.5615556,0.376122385263443,0.10454216599464417
498,31872,31871,sea_abrupt4,sea,ts_drift_adapt,3,"error_divergence_ph_meta@error.threshold=0.10,error.min_instances=5",error_divergence_ph_meta,"{""divergence"": {""alpha"": 0.1, ""delta"": 0.005, ""min_instances"": 30, ""threshold"": 0.05}, ""error_rate"": {""alpha"": 0.15, ""delta"": 0.005, ""min_instances"": 5, ""threshold"": 0.1}}","{""error_rate"": {""min_instances"": 5, ""threshold"": 0.1}}",0.1,0.005,0.15,5,0.05,0.005,0.1,30,,,,-1,two_stage,2,0.5,"__confirm_cooldown=200,divergence=0.3,error_rate=0.5,teacher_entropy=0.2",3,0,200,0.0,0,10000,10.0,25.0,200,500,1,72,1.0,0.8627635542168675,0.6664676355355708,0.16666666666666666,0.19026121497154236,0.010768407955765724,0,0,97,97,-1,weighted,,,0,0,0,0.0,0.00047313887625932693,0,0.0,0.0,0.0,0.0,0,none,0,1,0,overconfident,0.95,0,mild_drift,0.9516964433272038,0.0013865076876455739,0.7628969249225432,0.8495536163016673,1768042052.5728416,0.14433512091636658,0.0866800993680954
499,31936,31935,sea_abrupt4,sea,ts_drift_adapt,3,"error_divergence_ph_meta@error.threshold=0.10,error.min_instances=5",error_divergence_ph_meta,"{""divergence"": {""alpha"": 0.1, ""delta"": 0.005, ""min_instances"": 30, ""threshold"": 0.05}, ""error_rate"": {""alpha"": 0.15, ""delta"": 0.005, ""min_instances"": 5, ""threshold"": 0.1}}","{""error_rate"": {""min_instances"": 5, ""threshold"": 0.1}}",0.1,0.005,0.15,5,0.05,0.005,0.1,30,,,,-1,two_stage,2,0.5,"__confirm_cooldown=200,divergence=0.3,error_rate=0.5,teacher_entropy=0.2",3,0,200,0.0,0,10000,10.0,25.0,200,500,1,8,1.0,0.8628193887775552,0.66666567873846,0.0,0.21575306355953217,0.010811110958456993,0,0,97,97,-1,weighted,,,0,0,0,0.0,0.16666666666666666,0,0.0,0.0,0.0,0.0,0,none,0,1,0,overconfident,0.95,0,mild_drift,0.9559982216636018,0.001343253843822787,0.7814484624612716,0.8522768081508336,1768042052.58409,0.09507963061332703,0.12537267804145813
500,32000,31999,sea_abrupt4,sea,ts_drift_adapt,3,"error_divergence_ph_meta@error.threshold=0.10,error.min_instances=5",error_divergence_ph_meta,"{""divergence"": {""alpha"": 0.1, ""delta"": 0.005, ""min_instances"": 30, ""threshold"": 0.05}, ""error_rate"": {""alpha"": 0.15, ""delta"": 0.005, ""min_instances"": 5, ""threshold"": 0.1}}","{""error_rate"": {""min_instances"": 5, ""threshold"": 0.1}}",0.1,0.005,0.15,5,0.05,0.005,0.1,30,,,,-1,two_stage,2,0.5,"__confirm_cooldown=200,divergence=0.3,error_rate=0.5,teacher_entropy=0.2",3,0,200,0.0,0,10000,10.0,25.0,200,500,0,0,1.0,0.863,0.6670772764217734,0.16666666666666666,0.2069636732339859,0.012613908387720585,0,0,97,97,-1,weighted,,,0,0,0,0.0,0.16666666666666666,0,0.0,0.0,0.0,0.0,0,none,0,1,0,overconfident,0.95,0,mild_drift,0.9581491108318009,0.0013216269219113936,0.7907242312306358,0.8536384040754168,1768042052.595277,0.25873515009880066,0.13398204743862152
501,32064,32063,sea_abrupt4,sea,ts_drift_adapt,3,"error_divergence_ph_meta@error.threshold=0.10,error.min_instances=5",error_divergence_ph_meta,"{""divergence"": {""alpha"": 0.1, ""delta"": 0.005, ""min_instances"": 30, ""threshold"": 0.05}, ""error_rate"": {""alpha"": 0.15, ""delta"": 0.005, ""min_instances"": 5, ""threshold"": 0.1}}","{""error_rate"": {""min_instances"": 5, ""threshold"": 0.1}}",0.1,0.005,0.15,5,0.05,0.005,0.1,30,,,,-1,two_stage,2,0.5,"__confirm_cooldown=200,divergence=0.3,error_rate=0.5,teacher_entropy=0.2",3,0,200,0.0,0,10000,10.0,25.0,200,500,0,0,1.0,0.8632110778443114,0.6676579547083054,0.0,0.1959260255098343,0.013471309095621109,1,1,98,98,0,weighted,,,0,0,0,0.16666666666666666,0.16666666666666666,1,0.5,0.0,0.0,0.0,0,none,1,1,0,overconfident,0.95,0,severe_drift,0.9245745554159004,0.001660813460955697,0.645362115615318,0.8318192020377084,1768042052.6065712,0.18167559802532196,0.09763067960739136
502,32128,32127,sea_abrupt4,sea,ts_drift_adapt,3,"error_divergence_ph_meta@error.threshold=0.10,error.min_instances=5",error_divergence_ph_meta,"{""divergence"": {""alpha"": 0.1, ""delta"": 0.005, ""min_instances"": 30, ""threshold"": 0.05}, ""error_rate"": {""alpha"": 0.15, ""delta"": 0.005, ""min_instances"": 5, ""threshold"": 0.1}}","{""error_rate"": {""min_instances"": 5, ""threshold"": 0.1}}",0.1,0.005,0.15,5,0.05,0.005,0.1,30,,,,-1,two_stage,2,0.5,"__confirm_cooldown=200,divergence=0.3,error_rate=0.5,teacher_entropy=0.2",3,0,200,0.0,0,10000,10.0,25.0,200,500,1,136,1.0,0.8632968127490039,0.6678727731691132,0.0,0.19747398793697357,0.009730852209031582,0,0,98,98,-1,weighted,,,0,0,0,0.0,0.003740456886589527,0,0.0,0.0,0.0,0.0,0,none,0,1,0,overconfident,0.95,0,mild_drift,0.9424372777079502,0.0014804067304778484,0.722681057807659,0.8434096010188542,1768042052.6183453,0.035570066422224045,0.09544823318719864
503,32192,32191,sea_abrupt4,sea,ts_drift_adapt,3,"error_divergence_ph_meta@error.threshold=0.10,error.min_instances=5",error_divergence_ph_meta,"{""divergence"": {""alpha"": 0.1, ""delta"": 0.005, ""min_instances"": 30, ""threshold"": 0.05}, ""error_rate"": {""alpha"": 0.15, ""delta"": 0.005, ""min_instances"": 5, ""threshold"": 0.1}}","{""error_rate"": {""min_instances"": 5, ""threshold"": 0.1}}",0.1,0.005,0.15,5,0.05,0.005,0.1,30,,,,-1,two_stage,2,0.5,"__confirm_cooldown=200,divergence=0.3,error_rate=0.5,teacher_entropy=0.2",3,0,200,0.0,0,10000,10.0,25.0,200,500,1,72,1.0,0.8634443339960238,0.6683196337126076,0.0,0.233439639210701,0.01072087325155735,0,0,98,98,-1,weighted,,,0,0,0,0.0,0.0009900210425257683,0,0.0,0.0,0.0,0.0,0,none,0,1,0,overconfident,0.95,0,mild_drift,0.951368638853975,0.0013902033652389242,0.7613405289038295,0.849204800509427,1768042052.6302173,0.06167154014110565,0.09583567082881927
504,32256,32255,sea_abrupt4,sea,ts_drift_adapt,3,"error_divergence_ph_meta@error.threshold=0.10,error.min_instances=5",error_divergence_ph_meta,"{""divergence"": {""alpha"": 0.1, ""delta"": 0.005, ""min_instances"": 30, ""threshold"": 0.05}, ""error_rate"": {""alpha"": 0.15, ""delta"": 0.005, ""min_instances"": 5, ""threshold"": 0.1}}","{""error_rate"": {""min_instances"": 5, ""threshold"": 0.1}}",0.1,0.005,0.15,5,0.05,0.005,0.1,30,,,,-1,two_stage,2,0.5,"__confirm_cooldown=200,divergence=0.3,error_rate=0.5,teacher_entropy=0.2",3,0,200,0.0,0,10000,10.0,25.0,200,500,1,8,1.0,0.8634982638888888,0.6685719612234203,0.0,0.2383003681898117,0.015205728821456432,0,0,98,98,-1,weighted,,,0,0,0,0.0,0.004484855569899082,0,0.0,0.0,0.0,0.0,0,none,0,1,0,overconfident,0.95,0,mild_drift,0.9558343194269875,0.0013451016826194623,0.7806702644519148,0.8521024002547135,1768042052.641677,0.023743167519569397,0.16400344669818878
505,32320,32319,sea_abrupt4,sea,ts_drift_adapt,3,"error_divergence_ph_meta@error.threshold=0.10,error.min_instances=5",error_divergence_ph_meta,"{""divergence"": {""alpha"": 0.1, ""delta"": 0.005, ""min_instances"": 30, ""threshold"": 0.05}, ""error_rate"": {""alpha"": 0.15, ""delta"": 0.005, ""min_instances"": 5, ""threshold"": 0.1}}","{""error_rate"": {""min_instances"": 5, ""threshold"": 0.1}}",0.1,0.005,0.15,5,0.05,0.005,0.1,30,,,,-1,two_stage,2,0.5,"__confirm_cooldown=200,divergence=0.3,error_rate=0.5,teacher_entropy=0.2",3,0,200,0.0,0,10000,10.0,25.0,200,500,0,0,1.0,0.8635829207920792,0.6687835646333116,0.0,0.1637076884508133,0.007511468138545752,0,0,98,98,-1,weighted,,,0,0,0,0.0,0.007694260682910681,0,0.0,0.0,0.0,0.0,0,none,0,1,0,overconfident,0.95,0,mild_drift,0.9580671597134938,0.0013225508413097311,0.7903351322259574,0.8535512001273567,1768042052.6536095,0.1163877546787262,0.06252111494541168
506,32384,32383,sea_abrupt4,sea,ts_drift_adapt,3,"error_divergence_ph_meta@error.threshold=0.10,error.min_instances=5",error_divergence_ph_meta,"{""divergence"": {""alpha"": 0.1, ""delta"": 0.005, ""min_instances"": 30, ""threshold"": 0.05}, ""error_rate"": {""alpha"": 0.15, ""delta"": 0.005, ""min_instances"": 5, ""threshold"": 0.1}}","{""error_rate"": {""min_instances"": 5, ""threshold"": 0.1}}",0.1,0.005,0.15,5,0.05,0.005,0.1,30,,,,-1,two_stage,2,0.5,"__confirm_cooldown=200,divergence=0.3,error_rate=0.5,teacher_entropy=0.2",3,0,200,0.0,0,10000,10.0,25.0,200,500,0,0,1.0,0.8637598814229249,0.6692555078202077,0.0,0.188847154378891,0.006087044253945351,0,0,98,98,-1,weighted,,,0,0,0,0.0,0.001424423884600401,0,0.0,0.0,0.0,0.0,0,none,0,1,0,overconfident,0.95,0,mild_drift,0.9591835798567468,0.0013112754206548657,0.7951675661129787,0.8542756000636784,1768042052.665433,0.061083342880010605,0.0731273740530014
507,32448,32447,sea_abrupt4,sea,ts_drift_adapt,3,"error_divergence_ph_meta@error.threshold=0.10,error.min_instances=5",error_divergence_ph_meta,"{""divergence"": {""alpha"": 0.1, ""delta"": 0.005, ""min_instances"": 30, ""threshold"": 0.05}, ""error_rate"": {""alpha"": 0.15, ""delta"": 0.005, ""min_instances"": 5, ""threshold"": 0.1}}","{""error_rate"": {""min_instances"": 5, ""threshold"": 0.1}}",0.1,0.005,0.15,5,0.05,0.005,0.1,30,,,,-1,two_stage,2,0.5,"__confirm_cooldown=200,divergence=0.3,error_rate=0.5,teacher_entropy=0.2",3,0,200,0.0,0,10000,10.0,25.0,200,500,0,0,1.0,0.8639977810650887,0.6698510073834502,0.16666666666666666,0.19744345545768738,0.01249734777957201,1,1,99,99,0,weighted,,,0,0,0,0.16666666666666666,0.16666666666666666,1,0.5,0.0,0.0,0.0,0,none,1,1,0,overconfident,0.95,0,severe_drift,0.9250917899283735,0.001655637710327433,0.6475837830564893,0.8321378000318392,1768042052.6773043,0.5047149062156677,0.09464158117771149
508,32512,32511,sea_abrupt4,sea,ts_drift_adapt,3,"error_divergence_ph_meta@error.threshold=0.10,error.min_instances=5",error_divergence_ph_meta,"{""divergence"": {""alpha"": 0.1, ""delta"": 0.005, ""min_instances"": 30, ""threshold"": 0.05}, ""error_rate"": {""alpha"": 0.15, ""delta"": 0.005, ""min_instances"": 5, ""threshold"": 0.1}}","{""error_rate"": {""min_instances"": 5, ""threshold"": 0.1}}",0.1,0.005,0.15,5,0.05,0.005,0.1,30,,,,-1,two_stage,2,0.5,"__confirm_cooldown=200,divergence=0.3,error_rate=0.5,teacher_entropy=0.2",3,0,200,0.0,0,10000,10.0,25.0,200,500,1,136,1.0,0.8640809547244095,0.6699363561890582,0.0,0.23417478799819946,0.014634966850280762,0,0,99,99,-1,weighted,,,0,0,0,0.0,0.16666666666666666,0,0.0,0.0,0.0,0.0,0,none,0,1,0,overconfident,0.95,0,mild_drift,0.9426958949641867,0.0014778188551637164,0.7237918915282446,0.8435689000159197,1768042052.6890466,0.06899532675743103,0.11895417422056198
509,32576,32575,sea_abrupt4,sea,ts_drift_adapt,3,"error_divergence_ph_meta@error.threshold=0.10,error.min_instances=5",error_divergence_ph_meta,"{""divergence"": {""alpha"": 0.1, ""delta"": 0.005, ""min_instances"": 30, ""threshold"": 0.05}, ""error_rate"": {""alpha"": 0.15, ""delta"": 0.005, ""min_instances"": 5, ""threshold"": 0.1}}","{""error_rate"": {""min_instances"": 5, ""threshold"": 0.1}}",0.1,0.005,0.15,5,0.05,0.005,0.1,30,,,,-1,two_stage,2,0.5,"__confirm_cooldown=200,divergence=0.3,error_rate=0.5,teacher_entropy=0.2",3,0,200,0.0,0,10000,10.0,25.0,200,500,1,72,1.0,0.8641331041257367,0.6699618661491916,0.0,0.21796175837516785,0.01181099098175764,0,0,99,99,-1,weighted,,,0,0,0,0.0,0.002823975868523121,0,0.0,0.0,0.0,0.0,0,none,0,1,0,overconfident,0.95,0,mild_drift,0.9514979474820933,0.0013889094275818582,0.7618959457641223,0.8492844500079598,1768042052.7016804,0.03849191218614578,0.09119029343128204
510,32640,32639,sea_abrupt4,sea,ts_drift_adapt,3,"error_divergence_ph_meta@error.threshold=0.10,error.min_instances=5",error_divergence_ph_meta,"{""divergence"": {""alpha"": 0.1, ""delta"": 0.005, ""min_instances"": 30, ""threshold"": 0.05}, ""error_rate"": {""alpha"": 0.15, ""delta"": 0.005, ""min_instances"": 5, ""threshold"": 0.1}}","{""error_rate"": {""min_instances"": 5, ""threshold"": 0.1}}",0.1,0.005,0.15,5,0.05,0.005,0.1,30,,,,-1,two_stage,2,0.5,"__confirm_cooldown=200,divergence=0.3,error_rate=0.5,teacher_entropy=0.2",3,0,200,0.0,0,10000,10.0,25.0,200,500,1,8,1.0,0.8642463235294118,0.6702698670444777,0.16666666666666666,0.2044295221567154,0.012225904501974583,0,0,99,99,-1,weighted,,,0,0,0,0.0,0.16666666666666666,0,0.0,0.0,0.0,0.0,0,none,0,1,0,overconfident,0.95,0,mild_drift,0.9558989737410466,0.0013444547137909293,0.7809479728820612,0.8521422250039798,1768042052.7159505,0.196145161986351,0.12094569951295853
511,32704,32703,sea_abrupt4,sea,ts_drift_adapt,3,"error_divergence_ph_meta@error.threshold=0.10,error.min_instances=5",error_divergence_ph_meta,"{""divergence"": {""alpha"": 0.1, ""delta"": 0.005, ""min_instances"": 30, ""threshold"": 0.05}, ""error_rate"": {""alpha"": 0.15, ""delta"": 0.005, ""min_instances"": 5, ""threshold"": 0.1}}","{""error_rate"": {""min_instances"": 5, ""threshold"": 0.1}}",0.1,0.005,0.15,5,0.05,0.005,0.1,30,,,,-1,two_stage,2,0.5,"__confirm_cooldown=200,divergence=0.3,error_rate=0.5,teacher_entropy=0.2",3,0,200,0.0,0,10000,10.0,25.0,200,500,0,0,1.0,0.8643896771037182,0.6706866224100905,0.16666666666666666,0.1840623915195465,0.006145402789115906,0,0,99,99,-1,weighted,,,0,0,0,0.0,0.006080501712858677,0,0.0,0.0,0.0,0.0,0,none,0,1,0,overconfident,0.95,0,mild_drift,0.9580994868705233,0.0013222273568954646,0.7904739864410306,0.8535711125019899,1768042052.7301865,0.5065916180610657,0.0678141862154007
512,32768,32767,sea_abrupt4,sea,ts_drift_adapt,3,"error_divergence_ph_meta@error.threshold=0.10,error.min_instances=5",error_divergence_ph_meta,"{""divergence"": {""alpha"": 0.1, ""delta"": 0.005, ""min_instances"": 30, ""threshold"": 0.05}, ""error_rate"": {""alpha"": 0.15, ""delta"": 0.005, ""min_instances"": 5, ""threshold"": 0.1}}","{""error_rate"": {""min_instances"": 5, ""threshold"": 0.1}}",0.1,0.005,0.15,5,0.05,0.005,0.1,30,,,,-1,two_stage,2,0.5,"__confirm_cooldown=200,divergence=0.3,error_rate=0.5,teacher_entropy=0.2",3,0,200,0.0,0,10000,10.0,25.0,200,500,0,0,1.0,0.86456298828125,0.6711254458081097,0.16666666666666666,0.18703965842723846,0.008501911535859108,0,0,99,99,-1,weighted,,,0,0,0,0.0,0.002356508746743202,0,0.0,0.0,0.0,0.0,0,none,0,1,0,overconfident,0.95,0,mild_drift,0.9591997434352616,0.0013111136784477325,0.7952369932205153,0.854285556250995,1768042052.743365,0.21692657470703125,0.08708629012107849
513,32832,32831,sea_abrupt4,sea,ts_drift_adapt,3,"error_divergence_ph_meta@error.threshold=0.10,error.min_instances=5",error_divergence_ph_meta,"{""divergence"": {""alpha"": 0.1, ""delta"": 0.005, ""min_instances"": 30, ""threshold"": 0.05}, ""error_rate"": {""alpha"": 0.15, ""delta"": 0.005, ""min_instances"": 5, ""threshold"": 0.1}}","{""error_rate"": {""min_instances"": 5, ""threshold"": 0.1}}",0.1,0.005,0.15,5,0.05,0.005,0.1,30,,,,-1,two_stage,2,0.5,"__confirm_cooldown=200,divergence=0.3,error_rate=0.5,teacher_entropy=0.2",3,0,200,0.0,0,10000,10.0,25.0,200,500,0,0,1.0,0.8646747076023392,0.6714794982369118,0.0,0.270386666059494,0.0160125270485878,1,1,100,100,0,weighted,,,0,0,0,0.16666666666666666,0.16666666666666666,1,0.5,0.0,0.0,0.0,0,none,1,1,0,overconfident,0.95,0,severe_drift,0.9250998717176309,0.0016555568392238663,0.6476184966102576,0.8321427781254975,1768042052.7548888,0.03910241648554802,0.1248035877943039
514,32896,32895,sea_abrupt4,sea,ts_drift_adapt,3,"error_divergence_ph_meta@error.threshold=0.10,error.min_instances=5",error_divergence_ph_meta,"{""divergence"": {""alpha"": 0.1, ""delta"": 0.005, ""min_instances"": 30, ""threshold"": 0.05}, ""error_rate"": {""alpha"": 0.15, ""delta"": 0.005, ""min_instances"": 5, ""threshold"": 0.1}}","{""error_rate"": {""min_instances"": 5, ""threshold"": 0.1}}",0.1,0.005,0.15,5,0.05,0.005,0.1,30,,,,-1,two_stage,2,0.5,"__confirm_cooldown=200,divergence=0.3,error_rate=0.5,teacher_entropy=0.2",3,0,200,0.0,0,10000,10.0,25.0,200,500,1,136,1.0,0.8648163910505836,0.6717500856860138,0.16666666666666666,0.21743187308311462,0.009801159612834454,0,0,100,100,-1,weighted,,,0,0,0,0.0,0.16666666666666666,0,0.0,0.0,0.0,0.0,0,none,0,1,0,overconfident,0.95,0,mild_drift,0.9426999358588154,0.0014777784196119332,0.7238092483051288,0.8435713890627488,1768042052.7661223,0.3691945970058441,0.09112869203090668
515,32960,32959,sea_abrupt4,sea,ts_drift_adapt,3,"error_divergence_ph_meta@error.threshold=0.10,error.min_instances=5",error_divergence_ph_meta,"{""divergence"": {""alpha"": 0.1, ""delta"": 0.005, ""min_instances"": 30, ""threshold"": 0.05}, ""error_rate"": {""alpha"": 0.15, ""delta"": 0.005, ""min_instances"": 5, ""threshold"": 0.1}}","{""error_rate"": {""min_instances"": 5, ""threshold"": 0.1}}",0.1,0.005,0.15,5,0.05,0.005,0.1,30,,,,-1,two_stage,2,0.5,"__confirm_cooldown=200,divergence=0.3,error_rate=0.5,teacher_entropy=0.2",3,0,200,0.0,0,10000,10.0,25.0,200,500,1,72,1.0,0.8648361650485437,0.6717926071743425,0.0,0.25258010625839233,0.018215181306004524,0,0,100,100,-1,weighted,,,0,0,0,0.0,0.16666666666666666,0,0.0,0.0,0.0,0.0,0,none,0,1,0,overconfident,0.95,0,mild_drift,0.9514999679294076,0.0013888892098059668,0.7619046241525644,0.8492856945313744,1768042052.7777505,0.006193406879901886,0.1286391019821167
516,33024,33023,sea_abrupt4,sea,ts_drift_adapt,3,"error_divergence_ph_meta@error.threshold=0.10,error.min_instances=5",error_divergence_ph_meta,"{""divergence"": {""alpha"": 0.1, ""delta"": 0.005, ""min_instances"": 30, ""threshold"": 0.05}, ""error_rate"": {""alpha"": 0.15, ""delta"": 0.005, ""min_instances"": 5, ""threshold"": 0.1}}","{""error_rate"": {""min_instances"": 5, ""threshold"": 0.1}}",0.1,0.005,0.15,5,0.05,0.005,0.1,30,,,,-1,two_stage,2,0.5,"__confirm_cooldown=200,divergence=0.3,error_rate=0.5,teacher_entropy=0.2",3,0,200,0.0,0,10000,10.0,25.0,200,500,1,8,1.0,0.8649164244186046,0.6719555286255773,0.0,0.21462832391262054,0.01675351709127426,0,0,100,100,-1,weighted,,,0,0,0,0.0,0.0014616642147302628,0,0.0,0.0,0.0,0.0,0,none,0,1,0,overconfident,0.95,0,mild_drift,0.9558999839647038,0.0013444446049029834,0.7809523120762822,0.8521428472656871,1768042052.789053,0.0882873460650444,0.1552293598651886
517,33088,33087,sea_abrupt4,sea,ts_drift_adapt,3,"error_divergence_ph_meta@error.threshold=0.10,error.min_instances=5",error_divergence_ph_meta,"{""divergence"": {""alpha"": 0.1, ""delta"": 0.005, ""min_instances"": 30, ""threshold"": 0.05}, ""error_rate"": {""alpha"": 0.15, ""delta"": 0.005, ""min_instances"": 5, ""threshold"": 0.1}}","{""error_rate"": {""min_instances"": 5, ""threshold"": 0.1}}",0.1,0.005,0.15,5,0.05,0.005,0.1,30,,,,-1,two_stage,2,0.5,"__confirm_cooldown=200,divergence=0.3,error_rate=0.5,teacher_entropy=0.2",3,0,200,0.0,0,10000,10.0,25.0,200,500,0,0,1.0,0.8649963733075435,0.6722259885867019,0.0,0.23900838196277618,0.009592212736606598,0,0,100,100,-1,weighted,,,0,0,0,0.0,0.007161304354667664,0,0.0,0.0,0.0,0.0,0,none,0,1,0,overconfident,0.95,0,mild_drift,0.9580999919823519,0.0013222223024514919,0.7904761560381411,0.8535714236328436,1768042052.8007953,0.018531812354922295,0.07605461031198502
518,33152,33151,sea_abrupt4,sea,ts_drift_adapt,3,"error_divergence_ph_meta@error.threshold=0.10,error.min_instances=5",error_divergence_ph_meta,"{""divergence"": {""alpha"": 0.1, ""delta"": 0.005, ""min_instances"": 30, ""threshold"": 0.05}, ""error_rate"": {""alpha"": 0.15, ""delta"": 0.005, ""min_instances"": 5, ""threshold"": 0.1}}","{""error_rate"": {""min_instances"": 5, ""threshold"": 0.1}}",0.1,0.005,0.15,5,0.05,0.005,0.1,30,,,,-1,two_stage,2,0.5,"__confirm_cooldown=200,divergence=0.3,error_rate=0.5,teacher_entropy=0.2",3,0,200,0.0,0,10000,10.0,25.0,200,500,0,0,1.0,0.865226833976834,0.6728407270374712,0.16666666666666666,0.22802619636058807,0.009708532132208347,1,1,101,101,0,weighted,,,0,0,0,0.16666666666666666,0.16666666666666666,1,0.5,0.0,0.0,0.0,0,none,1,1,0,overconfident,0.95,0,severe_drift,0.9245499959911759,0.001661111151225746,0.6452380780190705,0.8317857118164218,1768042052.8123944,0.16789191961288452,0.10280945897102356
519,33216,33215,sea_abrupt4,sea,ts_drift_adapt,3,"error_divergence_ph_meta@error.threshold=0.10,error.min_instances=5",error_divergence_ph_meta,"{""divergence"": {""alpha"": 0.1, ""delta"": 0.005, ""min_instances"": 30, ""threshold"": 0.05}, ""error_rate"": {""alpha"": 0.15, ""delta"": 0.005, ""min_instances"": 5, ""threshold"": 0.1}}","{""error_rate"": {""min_instances"": 5, ""threshold"": 0.1}}",0.1,0.005,0.15,5,0.05,0.005,0.1,30,,,,-1,two_stage,2,0.5,"__confirm_cooldown=200,divergence=0.3,error_rate=0.5,teacher_entropy=0.2",3,0,200,0.0,0,10000,10.0,25.0,200,500,1,136,1.0,0.8653961946050096,0.6734108612539625,0.16666666666666666,0.16687533259391785,0.004180385731160641,0,0,101,101,-1,weighted,,,0,0,0,0.0,0.005528146401047707,0,0.0,0.0,0.0,0.0,0,none,0,1,0,overconfident,0.95,0,mild_drift,0.9424249979955879,0.001480555575612873,0.7226190390095353,0.8433928559082109,1768042052.8242626,0.21923387050628662,0.0496935099363327
520,33280,33279,sea_abrupt4,sea,ts_drift_adapt,3,"error_divergence_ph_meta@error.threshold=0.10,error.min_instances=5",error_divergence_ph_meta,"{""divergence"": {""alpha"": 0.1, ""delta"": 0.005, ""min_instances"": 30, ""threshold"": 0.05}, ""error_rate"": {""alpha"": 0.15, ""delta"": 0.005, ""min_instances"": 5, ""threshold"": 0.1}}","{""error_rate"": {""min_instances"": 5, ""threshold"": 0.1}}",0.1,0.005,0.15,5,0.05,0.005,0.1,30,,,,-1,two_stage,2,0.5,"__confirm_cooldown=200,divergence=0.3,error_rate=0.5,teacher_entropy=0.2",3,0,200,0.0,0,10000,10.0,25.0,200,500,1,72,1.0,0.8655348557692307,0.6738936694713691,0.3333333333333333,0.1916743665933609,0.00551470834761858,0,0,101,101,-1,weighted,,,0,0,0,0.0,0.16666666666666666,0,0.0,0.0,0.0,0.0,0,none,0,1,0,overconfident,0.95,0,mild_drift,0.9513624989977939,0.0013902777878064365,0.7613095195047677,0.8491964279541054,1768042052.8354213,0.30385658144950867,0.06572321057319641
521,33344,33343,sea_abrupt4,sea,ts_drift_adapt,3,"error_divergence_ph_meta@error.threshold=0.10,error.min_instances=5",error_divergence_ph_meta,"{""divergence"": {""alpha"": 0.1, ""delta"": 0.005, ""min_instances"": 30, ""threshold"": 0.05}, ""error_rate"": {""alpha"": 0.15, ""delta"": 0.005, ""min_instances"": 5, ""threshold"": 0.1}}","{""error_rate"": {""min_instances"": 5, ""threshold"": 0.1}}",0.1,0.005,0.15,5,0.05,0.005,0.1,30,,,,-1,two_stage,2,0.5,"__confirm_cooldown=200,divergence=0.3,error_rate=0.5,teacher_entropy=0.2",3,0,200,0.0,0,10000,10.0,25.0,200,500,1,8,1.0,0.8656130038387716,0.6740853794972922,0.3333333333333333,0.2333567589521408,0.011641285382211208,0,0,101,101,-1,weighted,,,0,0,0,0.0,0.0061265770345926285,0,0.0,0.0,0.0,0.0,0,none,0,1,0,overconfident,0.95,0,mild_drift,0.955831249498897,0.0013451388939032184,0.7806547597523839,0.8520982139770528,1768042052.84696,0.795950710773468,0.09898290038108826
522,33408,33407,sea_abrupt4,sea,ts_drift_adapt,3,"error_divergence_ph_meta@error.threshold=0.10,error.min_instances=5",error_divergence_ph_meta,"{""divergence"": {""alpha"": 0.1, ""delta"": 0.005, ""min_instances"": 30, ""threshold"": 0.05}, ""error_rate"": {""alpha"": 0.15, ""delta"": 0.005, ""min_instances"": 5, ""threshold"": 0.1}}","{""error_rate"": {""min_instances"": 5, ""threshold"": 0.1}}",0.1,0.005,0.15,5,0.05,0.005,0.1,30,,,,-1,two_stage,2,0.5,"__confirm_cooldown=200,divergence=0.3,error_rate=0.5,teacher_entropy=0.2",3,0,200,0.0,0,10000,10.0,25.0,200,500,0,0,1.0,0.8656609195402298,0.6741810480533714,0.0,0.23767676949501038,0.012964986264705658,0,0,101,101,-1,weighted,,,0,0,0,0.0,0.3333333333333333,0,0.0,0.0,0.0,0.0,0,none,0,1,0,overconfident,0.95,0,mild_drift,0.9580656247494485,0.0013225694469516094,0.790327379876192,0.8535491069885264,1768042052.8586357,0.13276776671409607,0.12054245173931122
523,33472,33471,sea_abrupt4,sea,ts_drift_adapt,3,"error_divergence_ph_meta@error.threshold=0.10,error.min_instances=5",error_divergence_ph_meta,"{""divergence"": {""alpha"": 0.1, ""delta"": 0.005, ""min_instances"": 30, ""threshold"": 0.05}, ""error_rate"": {""alpha"": 0.15, ""delta"": 0.005, ""min_instances"": 5, ""threshold"": 0.1}}","{""error_rate"": {""min_instances"": 5, ""threshold"": 0.1}}",0.1,0.005,0.15,5,0.05,0.005,0.1,30,,,,-1,two_stage,2,0.5,"__confirm_cooldown=200,divergence=0.3,error_rate=0.5,teacher_entropy=0.2",3,0,200,0.0,0,10000,10.0,25.0,200,500,0,0,1.0,0.8658580305927343,0.6745843875559193,0.0,0.18749916553497314,0.010443014092743397,1,1,102,102,0,weighted,,,0,0,0,0.16666666666666666,0.002521972171962261,1,0.5,0.0,0.0,0.0,0,none,1,1,0,overconfident,0.95,0,severe_drift,0.9245328123747243,0.0016612847234758047,0.6451636899380959,0.8317745534942632,1768042052.8705583,0.0636448860168457,0.09697827696800232
524,33536,33535,sea_abrupt4,sea,ts_drift_adapt,3,"error_divergence_ph_meta@error.threshold=0.10,error.min_instances=5",error_divergence_ph_meta,"{""divergence"": {""alpha"": 0.1, ""delta"": 0.005, ""min_instances"": 30, ""threshold"": 0.05}, ""error_rate"": {""alpha"": 0.15, ""delta"": 0.005, ""min_instances"": 5, ""threshold"": 0.1}}","{""error_rate"": {""min_instances"": 5, ""threshold"": 0.1}}",0.1,0.005,0.15,5,0.05,0.005,0.1,30,,,,-1,two_stage,2,0.5,"__confirm_cooldown=200,divergence=0.3,error_rate=0.5,teacher_entropy=0.2",3,0,200,0.0,0,10000,10.0,25.0,200,500,1,136,1.0,0.8660842080152672,0.6750501879770222,0.0,0.15580186247825623,0.005966436117887497,0,0,102,102,-1,weighted,,,0,0,0,0.0,0.0044765779748559,0,0.0,0.0,0.0,0.0,0,none,0,1,0,overconfident,0.95,0,mild_drift,0.9424164061873621,0.0014806423617379025,0.722581844969048,0.8433872767471315,1768042052.8821456,0.1131710633635521,0.06029314547777176
525,33600,33599,sea_abrupt4,sea,ts_drift_adapt,3,"error_divergence_ph_meta@error.threshold=0.10,error.min_instances=5",error_divergence_ph_meta,"{""divergence"": {""alpha"": 0.1, ""delta"": 0.005, ""min_instances"": 30, ""threshold"": 0.05}, ""error_rate"": {""alpha"": 0.15, ""delta"": 0.005, ""min_instances"": 5, ""threshold"": 0.1}}","{""error_rate"": {""min_instances"": 5, ""threshold"": 0.1}}",0.1,0.005,0.15,5,0.05,0.005,0.1,30,,,,-1,two_stage,2,0.5,"__confirm_cooldown=200,divergence=0.3,error_rate=0.5,teacher_entropy=0.2",3,0,200,0.0,0,10000,10.0,25.0,200,500,1,72,1.0,0.8662797619047619,0.6753740047355696,0.0,0.17052246630191803,0.02146190032362938,0,0,102,102,-1,weighted,,,0,0,0,0.0,0.015495464205741882,0,0.0,0.0,0.0,0.0,0,none,0,1,0,overconfident,0.95,0,mild_drift,0.951358203093681,0.0013903211808689512,0.761290922484524,0.8491936383735658,1768042052.893705,0.018932869657874107,0.15879707038402557
526,33664,33663,sea_abrupt4,sea,ts_drift_adapt,3,"error_divergence_ph_meta@error.threshold=0.10,error.min_instances=5",error_divergence_ph_meta,"{""divergence"": {""alpha"": 0.1, ""delta"": 0.005, ""min_instances"": 30, ""threshold"": 0.05}, ""error_rate"": {""alpha"": 0.15, ""delta"": 0.005, ""min_instances"": 5, ""threshold"": 0.1}}","{""error_rate"": {""min_instances"": 5, ""threshold"": 0.1}}",0.1,0.005,0.15,5,0.05,0.005,0.1,30,,,,-1,two_stage,2,0.5,"__confirm_cooldown=200,divergence=0.3,error_rate=0.5,teacher_entropy=0.2",3,0,200,0.0,0,10000,10.0,25.0,200,500,1,8,1.0,0.8663557509505704,0.6755529995276512,0.16666666666666666,0.19253233075141907,0.022243916988372803,0,0,102,102,-1,weighted,,,0,0,0,0.0,0.16666666666666666,0,0.0,0.0,0.0,0.0,0,none,0,1,0,overconfident,0.95,0,mild_drift,0.9558291015468405,0.0013451605904344758,0.780645461242262,0.8520968191867828,1768042052.9055853,0.1559336930513382,0.21912065148353577
527,33728,33727,sea_abrupt4,sea,ts_drift_adapt,3,"error_divergence_ph_meta@error.threshold=0.10,error.min_instances=5",error_divergence_ph_meta,"{""divergence"": {""alpha"": 0.1, ""delta"": 0.005, ""min_instances"": 30, ""threshold"": 0.05}, ""error_rate"": {""alpha"": 0.15, ""delta"": 0.005, ""min_instances"": 5, ""threshold"": 0.1}}","{""error_rate"": {""min_instances"": 5, ""threshold"": 0.1}}",0.1,0.005,0.15,5,0.05,0.005,0.1,30,,,,-1,two_stage,2,0.5,"__confirm_cooldown=200,divergence=0.3,error_rate=0.5,teacher_entropy=0.2",3,0,200,0.0,0,10000,10.0,25.0,200,500,0,0,1.0,0.8664018026565465,0.6755517566556882,0.16666666666666666,0.20365257561206818,0.018137037754058838,0,0,102,102,-1,weighted,,,0,0,0,0.0,0.004106879234313965,0,0.0,0.0,0.0,0.0,0,none,0,1,0,overconfident,0.95,0,mild_drift,0.9580645507734202,0.001322580295217238,0.790322730621131,0.8535484095933914,1768042052.9176478,0.2747136354446411,0.12395653873682022
528,33792,33791,sea_abrupt4,sea,ts_drift_adapt,3,"error_divergence_ph_meta@error.threshold=0.10,error.min_instances=5",error_divergence_ph_meta,"{""divergence"": {""alpha"": 0.1, ""delta"": 0.005, ""min_instances"": 30, ""threshold"": 0.05}, ""error_rate"": {""alpha"": 0.15, ""delta"": 0.005, ""min_instances"": 5, ""threshold"": 0.1}}","{""error_rate"": {""min_instances"": 5, ""threshold"": 0.1}}",0.1,0.005,0.15,5,0.05,0.005,0.1,30,,,,-1,two_stage,2,0.5,"__confirm_cooldown=200,divergence=0.3,error_rate=0.5,teacher_entropy=0.2",3,0,200,0.0,0,10000,10.0,25.0,200,500,0,0,1.0,0.8664476799242424,0.675527721584649,0.0,0.2235882729291916,0.008330750279128551,1,1,103,103,0,weighted,,,0,0,0,0.0,0.16666666666666666,1,0.5,0.0,0.0,0.0,0,none,1,1,0,overconfident,0.95,0,stable,0.9740322753867101,0.001061290147608619,0.8951613653105654,0.8992742047966957,1768042052.9315846,0.011748631484806538,0.05661680921912193
529,33856,33855,sea_abrupt4,sea,ts_drift_adapt,3,"error_divergence_ph_meta@error.threshold=0.10,error.min_instances=5",error_divergence_ph_meta,"{""divergence"": {""alpha"": 0.1, ""delta"": 0.005, ""min_instances"": 30, ""threshold"": 0.05}, ""error_rate"": {""alpha"": 0.15, ""delta"": 0.005, ""min_instances"": 5, ""threshold"": 0.1}}","{""error_rate"": {""min_instances"": 5, ""threshold"": 0.1}}",0.1,0.005,0.15,5,0.05,0.005,0.1,30,,,,-1,two_stage,2,0.5,"__confirm_cooldown=200,divergence=0.3,error_rate=0.5,teacher_entropy=0.2",3,0,200,0.0,0,10000,10.0,25.0,200,500,1,136,1.0,0.8665524574669187,0.6756868209734115,0.16666666666666666,0.1707065850496292,0.011202248744666576,0,0,103,103,-1,weighted,,,0,0,0,0.0,0.16666666666666666,0,0.0,0.0,0.0,0.0,0,none,0,1,0,overconfident,0.95,0,mild_drift,0.967166137693355,0.0011806450738043096,0.8475806826552827,0.8771371023983479,1768042052.9459982,0.31538698077201843,0.07917952537536621
530,33920,33919,sea_abrupt4,sea,ts_drift_adapt,3,"error_divergence_ph_meta@error.threshold=0.10,error.min_instances=5",error_divergence_ph_meta,"{""divergence"": {""alpha"": 0.1, ""delta"": 0.005, ""min_instances"": 30, ""threshold"": 0.05}, ""error_rate"": {""alpha"": 0.15, ""delta"": 0.005, ""min_instances"": 5, ""threshold"": 0.1}}","{""error_rate"": {""min_instances"": 5, ""threshold"": 0.1}}",0.1,0.005,0.15,5,0.05,0.005,0.1,30,,,,-1,two_stage,2,0.5,"__confirm_cooldown=200,divergence=0.3,error_rate=0.5,teacher_entropy=0.2",3,0,200,0.0,0,10000,10.0,25.0,200,500,1,72,1.0,0.8667158018867924,0.6761437681466562,0.0,0.19564464688301086,0.008149460889399052,0,0,103,103,-1,weighted,,,0,0,0,0.0,0.16666666666666666,0,0.0,0.0,0.0,0.0,0,none,0,1,0,overconfident,0.95,0,mild_drift,0.9637330688466774,0.001240322536902155,0.8237903413276414,0.8660685511991739,1768042052.9599628,0.022521989420056343,0.08536604046821594
531,33984,33983,sea_abrupt4,sea,ts_drift_adapt,3,"error_divergence_ph_meta@error.threshold=0.10,error.min_instances=5",error_divergence_ph_meta,"{""divergence"": {""alpha"": 0.1, ""delta"": 0.005, ""min_instances"": 30, ""threshold"": 0.05}, ""error_rate"": {""alpha"": 0.15, ""delta"": 0.005, ""min_instances"": 5, ""threshold"": 0.1}}","{""error_rate"": {""min_instances"": 5, ""threshold"": 0.1}}",0.1,0.005,0.15,5,0.05,0.005,0.1,30,,,,-1,two_stage,2,0.5,"__confirm_cooldown=200,divergence=0.3,error_rate=0.5,teacher_entropy=0.2",3,0,200,0.0,0,10000,10.0,25.0,200,500,1,8,1.0,0.8667902542372882,0.6763927460413606,0.0,0.21597245335578918,0.009268631227314472,0,0,103,103,-1,weighted,,,0,0,0,0.0,0.0011191703379154205,0,0.0,0.0,0.0,0.0,0,none,0,1,0,overconfident,0.95,0,mild_drift,0.9620165344233387,0.0012701612684510775,0.8118951706638207,0.860534275599587,1768042052.9718792,0.16077327728271484,0.08003008365631104
532,34048,34047,sea_abrupt4,sea,ts_drift_adapt,3,"error_divergence_ph_meta@error.threshold=0.10,error.min_instances=5",error_divergence_ph_meta,"{""divergence"": {""alpha"": 0.1, ""delta"": 0.005, ""min_instances"": 30, ""threshold"": 0.05}, ""error_rate"": {""alpha"": 0.15, ""delta"": 0.005, ""min_instances"": 5, ""threshold"": 0.1}}","{""error_rate"": {""min_instances"": 5, ""threshold"": 0.1}}",0.1,0.005,0.15,5,0.05,0.005,0.1,30,,,,-1,two_stage,2,0.5,"__confirm_cooldown=200,divergence=0.3,error_rate=0.5,teacher_entropy=0.2",3,0,200,0.0,0,10000,10.0,25.0,200,500,0,0,1.0,0.8668937969924813,0.6766644237384205,0.0,0.2291996330022812,0.018932804465293884,0,0,103,103,-1,weighted,,,0,0,0,0.0,0.009664173237979412,0,0.0,0.0,0.0,0.0,0,none,0,1,0,overconfident,0.95,0,mild_drift,0.9611582672116693,0.001285080634225539,0.8059475853319104,0.8577671377997935,1768042052.9836447,0.1103966236114502,0.17460905015468597
533,34112,34111,sea_abrupt4,sea,ts_drift_adapt,3,"error_divergence_ph_meta@error.threshold=0.10,error.min_instances=5",error_divergence_ph_meta,"{""divergence"": {""alpha"": 0.1, ""delta"": 0.005, ""min_instances"": 30, ""threshold"": 0.05}, ""error_rate"": {""alpha"": 0.15, ""delta"": 0.005, ""min_instances"": 5, ""threshold"": 0.1}}","{""error_rate"": {""min_instances"": 5, ""threshold"": 0.1}}",0.1,0.005,0.15,5,0.05,0.005,0.1,30,,,,-1,two_stage,2,0.5,"__confirm_cooldown=200,divergence=0.3,error_rate=0.5,teacher_entropy=0.2",3,0,200,0.0,0,10000,10.0,25.0,200,500,0,0,1.0,0.8670262664165104,0.6770146046011821,0.0,0.20031297206878662,0.014016741886734962,0,0,103,103,-1,weighted,,,0,0,0,0.0,0.004916062578558922,0,0.0,0.0,0.0,0.0,0,none,0,1,0,overconfident,0.95,0,mild_drift,0.9607291336058346,0.0012925403171127696,0.8029737926659553,0.8563835688998968,1768042052.995221,0.042522918432950974,0.12082009017467499
534,34176,34175,sea_abrupt4,sea,ts_drift_adapt,3,"error_divergence_ph_meta@error.threshold=0.10,error.min_instances=5",error_divergence_ph_meta,"{""divergence"": {""alpha"": 0.1, ""delta"": 0.005, ""min_instances"": 30, ""threshold"": 0.05}, ""error_rate"": {""alpha"": 0.15, ""delta"": 0.005, ""min_instances"": 5, ""threshold"": 0.1}}","{""error_rate"": {""min_instances"": 5, ""threshold"": 0.1}}",0.1,0.005,0.15,5,0.05,0.005,0.1,30,,,,-1,two_stage,2,0.5,"__confirm_cooldown=200,divergence=0.3,error_rate=0.5,teacher_entropy=0.2",3,0,200,0.0,0,10000,10.0,25.0,200,500,0,0,1.0,0.8670411985018727,0.6770373367548488,0.16666666666666666,0.21538904309272766,0.014269383624196053,1,1,104,104,0,weighted,,,0,0,0,0.16666666666666666,0.16666666666666666,1,0.5,0.0,0.0,0.0,0,none,1,1,0,overconfident,0.95,0,severe_drift,0.9258645668029173,0.0016462701585563848,0.6514868963329776,0.8331917844499483,1768042053.0070944,0.25585344433784485,0.10895867645740509
535,34240,34239,sea_abrupt4,sea,ts_drift_adapt,3,"error_divergence_ph_meta@error.threshold=0.10,error.min_instances=5",error_divergence_ph_meta,"{""divergence"": {""alpha"": 0.1, ""delta"": 0.005, ""min_instances"": 30, ""threshold"": 0.05}, ""error_rate"": {""alpha"": 0.15, ""delta"": 0.005, ""min_instances"": 5, ""threshold"": 0.1}}","{""error_rate"": {""min_instances"": 5, ""threshold"": 0.1}}",0.1,0.005,0.15,5,0.05,0.005,0.1,30,,,,-1,two_stage,2,0.5,"__confirm_cooldown=200,divergence=0.3,error_rate=0.5,teacher_entropy=0.2",3,0,200,0.0,0,10000,10.0,25.0,200,500,1,136,1.0,0.867231308411215,0.6775273365613642,0.0,0.19697701930999756,0.009575515985488892,0,0,104,104,-1,weighted,,,0,0,0,0.0,0.16666666666666666,0,0.0,0.0,0.0,0.0,0,none,0,1,0,overconfident,0.95,0,mild_drift,0.9430822834014586,0.0014731350792781925,0.7257434481664888,0.8440958922249742,1768042053.0190356,0.25128373503685,0.09180040657520294
536,34304,34303,sea_abrupt4,sea,ts_drift_adapt,3,"error_divergence_ph_meta@error.threshold=0.10,error.min_instances=5",error_divergence_ph_meta,"{""divergence"": {""alpha"": 0.1, ""delta"": 0.005, ""min_instances"": 30, ""threshold"": 0.05}, ""error_rate"": {""alpha"": 0.15, ""delta"": 0.005, ""min_instances"": 5, ""threshold"": 0.1}}","{""error_rate"": {""min_instances"": 5, ""threshold"": 0.1}}",0.1,0.005,0.15,5,0.05,0.005,0.1,30,,,,-1,two_stage,2,0.5,"__confirm_cooldown=200,divergence=0.3,error_rate=0.5,teacher_entropy=0.2",3,0,200,0.0,0,10000,10.0,25.0,200,500,1,72,1.0,0.867304104477612,0.6777460096141482,0.16666666666666666,0.21146993339061737,0.014792702160775661,0,0,104,104,-1,weighted,,,0,0,0,0.0,0.16666666666666666,0,0.0,0.0,0.0,0.0,0,none,0,1,0,overconfident,0.95,0,mild_drift,0.9516911417007292,0.0013865675396390964,0.7628717240832444,0.8495479461124871,1768042053.0308774,0.2043774276971817,0.12516874074935913
537,34368,34367,sea_abrupt4,sea,ts_drift_adapt,3,"error_divergence_ph_meta@error.threshold=0.10,error.min_instances=5",error_divergence_ph_meta,"{""divergence"": {""alpha"": 0.1, ""delta"": 0.005, ""min_instances"": 30, ""threshold"": 0.05}, ""error_rate"": {""alpha"": 0.15, ""delta"": 0.005, ""min_instances"": 5, ""threshold"": 0.1}}","{""error_rate"": {""min_instances"": 5, ""threshold"": 0.1}}",0.1,0.005,0.15,5,0.05,0.005,0.1,30,,,,-1,two_stage,2,0.5,"__confirm_cooldown=200,divergence=0.3,error_rate=0.5,teacher_entropy=0.2",3,0,200,0.0,0,10000,10.0,25.0,200,500,1,8,1.0,0.8672893389199255,0.677735405768023,0.0,0.22917255759239197,0.01632538065314293,0,0,104,104,-1,weighted,,,0,0,0,0.0,0.16666666666666666,0,0.0,0.0,0.0,0.0,0,none,0,1,0,overconfident,0.95,0,mild_drift,0.9559955708503646,0.0013432837698195482,0.7814358620416222,0.8522739730562435,1768042053.0425894,0.005667141173034906,0.15548241138458252
538,34432,34431,sea_abrupt4,sea,ts_drift_adapt,3,"error_divergence_ph_meta@error.threshold=0.10,error.min_instances=5",error_divergence_ph_meta,"{""divergence"": {""alpha"": 0.1, ""delta"": 0.005, ""min_instances"": 30, ""threshold"": 0.05}, ""error_rate"": {""alpha"": 0.15, ""delta"": 0.005, ""min_instances"": 5, ""threshold"": 0.1}}","{""error_rate"": {""min_instances"": 5, ""threshold"": 0.1}}",0.1,0.005,0.15,5,0.05,0.005,0.1,30,,,,-1,two_stage,2,0.5,"__confirm_cooldown=200,divergence=0.3,error_rate=0.5,teacher_entropy=0.2",3,0,200,0.0,0,10000,10.0,25.0,200,500,0,0,1.0,0.8673907992565055,0.6779049268650541,0.0,0.20926448702812195,0.01682703010737896,0,0,104,104,-1,weighted,,,0,0,0,0.0,0.0005016494542360306,0,0.0,0.0,0.0,0.0,0,none,0,1,0,overconfident,0.95,0,mild_drift,0.9581477854251823,0.001321641884909774,0.7907179310208111,0.8536369865281217,1768042053.0543706,0.05189721658825874,0.15989603102207184
539,34496,34495,sea_abrupt4,sea,ts_drift_adapt,3,"error_divergence_ph_meta@error.threshold=0.10,error.min_instances=5",error_divergence_ph_meta,"{""divergence"": {""alpha"": 0.1, ""delta"": 0.005, ""min_instances"": 30, ""threshold"": 0.05}, ""error_rate"": {""alpha"": 0.15, ""delta"": 0.005, ""min_instances"": 5, ""threshold"": 0.1}}","{""error_rate"": {""min_instances"": 5, ""threshold"": 0.1}}",0.1,0.005,0.15,5,0.05,0.005,0.1,30,,,,-1,two_stage,2,0.5,"__confirm_cooldown=200,divergence=0.3,error_rate=0.5,teacher_entropy=0.2",3,0,200,0.0,0,10000,10.0,25.0,200,500,0,0,1.0,0.8674918831168831,0.6780875746771656,0.0,0.20954975485801697,0.013750266283750534,1,1,105,105,0,weighted,,,0,0,0,0.16666666666666666,0.0030767638236284256,1,0.5,0.0,0.0,0.0,0,none,1,1,0,overconfident,0.95,0,severe_drift,0.9245738927125912,0.001660820942454887,0.6453589655104055,0.8318184932640609,1768042053.0661476,0.07385144382715225,0.10968273878097534
540,34560,34559,sea_abrupt4,sea,ts_drift_adapt,3,"error_divergence_ph_meta@error.threshold=0.10,error.min_instances=5",error_divergence_ph_meta,"{""divergence"": {""alpha"": 0.1, ""delta"": 0.005, ""min_instances"": 30, ""threshold"": 0.05}, ""error_rate"": {""alpha"": 0.15, ""delta"": 0.005, ""min_instances"": 5, ""threshold"": 0.1}}","{""error_rate"": {""min_instances"": 5, ""threshold"": 0.1}}",0.1,0.005,0.15,5,0.05,0.005,0.1,30,,,,-1,two_stage,2,0.5,"__confirm_cooldown=200,divergence=0.3,error_rate=0.5,teacher_entropy=0.2",3,0,200,0.0,0,10000,10.0,25.0,200,500,1,136,1.0,0.8675347222222223,0.6782333996847114,0.0,0.1976587474346161,0.010799083858728409,0,0,105,105,-1,weighted,,,0,0,0,0.0,0.0029511824250221252,0,0.0,0.0,0.0,0.0,0,none,0,1,0,overconfident,0.95,0,mild_drift,0.9424369463562956,0.0014804104712274435,0.7226794827552028,0.8434092466320304,1768042053.078205,0.02577432431280613,0.10793156921863556
541,34624,34623,sea_abrupt4,sea,ts_drift_adapt,3,"error_divergence_ph_meta@error.threshold=0.10,error.min_instances=5",error_divergence_ph_meta,"{""divergence"": {""alpha"": 0.1, ""delta"": 0.005, ""min_instances"": 30, ""threshold"": 0.05}, ""error_rate"": {""alpha"": 0.15, ""delta"": 0.005, ""min_instances"": 5, ""threshold"": 0.1}}","{""error_rate"": {""min_instances"": 5, ""threshold"": 0.1}}",0.1,0.005,0.15,5,0.05,0.005,0.1,30,,,,-1,two_stage,2,0.5,"__confirm_cooldown=200,divergence=0.3,error_rate=0.5,teacher_entropy=0.2",3,0,200,0.0,0,10000,10.0,25.0,200,500,1,72,1.0,0.8675196395563771,0.678145217112848,0.0,0.20682281255722046,0.010065353475511074,0,0,105,105,-1,weighted,,,0,0,0,0.0,0.0007337303832173347,0,0.0,0.0,0.0,0.0,0,none,0,1,0,overconfident,0.95,0,mild_drift,0.9513684731781478,0.001390205235613722,0.7613397413776014,0.8492046233160152,1768042053.0899754,0.02021215111017227,0.08566676080226898
542,34688,34687,sea_abrupt4,sea,ts_drift_adapt,3,"error_divergence_ph_meta@error.threshold=0.10,error.min_instances=5",error_divergence_ph_meta,"{""divergence"": {""alpha"": 0.1, ""delta"": 0.005, ""min_instances"": 30, ""threshold"": 0.05}, ""error_rate"": {""alpha"": 0.15, ""delta"": 0.005, ""min_instances"": 5, ""threshold"": 0.1}}","{""error_rate"": {""min_instances"": 5, ""threshold"": 0.1}}",0.1,0.005,0.15,5,0.05,0.005,0.1,30,,,,-1,two_stage,2,0.5,"__confirm_cooldown=200,divergence=0.3,error_rate=0.5,teacher_entropy=0.2",3,0,200,0.0,0,10000,10.0,25.0,200,500,1,8,1.0,0.8675910977859779,0.678294811535001,0.0,0.18898655474185944,0.02341737225651741,0,0,105,105,-1,weighted,,,0,0,0,0.0,0.013352018781006336,0,0.0,0.0,0.0,0.0,0,none,0,1,0,overconfident,0.95,0,mild_drift,0.9558342365890738,0.0013451026178068612,0.7806698706888007,0.8521023116580075,1768042053.1018038,0.08136097341775894,0.16759833693504333
543,34752,34751,sea_abrupt4,sea,ts_drift_adapt,3,"error_divergence_ph_meta@error.threshold=0.10,error.min_instances=5",error_divergence_ph_meta,"{""divergence"": {""alpha"": 0.1, ""delta"": 0.005, ""min_instances"": 30, ""threshold"": 0.05}, ""error_rate"": {""alpha"": 0.15, ""delta"": 0.005, ""min_instances"": 5, ""threshold"": 0.1}}","{""error_rate"": {""min_instances"": 5, ""threshold"": 0.1}}",0.1,0.005,0.15,5,0.05,0.005,0.1,30,,,,-1,two_stage,2,0.5,"__confirm_cooldown=200,divergence=0.3,error_rate=0.5,teacher_entropy=0.2",3,0,200,0.0,0,10000,10.0,25.0,200,500,0,0,1.0,0.8676910681399632,0.6785983519335312,0.0,0.1479857712984085,0.012855746783316135,0,0,105,105,-1,weighted,,,0,0,0,0.0,0.010561625473201275,0,0.0,0.0,0.0,0.0,0,none,0,1,0,overconfident,0.95,0,mild_drift,0.9580671182945368,0.0013225513089034305,0.7903349353444004,0.8535511558290038,1768042053.1135294,0.022475212812423706,0.0887274444103241
544,34816,34815,sea_abrupt4,sea,ts_drift_adapt,3,"error_divergence_ph_meta@error.threshold=0.10,error.min_instances=5",error_divergence_ph_meta,"{""divergence"": {""alpha"": 0.1, ""delta"": 0.005, ""min_instances"": 30, ""threshold"": 0.05}, ""error_rate"": {""alpha"": 0.15, ""delta"": 0.005, ""min_instances"": 5, ""threshold"": 0.1}}","{""error_rate"": {""min_instances"": 5, ""threshold"": 0.1}}",0.1,0.005,0.15,5,0.05,0.005,0.1,30,,,,-1,two_stage,2,0.5,"__confirm_cooldown=200,divergence=0.3,error_rate=0.5,teacher_entropy=0.2",3,0,200,0.0,0,10000,10.0,25.0,200,500,0,0,1.0,0.8677619485294118,0.6787656355713458,0.0,0.17405804991722107,0.01440106239169836,0,0,105,105,-1,weighted,,,0,0,0,0.0,0.001545315608382225,0,0.0,0.0,0.0,0.0,0,none,0,1,0,overconfident,0.95,0,mild_drift,0.9591835591472684,0.0013112756544517152,0.7951674676722003,0.8542755779145019,1768042053.1251898,0.022569047287106514,0.1045428216457367
545,34880,34879,sea_abrupt4,sea,ts_drift_adapt,3,"error_divergence_ph_meta@error.threshold=0.10,error.min_instances=5",error_divergence_ph_meta,"{""divergence"": {""alpha"": 0.1, ""delta"": 0.005, ""min_instances"": 30, ""threshold"": 0.05}, ""error_rate"": {""alpha"": 0.15, ""delta"": 0.005, ""min_instances"": 5, ""threshold"": 0.1}}","{""error_rate"": {""min_instances"": 5, ""threshold"": 0.1}}",0.1,0.005,0.15,5,0.05,0.005,0.1,30,,,,-1,two_stage,2,0.5,"__confirm_cooldown=200,divergence=0.3,error_rate=0.5,teacher_entropy=0.2",3,0,200,0.0,0,10000,10.0,25.0,200,500,0,0,1.0,0.8678325688073395,0.6790462213577234,0.0,0.17008984088897705,0.009507929906249046,0,0,105,105,-1,weighted,,,0,0,0,0.0,0.004893132485449314,0,0.0,0.0,0.0,0.0,0,none,0,1,0,overconfident,0.95,0,mild_drift,0.9597417795736342,0.0013056378272258578,0.7975837338361002,0.854637788957251,1768042053.1385357,0.022233949974179268,0.09855052083730698
546,34944,34943,sea_abrupt4,sea,ts_drift_adapt,3,"error_divergence_ph_meta@error.threshold=0.10,error.min_instances=5",error_divergence_ph_meta,"{""divergence"": {""alpha"": 0.1, ""delta"": 0.005, ""min_instances"": 30, ""threshold"": 0.05}, ""error_rate"": {""alpha"": 0.15, ""delta"": 0.005, ""min_instances"": 5, ""threshold"": 0.1}}","{""error_rate"": {""min_instances"": 5, ""threshold"": 0.1}}",0.1,0.005,0.15,5,0.05,0.005,0.1,30,,,,-1,two_stage,2,0.5,"__confirm_cooldown=200,divergence=0.3,error_rate=0.5,teacher_entropy=0.2",3,0,200,0.0,0,10000,10.0,25.0,200,500,0,0,1.0,0.8677598443223443,0.6788023396148662,0.16666666666666666,0.16480965912342072,0.007504492998123169,1,1,106,106,0,weighted,,,0,0,0,0.16666666666666666,0.16666666666666666,1,0.5,0.0,0.0,0.0,0,none,1,1,0,overconfident,0.95,0,severe_drift,0.9253708897868171,0.001652818913612929,0.6487918669180501,0.8323188944786255,1768042053.153199,0.26054146885871887,0.0735747367143631
547,35008,35007,sea_abrupt4,sea,ts_drift_adapt,3,"error_divergence_ph_meta@error.threshold=0.10,error.min_instances=5",error_divergence_ph_meta,"{""divergence"": {""alpha"": 0.1, ""delta"": 0.005, ""min_instances"": 30, ""threshold"": 0.05}, ""error_rate"": {""alpha"": 0.15, ""delta"": 0.005, ""min_instances"": 5, ""threshold"": 0.1}}","{""error_rate"": {""min_instances"": 5, ""threshold"": 0.1}}",0.1,0.005,0.15,5,0.05,0.005,0.1,30,,,,-1,two_stage,2,0.5,"__confirm_cooldown=200,divergence=0.3,error_rate=0.5,teacher_entropy=0.2",3,0,200,0.0,0,10000,10.0,25.0,200,500,1,136,1.0,0.8678587751371115,0.6791403104471831,0.16666666666666666,0.183559387922287,0.011767049320042133,0,0,106,106,-1,weighted,,,0,0,0,0.0,0.004262556321918964,0,0.0,0.0,0.0,0.0,0,none,0,1,0,overconfident,0.95,0,mild_drift,0.9428354448934085,0.0014764094568064645,0.7243959334590251,0.8436594472393127,1768042053.1676664,0.4440368413925171,0.09887628257274628
548,35072,35071,sea_abrupt4,sea,ts_drift_adapt,3,"error_divergence_ph_meta@error.threshold=0.10,error.min_instances=5",error_divergence_ph_meta,"{""divergence"": {""alpha"": 0.1, ""delta"": 0.005, ""min_instances"": 30, ""threshold"": 0.05}, ""error_rate"": {""alpha"": 0.15, ""delta"": 0.005, ""min_instances"": 5, ""threshold"": 0.1}}","{""error_rate"": {""min_instances"": 5, ""threshold"": 0.1}}",0.1,0.005,0.15,5,0.05,0.005,0.1,30,,,,-1,two_stage,2,0.5,"__confirm_cooldown=200,divergence=0.3,error_rate=0.5,teacher_entropy=0.2",3,0,200,0.0,0,10000,10.0,25.0,200,500,1,72,1.0,0.8679573448905109,0.6793826298767927,0.0,0.15498575568199158,0.008413471281528473,0,0,106,106,-1,weighted,,,0,0,0,0.0,0.16666666666666666,0,0.0,0.0,0.0,0.0,0,none,0,1,0,overconfident,0.95,0,mild_drift,0.9515677224467043,0.0013882047284032323,0.7621979667295126,0.8493297236196564,1768042053.18032,0.14212381839752197,0.057458680123090744
549,35136,35135,sea_abrupt4,sea,ts_drift_adapt,3,"error_divergence_ph_meta@error.threshold=0.10,error.min_instances=5",error_divergence_ph_meta,"{""divergence"": {""alpha"": 0.1, ""delta"": 0.005, ""min_instances"": 30, ""threshold"": 0.05}, ""error_rate"": {""alpha"": 0.15, ""delta"": 0.005, ""min_instances"": 5, ""threshold"": 0.1}}","{""error_rate"": {""min_instances"": 5, ""threshold"": 0.1}}",0.1,0.005,0.15,5,0.05,0.005,0.1,30,,,,-1,two_stage,2,0.5,"__confirm_cooldown=200,divergence=0.3,error_rate=0.5,teacher_entropy=0.2",3,0,200,0.0,0,10000,10.0,25.0,200,500,1,8,1.0,0.8679986338797814,0.6794858505234788,0.16666666666666666,0.18102902173995972,0.005542615428566933,0,0,106,106,-1,weighted,,,0,0,0,0.0,0.16666666666666666,0,0.0,0.0,0.0,0.0,0,none,0,1,0,overconfident,0.95,0,mild_drift,0.9559338612233521,0.0013441023642016161,0.7810989833647564,0.8521648618098282,1768042053.1921704,0.17603646218776703,0.04291810840368271
550,35200,35199,sea_abrupt4,sea,ts_drift_adapt,3,"error_divergence_ph_meta@error.threshold=0.10,error.min_instances=5",error_divergence_ph_meta,"{""divergence"": {""alpha"": 0.1, ""delta"": 0.005, ""min_instances"": 30, ""threshold"": 0.05}, ""error_rate"": {""alpha"": 0.15, ""delta"": 0.005, ""min_instances"": 5, ""threshold"": 0.1}}","{""error_rate"": {""min_instances"": 5, ""threshold"": 0.1}}",0.1,0.005,0.15,5,0.05,0.005,0.1,30,,,,-1,two_stage,2,0.5,"__confirm_cooldown=200,divergence=0.3,error_rate=0.5,teacher_entropy=0.2",3,0,200,0.0,0,10000,10.0,25.0,200,500,0,0,1.0,0.8680113636363637,0.6795116971336311,0.16666666666666666,0.20983467996120453,0.019132938235998154,0,0,106,106,-1,weighted,,,0,0,0,0.0,0.013590322807431221,0,0.0,0.0,0.0,0.0,0,none,0,1,0,overconfident,0.95,0,mild_drift,0.958116930611676,0.0013220511821008083,0.7905494916823782,0.853582430904914,1768042053.2042449,0.20847846567630768,0.12024269998073578
551,35264,35263,sea_abrupt4,sea,ts_drift_adapt,3,"error_divergence_ph_meta@error.threshold=0.10,error.min_instances=5",error_divergence_ph_meta,"{""divergence"": {""alpha"": 0.1, ""delta"": 0.005, ""min_instances"": 30, ""threshold"": 0.05}, ""error_rate"": {""alpha"": 0.15, ""delta"": 0.005, ""min_instances"": 5, ""threshold"": 0.1}}","{""error_rate"": {""min_instances"": 5, ""threshold"": 0.1}}",0.1,0.005,0.15,5,0.05,0.005,0.1,30,,,,-1,two_stage,2,0.5,"__confirm_cooldown=200,divergence=0.3,error_rate=0.5,teacher_entropy=0.2",3,0,200,0.0,0,10000,10.0,25.0,200,500,0,0,1.0,0.8681374773139746,0.6798662864020671,0.0,0.16728006303310394,0.0064994534477591515,1,1,107,107,0,weighted,,,0,0,0,0.16666666666666666,0.16666666666666666,1,0.5,0.0,0.0,0.0,0,none,1,1,0,overconfident,0.95,0,severe_drift,0.9245584653058381,0.0016610255910504042,0.6452747458411892,0.831791215452457,1768042053.21545,0.03554940223693848,0.07058407366275787
552,35328,35327,sea_abrupt4,sea,ts_drift_adapt,3,"error_divergence_ph_meta@error.threshold=0.10,error.min_instances=5",error_divergence_ph_meta,"{""divergence"": {""alpha"": 0.1, ""delta"": 0.005, ""min_instances"": 30, ""threshold"": 0.05}, ""error_rate"": {""alpha"": 0.15, ""delta"": 0.005, ""min_instances"": 5, ""threshold"": 0.1}}","{""error_rate"": {""min_instances"": 5, ""threshold"": 0.1}}",0.1,0.005,0.15,5,0.05,0.005,0.1,30,,,,-1,two_stage,2,0.5,"__confirm_cooldown=200,divergence=0.3,error_rate=0.5,teacher_entropy=0.2",3,0,200,0.0,0,10000,10.0,25.0,200,500,1,136,1.0,0.8682631340579711,0.6801767562575508,0.16666666666666666,0.14757344126701355,0.007283977698534727,0,0,107,107,-1,weighted,,,0,0,0,0.0,0.16666666666666666,0,0.0,0.0,0.0,0.0,0,none,0,1,0,overconfident,0.95,0,mild_drift,0.942429232652919,0.0014805127955252022,0.7226373729205946,0.8433956077262286,1768042053.227338,0.3017801344394684,0.08265405893325806
553,35392,35391,sea_abrupt4,sea,ts_drift_adapt,3,"error_divergence_ph_meta@error.threshold=0.10,error.min_instances=5",error_divergence_ph_meta,"{""divergence"": {""alpha"": 0.1, ""delta"": 0.005, ""min_instances"": 30, ""threshold"": 0.05}, ""error_rate"": {""alpha"": 0.15, ""delta"": 0.005, ""min_instances"": 5, ""threshold"": 0.1}}","{""error_rate"": {""min_instances"": 5, ""threshold"": 0.1}}",0.1,0.005,0.15,5,0.05,0.005,0.1,30,,,,-1,two_stage,2,0.5,"__confirm_cooldown=200,divergence=0.3,error_rate=0.5,teacher_entropy=0.2",3,0,200,0.0,0,10000,10.0,25.0,200,500,1,72,1.0,0.8682753164556962,0.6803260057585201,0.0,0.19255080819129944,0.021605413407087326,0,0,107,107,-1,weighted,,,0,0,0,0.0,0.16666666666666666,0,0.0,0.0,0.0,0.0,0,none,0,1,0,overconfident,0.95,0,mild_drift,0.9513646163264595,0.0013902563977626012,0.7613186864602973,0.8491978038631143,1768042053.2387006,0.020607665181159973,0.17584365606307983
554,35456,35455,sea_abrupt4,sea,ts_drift_adapt,3,"error_divergence_ph_meta@error.threshold=0.10,error.min_instances=5",error_divergence_ph_meta,"{""divergence"": {""alpha"": 0.1, ""delta"": 0.005, ""min_instances"": 30, ""threshold"": 0.05}, ""error_rate"": {""alpha"": 0.15, ""delta"": 0.005, ""min_instances"": 5, ""threshold"": 0.1}}","{""error_rate"": {""min_instances"": 5, ""threshold"": 0.1}}",0.1,0.005,0.15,5,0.05,0.005,0.1,30,,,,-1,two_stage,2,0.5,"__confirm_cooldown=200,divergence=0.3,error_rate=0.5,teacher_entropy=0.2",3,0,200,0.0,0,10000,10.0,25.0,200,500,1,8,1.0,0.8683156588447654,0.6804767501837552,0.0,0.213461771607399,0.02945275604724884,0,0,107,107,-1,weighted,,,0,0,0,0.0,0.007847342640161514,0,0.0,0.0,0.0,0.0,0,none,0,1,0,overconfident,0.95,0,mild_drift,0.9558323081632297,0.0013451281988813007,0.7806593432301487,0.8520989019315571,1768042053.2499628,0.11196918040513992,0.2700703740119934
555,35520,35519,sea_abrupt4,sea,ts_drift_adapt,3,"error_divergence_ph_meta@error.threshold=0.10,error.min_instances=5",error_divergence_ph_meta,"{""divergence"": {""alpha"": 0.1, ""delta"": 0.005, ""min_instances"": 30, ""threshold"": 0.05}, ""error_rate"": {""alpha"": 0.15, ""delta"": 0.005, ""min_instances"": 5, ""threshold"": 0.1}}","{""error_rate"": {""min_instances"": 5, ""threshold"": 0.1}}",0.1,0.005,0.15,5,0.05,0.005,0.1,30,,,,-1,two_stage,2,0.5,"__confirm_cooldown=200,divergence=0.3,error_rate=0.5,teacher_entropy=0.2",3,0,200,0.0,0,10000,10.0,25.0,200,500,0,0,1.0,0.8683558558558558,0.6806822958457894,0.0,0.22118429839611053,0.014868265949189663,0,0,107,107,-1,weighted,,,0,0,0,0.0,0.014584490098059177,0,0.0,0.0,0.0,0.0,0,none,0,1,0,overconfident,0.95,0,mild_drift,0.9580661540816149,0.0013225640994406504,0.7903296716150744,0.8535494509657786,1768042053.2615414,0.025166690349578857,0.11841655522584915
556,35584,35583,sea_abrupt4,sea,ts_drift_adapt,3,"error_divergence_ph_meta@error.threshold=0.10,error.min_instances=5",error_divergence_ph_meta,"{""divergence"": {""alpha"": 0.1, ""delta"": 0.005, ""min_instances"": 30, ""threshold"": 0.05}, ""error_rate"": {""alpha"": 0.15, ""delta"": 0.005, ""min_instances"": 5, ""threshold"": 0.1}}","{""error_rate"": {""min_instances"": 5, ""threshold"": 0.1}}",0.1,0.005,0.15,5,0.05,0.005,0.1,30,,,,-1,two_stage,2,0.5,"__confirm_cooldown=200,divergence=0.3,error_rate=0.5,teacher_entropy=0.2",3,0,200,0.0,0,10000,10.0,25.0,200,500,0,0,1.0,0.8685083183453237,0.6811226780618548,0.0,0.14517486095428467,0.008687267079949379,0,0,107,107,-1,weighted,,,0,0,0,0.0,0.006180998869240284,0,0.0,0.0,0.0,0.0,0,none,0,1,0,overconfident,0.95,0,mild_drift,0.9591830770408074,0.0013112820497203253,0.7951648358075372,0.8542747254828893,1768042053.2727988,0.019401075318455696,0.07985398173332214
557,35648,35647,sea_abrupt4,sea,ts_drift_adapt,3,"error_divergence_ph_meta@error.threshold=0.10,error.min_instances=5",error_divergence_ph_meta,"{""divergence"": {""alpha"": 0.1, ""delta"": 0.005, ""min_instances"": 30, ""threshold"": 0.05}, ""error_rate"": {""alpha"": 0.15, ""delta"": 0.005, ""min_instances"": 5, ""threshold"": 0.1}}","{""error_rate"": {""min_instances"": 5, ""threshold"": 0.1}}",0.1,0.005,0.15,5,0.05,0.005,0.1,30,,,,-1,two_stage,2,0.5,"__confirm_cooldown=200,divergence=0.3,error_rate=0.5,teacher_entropy=0.2",3,0,200,0.0,0,10000,10.0,25.0,200,500,0,0,1.0,0.8685760771992819,0.6814070078978979,0.0,0.18025033175945282,0.008162522688508034,0,0,107,107,-1,weighted,,,0,0,0,0.0,0.0005247443914413452,0,0.0,0.0,0.0,0.0,0,none,0,1,0,overconfident,0.95,0,mild_drift,0.9597415385204037,0.0013056410248601627,0.7975824179037686,0.8546373627414446,1768042053.2839315,0.04571736976504326,0.061094820499420166
558,35712,35711,sea_abrupt4,sea,ts_drift_adapt,3,"error_divergence_ph_meta@error.threshold=0.10,error.min_instances=5",error_divergence_ph_meta,"{""divergence"": {""alpha"": 0.1, ""delta"": 0.005, ""min_instances"": 30, ""threshold"": 0.05}, ""error_rate"": {""alpha"": 0.15, ""delta"": 0.005, ""min_instances"": 5, ""threshold"": 0.1}}","{""error_rate"": {""min_instances"": 5, ""threshold"": 0.1}}",0.1,0.005,0.15,5,0.05,0.005,0.1,30,,,,-1,two_stage,2,0.5,"__confirm_cooldown=200,divergence=0.3,error_rate=0.5,teacher_entropy=0.2",3,0,200,0.0,0,10000,10.0,25.0,200,500,0,0,1.0,0.8686435931899642,0.6814863575728378,0.3333333333333333,0.20336170494556427,0.014111611992120743,1,1,108,108,0,weighted,,,0,0,0,0.3333333333333333,0.3333333333333333,1,0.5,0.0,0.0,0.0,0,none,1,1,0,overconfident,0.95,0,severe_drift,0.9253707692602018,0.0016528205124300814,0.6487912089518844,0.8323186813707224,1768042053.2953982,0.3648352324962616,0.11224602907896042
559,35776,35775,sea_abrupt4,sea,ts_drift_adapt,3,"error_divergence_ph_meta@error.threshold=0.10,error.min_instances=5",error_divergence_ph_meta,"{""divergence"": {""alpha"": 0.1, ""delta"": 0.005, ""min_instances"": 30, ""threshold"": 0.05}, ""error_rate"": {""alpha"": 0.15, ""delta"": 0.005, ""min_instances"": 5, ""threshold"": 0.1}}","{""error_rate"": {""min_instances"": 5, ""threshold"": 0.1}}",0.1,0.005,0.15,5,0.05,0.005,0.1,30,,,,-1,two_stage,2,0.5,"__confirm_cooldown=200,divergence=0.3,error_rate=0.5,teacher_entropy=0.2",3,0,200,0.0,0,10000,10.0,25.0,200,500,1,136,1.0,0.868766771019678,0.6817010098484668,0.0,0.1701672524213791,0.006854463368654251,0,0,108,108,-1,weighted,,,0,0,0,0.0,0.3333333333333333,0,0.0,0.0,0.0,0.0,0,none,0,1,0,overconfident,0.95,0,mild_drift,0.9428353846301009,0.0014764102562150408,0.7243956044759422,0.8436593406853612,1768042053.3068945,0.26346221566200256,0.06347887217998505
560,35840,35839,sea_abrupt4,sea,ts_drift_adapt,3,"error_divergence_ph_meta@error.threshold=0.10,error.min_instances=5",error_divergence_ph_meta,"{""divergence"": {""alpha"": 0.1, ""delta"": 0.005, ""min_instances"": 30, ""threshold"": 0.05}, ""error_rate"": {""alpha"": 0.15, ""delta"": 0.005, ""min_instances"": 5, ""threshold"": 0.1}}","{""error_rate"": {""min_instances"": 5, ""threshold"": 0.1}}",0.1,0.005,0.15,5,0.05,0.005,0.1,30,,,,-1,two_stage,2,0.5,"__confirm_cooldown=200,divergence=0.3,error_rate=0.5,teacher_entropy=0.2",3,0,200,0.0,0,10000,10.0,25.0,200,500,1,72,1.0,0.8688616071428571,0.6819488523651275,0.0,0.1850660741329193,0.00852218922227621,0,0,108,108,-1,weighted,,,0,0,0,0.0,0.0016677258536219597,0,0.0,0.0,0.0,0.0,0,none,0,1,0,overconfident,0.95,0,mild_drift,0.9515676923150505,0.0013882051281075205,0.7621978022379712,0.8493296703426806,1768042053.3180792,0.02240893431007862,0.06662685424089432
561,35904,35903,sea_abrupt4,sea,ts_drift_adapt,3,"error_divergence_ph_meta@error.threshold=0.10,error.min_instances=5",error_divergence_ph_meta,"{""divergence"": {""alpha"": 0.1, ""delta"": 0.005, ""min_instances"": 30, ""threshold"": 0.05}, ""error_rate"": {""alpha"": 0.15, ""delta"": 0.005, ""min_instances"": 5, ""threshold"": 0.1}}","{""error_rate"": {""min_instances"": 5, ""threshold"": 0.1}}",0.1,0.005,0.15,5,0.05,0.005,0.1,30,,,,-1,two_stage,2,0.5,"__confirm_cooldown=200,divergence=0.3,error_rate=0.5,teacher_entropy=0.2",3,0,200,0.0,0,10000,10.0,25.0,200,500,1,8,1.0,0.8688725490196079,0.6820061778635226,0.16666666666666666,0.20091675221920013,0.010494091548025608,0,0,108,108,-1,weighted,,,0,0,0,0.0,0.16666666666666666,0,0.0,0.0,0.0,0.0,0,none,0,1,0,overconfident,0.95,0,mild_drift,0.9559338461575252,0.0013441025640537603,0.7810989011189856,0.8521648351713402,1768042053.3298018,0.37328457832336426,0.09022830426692963
562,35968,35967,sea_abrupt4,sea,ts_drift_adapt,3,"error_divergence_ph_meta@error.threshold=0.10,error.min_instances=5",error_divergence_ph_meta,"{""divergence"": {""alpha"": 0.1, ""delta"": 0.005, ""min_instances"": 30, ""threshold"": 0.05}, ""error_rate"": {""alpha"": 0.15, ""delta"": 0.005, ""min_instances"": 5, ""threshold"": 0.1}}","{""error_rate"": {""min_instances"": 5, ""threshold"": 0.1}}",0.1,0.005,0.15,5,0.05,0.005,0.1,30,,,,-1,two_stage,2,0.5,"__confirm_cooldown=200,divergence=0.3,error_rate=0.5,teacher_entropy=0.2",3,0,200,0.0,0,10000,10.0,25.0,200,500,0,0,1.0,0.8689112544483986,0.6820451233763191,0.16666666666666666,0.18306350708007812,0.01831495203077793,0,0,108,108,-1,weighted,,,0,0,0,0.0,0.007820860482752323,0,0.0,0.0,0.0,0.0,0,none,0,1,0,overconfident,0.95,0,mild_drift,0.9581169230787625,0.0013220512820268802,0.7905494505594928,0.8535824175856701,1768042053.3415356,0.39158689975738525,0.12171492725610733
563,36032,36031,sea_abrupt4,sea,ts_drift_adapt,3,"error_divergence_ph_meta@error.threshold=0.10,error.min_instances=5",error_divergence_ph_meta,"{""divergence"": {""alpha"": 0.1, ""delta"": 0.005, ""min_instances"": 30, ""threshold"": 0.05}, ""error_rate"": {""alpha"": 0.15, ""delta"": 0.005, ""min_instances"": 5, ""threshold"": 0.1}}","{""error_rate"": {""min_instances"": 5, ""threshold"": 0.1}}",0.1,0.005,0.15,5,0.05,0.005,0.1,30,,,,-1,two_stage,2,0.5,"__confirm_cooldown=200,divergence=0.3,error_rate=0.5,teacher_entropy=0.2",3,0,200,0.0,0,10000,10.0,25.0,200,500,0,0,1.0,0.8690330817051509,0.6824177256963083,0.0,0.17658355832099915,0.015821287408471107,1,1,109,109,0,weighted,,,0,0,0,0.3333333333333333,0.16666666666666666,1,0.5,0.0,0.0,0.0,0,none,1,1,0,overconfident,0.95,0,severe_drift,0.9245584615393813,0.0016610256410134402,0.6452747252797464,0.8317912087928351,1768042053.3531032,0.05709034577012062,0.12628228962421417
564,36096,36095,sea_abrupt4,sea,ts_drift_adapt,3,"error_divergence_ph_meta@error.threshold=0.10,error.min_instances=5",error_divergence_ph_meta,"{""divergence"": {""alpha"": 0.1, ""delta"": 0.005, ""min_instances"": 30, ""threshold"": 0.05}, ""error_rate"": {""alpha"": 0.15, ""delta"": 0.005, ""min_instances"": 5, ""threshold"": 0.1}}","{""error_rate"": {""min_instances"": 5, ""threshold"": 0.1}}",0.1,0.005,0.15,5,0.05,0.005,0.1,30,,,,-1,two_stage,2,0.5,"__confirm_cooldown=200,divergence=0.3,error_rate=0.5,teacher_entropy=0.2",3,0,200,0.0,0,10000,10.0,25.0,200,500,1,136,1.0,0.8691267730496454,0.6826598328028323,0.0,0.19226408004760742,0.011860945262014866,0,0,109,109,-1,weighted,,,0,0,0,0.0,0.003960342146456242,0,0.0,0.0,0.0,0.0,0,none,0,1,0,overconfident,0.95,0,mild_drift,0.9424292307696907,0.00148051282050672,0.7226373626398732,0.8433956043964175,1768042053.3648021,0.02104221284389496,0.11344757676124573
565,36160,36159,sea_abrupt4,sea,ts_drift_adapt,3,"error_divergence_ph_meta@error.threshold=0.10,error.min_instances=5",error_divergence_ph_meta,"{""divergence"": {""alpha"": 0.1, ""delta"": 0.005, ""min_instances"": 30, ""threshold"": 0.05}, ""error_rate"": {""alpha"": 0.15, ""delta"": 0.005, ""min_instances"": 5, ""threshold"": 0.1}}","{""error_rate"": {""min_instances"": 5, ""threshold"": 0.1}}",0.1,0.005,0.15,5,0.05,0.005,0.1,30,,,,-1,two_stage,2,0.5,"__confirm_cooldown=200,divergence=0.3,error_rate=0.5,teacher_entropy=0.2",3,0,200,0.0,0,10000,10.0,25.0,200,500,1,72,1.0,0.8692477876106195,0.6830528780751204,0.0,0.16735218465328217,0.007130682002753019,0,0,109,109,-1,weighted,,,0,0,0,0.0,0.0047302632592618465,0,0.0,0.0,0.0,0.0,0,none,0,1,0,overconfident,0.95,0,mild_drift,0.9513646153848453,0.0013902564102533602,0.7613186813199366,0.8491978021982087,1768042053.3765619,0.04847506806254387,0.051484186202287674
566,36224,36223,sea_abrupt4,sea,ts_drift_adapt,3,"error_divergence_ph_meta@error.threshold=0.10,error.min_instances=5",error_divergence_ph_meta,"{""divergence"": {""alpha"": 0.1, ""delta"": 0.005, ""min_instances"": 30, ""threshold"": 0.05}, ""error_rate"": {""alpha"": 0.15, ""delta"": 0.005, ""min_instances"": 5, ""threshold"": 0.1}}","{""error_rate"": {""min_instances"": 5, ""threshold"": 0.1}}",0.1,0.005,0.15,5,0.05,0.005,0.1,30,,,,-1,two_stage,2,0.5,"__confirm_cooldown=200,divergence=0.3,error_rate=0.5,teacher_entropy=0.2",3,0,200,0.0,0,10000,10.0,25.0,200,500,1,8,1.0,0.8693683745583038,0.6832983800328136,0.0,0.18388184905052185,0.00940652284771204,0,0,109,109,-1,weighted,,,0,0,0,0.0,0.0022758408449590206,0,0.0,0.0,0.0,0.0,0,none,0,1,0,overconfident,0.95,0,mild_drift,0.9558323076924227,0.00134512820512668,0.7806593406599683,0.8520989010991044,1768042053.3882155,0.04546857997775078,0.08056715130805969
567,36288,36287,sea_abrupt4,sea,ts_drift_adapt,3,"error_divergence_ph_meta@error.threshold=0.10,error.min_instances=5",error_divergence_ph_meta,"{""divergence"": {""alpha"": 0.1, ""delta"": 0.005, ""min_instances"": 30, ""threshold"": 0.05}, ""error_rate"": {""alpha"": 0.15, ""delta"": 0.005, ""min_instances"": 5, ""threshold"": 0.1}}","{""error_rate"": {""min_instances"": 5, ""threshold"": 0.1}}",0.1,0.005,0.15,5,0.05,0.005,0.1,30,,,,-1,two_stage,2,0.5,"__confirm_cooldown=200,divergence=0.3,error_rate=0.5,teacher_entropy=0.2",3,0,200,0.0,0,10000,10.0,25.0,200,500,0,0,1.0,0.8694334215167548,0.683447797061067,0.16666666666666666,0.16617333889007568,0.011219832114875317,0,0,109,109,-1,weighted,,,0,0,0,0.0,0.16666666666666666,0,0.0,0.0,0.0,0.0,0,none,0,1,0,overconfident,0.95,0,mild_drift,0.9580661538462113,0.0013225641025633402,0.7903296703299842,0.8535494505495522,1768042053.4026062,0.439032644033432,0.10738107562065125
568,36352,36351,sea_abrupt4,sea,ts_drift_adapt,3,"error_divergence_ph_meta@error.threshold=0.10,error.min_instances=5",error_divergence_ph_meta,"{""divergence"": {""alpha"": 0.1, ""delta"": 0.005, ""min_instances"": 30, ""threshold"": 0.05}, ""error_rate"": {""alpha"": 0.15, ""delta"": 0.005, ""min_instances"": 5, ""threshold"": 0.1}}","{""error_rate"": {""min_instances"": 5, ""threshold"": 0.1}}",0.1,0.005,0.15,5,0.05,0.005,0.1,30,,,,-1,two_stage,2,0.5,"__confirm_cooldown=200,divergence=0.3,error_rate=0.5,teacher_entropy=0.2",3,0,200,0.0,0,10000,10.0,25.0,200,500,0,0,1.0,0.8696082746478874,0.6839474451341426,0.0,0.1506807655096054,0.009261389262974262,1,1,110,110,0,weighted,,,0,0,0,0.0,0.16666666666666666,1,0.5,0.0,0.0,0.0,0,none,1,1,0,overconfident,0.95,0,stable,0.9740330769231056,0.00106128205128167,0.8951648351649921,0.8992747252747761,1768042053.4172819,0.11782446503639221,0.09076978266239166
569,36416,36415,sea_abrupt4,sea,ts_drift_adapt,3,"error_divergence_ph_meta@error.threshold=0.10,error.min_instances=5",error_divergence_ph_meta,"{""divergence"": {""alpha"": 0.1, ""delta"": 0.005, ""min_instances"": 30, ""threshold"": 0.05}, ""error_rate"": {""alpha"": 0.15, ""delta"": 0.005, ""min_instances"": 5, ""threshold"": 0.1}}","{""error_rate"": {""min_instances"": 5, ""threshold"": 0.1}}",0.1,0.005,0.15,5,0.05,0.005,0.1,30,,,,-1,two_stage,2,0.5,"__confirm_cooldown=200,divergence=0.3,error_rate=0.5,teacher_entropy=0.2",3,0,200,0.0,0,10000,10.0,25.0,200,500,1,136,1.0,0.8697001318101933,0.6840956890568485,0.0,0.1976999044418335,0.013077786192297935,0,0,110,110,-1,weighted,,,0,0,0,0.0,0.0038163969293236732,0,0.0,0.0,0.0,0.0,0,none,0,1,0,overconfident,0.95,0,mild_drift,0.9671665384615528,0.001180641025640835,0.8475824175824961,0.8771373626373881,1768042053.4316587,0.05721226707100868,0.08601764589548111
570,36480,36479,sea_abrupt4,sea,ts_drift_adapt,3,"error_divergence_ph_meta@error.threshold=0.10,error.min_instances=5",error_divergence_ph_meta,"{""divergence"": {""alpha"": 0.1, ""delta"": 0.005, ""min_instances"": 30, ""threshold"": 0.05}, ""error_rate"": {""alpha"": 0.15, ""delta"": 0.005, ""min_instances"": 5, ""threshold"": 0.1}}","{""error_rate"": {""min_instances"": 5, ""threshold"": 0.1}}",0.1,0.005,0.15,5,0.05,0.005,0.1,30,,,,-1,two_stage,2,0.5,"__confirm_cooldown=200,divergence=0.3,error_rate=0.5,teacher_entropy=0.2",3,0,200,0.0,0,10000,10.0,25.0,200,500,1,72,1.0,0.8697916666666666,0.6843018102241328,0.16666666666666666,0.17772012948989868,0.020341992378234863,0,0,110,110,-1,weighted,,,0,0,0,0.0,0.16666666666666666,0,0.0,0.0,0.0,0.0,0,none,0,1,0,overconfident,0.95,0,mild_drift,0.9637332692307763,0.0012403205128204177,0.823791208791248,0.866068681318694,1768042053.4433513,0.19817404448986053,0.12390407919883728
571,36544,36543,sea_abrupt4,sea,ts_drift_adapt,3,"error_divergence_ph_meta@error.threshold=0.10,error.min_instances=5",error_divergence_ph_meta,"{""divergence"": {""alpha"": 0.1, ""delta"": 0.005, ""min_instances"": 30, ""threshold"": 0.05}, ""error_rate"": {""alpha"": 0.15, ""delta"": 0.005, ""min_instances"": 5, ""threshold"": 0.1}}","{""error_rate"": {""min_instances"": 5, ""threshold"": 0.1}}",0.1,0.005,0.15,5,0.05,0.005,0.1,30,,,,-1,two_stage,2,0.5,"__confirm_cooldown=200,divergence=0.3,error_rate=0.5,teacher_entropy=0.2",3,0,200,0.0,0,10000,10.0,25.0,200,500,1,8,1.0,0.8699376094570929,0.6846702254355419,0.0,0.12501662969589233,0.014059142209589481,0,0,110,110,-1,weighted,,,0,0,0,0.0,0.16666666666666666,0,0.0,0.0,0.0,0.0,0,none,0,1,0,overconfident,0.95,0,mild_drift,0.9620166346153881,0.0012701602564102088,0.811895604395624,0.860534340659347,1768042053.455168,0.03724746033549309,0.11034481227397919
572,36608,36607,sea_abrupt4,sea,ts_drift_adapt,3,"error_divergence_ph_meta@error.threshold=0.10,error.min_instances=5",error_divergence_ph_meta,"{""divergence"": {""alpha"": 0.1, ""delta"": 0.005, ""min_instances"": 30, ""threshold"": 0.05}, ""error_rate"": {""alpha"": 0.15, ""delta"": 0.005, ""min_instances"": 5, ""threshold"": 0.1}}","{""error_rate"": {""min_instances"": 5, ""threshold"": 0.1}}",0.1,0.005,0.15,5,0.05,0.005,0.1,30,,,,-1,two_stage,2,0.5,"__confirm_cooldown=200,divergence=0.3,error_rate=0.5,teacher_entropy=0.2",3,0,200,0.0,0,10000,10.0,25.0,200,500,0,0,1.0,0.8700284090909091,0.684889761840545,0.0,0.18835829198360443,0.018516048789024353,0,0,110,110,-1,weighted,,,0,0,0,0.0,0.004456906579434872,0,0.0,0.0,0.0,0.0,0,none,0,1,0,overconfident,0.95,0,mild_drift,0.9611583173076941,0.0012850801282051046,0.805947802197812,0.8577671703296734,1768042053.4671347,0.02087513916194439,0.1629638671875
573,36672,36671,sea_abrupt4,sea,ts_drift_adapt,3,"error_divergence_ph_meta@error.threshold=0.10,error.min_instances=5",error_divergence_ph_meta,"{""divergence"": {""alpha"": 0.1, ""delta"": 0.005, ""min_instances"": 30, ""threshold"": 0.05}, ""error_rate"": {""alpha"": 0.15, ""delta"": 0.005, ""min_instances"": 5, ""threshold"": 0.1}}","{""error_rate"": {""min_instances"": 5, ""threshold"": 0.1}}",0.1,0.005,0.15,5,0.05,0.005,0.1,30,,,,-1,two_stage,2,0.5,"__confirm_cooldown=200,divergence=0.3,error_rate=0.5,teacher_entropy=0.2",3,0,200,0.0,0,10000,10.0,25.0,200,500,0,0,1.0,0.8702006980802792,0.6853294665204015,0.0,0.14153310656547546,0.013850918039679527,1,1,111,111,0,weighted,,,0,0,0,0.0,0.004665130749344826,1,0.5,0.0,0.0,0.0,0,none,1,1,0,overconfident,0.95,0,stable,0.975579158653847,0.0010425400641025523,0.902973901098906,0.9013835851648367,1768042053.4787633,0.008640969172120094,0.12883010506629944
574,36736,36735,sea_abrupt4,sea,ts_drift_adapt,3,"error_divergence_ph_meta@error.threshold=0.10,error.min_instances=5",error_divergence_ph_meta,"{""divergence"": {""alpha"": 0.1, ""delta"": 0.005, ""min_instances"": 30, ""threshold"": 0.05}, ""error_rate"": {""alpha"": 0.15, ""delta"": 0.005, ""min_instances"": 5, ""threshold"": 0.1}}","{""error_rate"": {""min_instances"": 5, ""threshold"": 0.1}}",0.1,0.005,0.15,5,0.05,0.005,0.1,30,,,,-1,two_stage,2,0.5,"__confirm_cooldown=200,divergence=0.3,error_rate=0.5,teacher_entropy=0.2",3,0,200,0.0,0,10000,10.0,25.0,200,500,1,136,1.0,0.8703179442508711,0.6855955087918326,0.0,0.155684694647789,0.013300592079758644,0,0,111,111,-1,weighted,,,0,0,0,0.0,0.0005503259599208832,0,0.0,0.0,0.0,0.0,0,none,0,1,0,overconfident,0.95,0,mild_drift,0.9679395793269234,0.0011712700320512762,0.851486950549453,0.8781917925824183,1768042053.4906452,0.009119453839957714,0.0908774882555008
575,36800,36799,sea_abrupt4,sea,ts_drift_adapt,3,"error_divergence_ph_meta@error.threshold=0.10,error.min_instances=5",error_divergence_ph_meta,"{""divergence"": {""alpha"": 0.1, ""delta"": 0.005, ""min_instances"": 30, ""threshold"": 0.05}, ""error_rate"": {""alpha"": 0.15, ""delta"": 0.005, ""min_instances"": 5, ""threshold"": 0.1}}","{""error_rate"": {""min_instances"": 5, ""threshold"": 0.1}}",0.1,0.005,0.15,5,0.05,0.005,0.1,30,,,,-1,two_stage,2,0.5,"__confirm_cooldown=200,divergence=0.3,error_rate=0.5,teacher_entropy=0.2",3,0,200,0.0,0,10000,10.0,25.0,200,500,1,72,1.0,0.8704619565217391,0.6858565388319207,0.0,0.12488239258527756,0.01392966229468584,0,0,111,111,-1,weighted,,,0,0,0,0.0,0.0006290702149271965,0,0.0,0.0,0.0,0.0,0,none,0,1,0,overconfident,0.95,0,mild_drift,0.9641197896634617,0.0012356350160256382,0.8257434752747266,0.8665958962912091,1768042053.5023026,0.030821502208709717,0.1316564381122589
576,36864,36863,sea_abrupt4,sea,ts_drift_adapt,3,"error_divergence_ph_meta@error.threshold=0.10,error.min_instances=5",error_divergence_ph_meta,"{""divergence"": {""alpha"": 0.1, ""delta"": 0.005, ""min_instances"": 30, ""threshold"": 0.05}, ""error_rate"": {""alpha"": 0.15, ""delta"": 0.005, ""min_instances"": 5, ""threshold"": 0.1}}","{""error_rate"": {""min_instances"": 5, ""threshold"": 0.1}}",0.1,0.005,0.15,5,0.05,0.005,0.1,30,,,,-1,two_stage,2,0.5,"__confirm_cooldown=200,divergence=0.3,error_rate=0.5,teacher_entropy=0.2",3,0,200,0.0,0,10000,10.0,25.0,200,500,1,8,1.0,0.8705783420138888,0.6860059658781931,0.0,0.14612053334712982,0.01418733224272728,0,0,111,111,-1,weighted,,,0,0,0,0.0,0.00025766994804143906,0,0.0,0.0,0.0,0.0,0,none,0,1,0,overconfident,0.95,0,mild_drift,0.9622098948317308,0.0012678175080128192,0.8128717376373633,0.8607979481456045,1768042053.514045,0.017971796914935112,0.12242916226387024
577,36928,36927,sea_abrupt4,sea,ts_drift_adapt,3,"error_divergence_ph_meta@error.threshold=0.10,error.min_instances=5",error_divergence_ph_meta,"{""divergence"": {""alpha"": 0.1, ""delta"": 0.005, ""min_instances"": 30, ""threshold"": 0.05}, ""error_rate"": {""alpha"": 0.15, ""delta"": 0.005, ""min_instances"": 5, ""threshold"": 0.1}}","{""error_rate"": {""min_instances"": 5, ""threshold"": 0.1}}",0.1,0.005,0.15,5,0.05,0.005,0.1,30,,,,-1,two_stage,2,0.5,"__confirm_cooldown=200,divergence=0.3,error_rate=0.5,teacher_entropy=0.2",3,0,200,0.0,0,10000,10.0,25.0,200,500,0,0,1.0,0.8705860051993067,0.6860867064314442,0.16666666666666666,0.2530142068862915,0.028316734358668327,0,0,111,111,-1,weighted,,,0,0,0,0.0,0.16666666666666666,0,0.0,0.0,0.0,0.0,0,none,0,1,0,overconfident,0.95,0,mild_drift,0.9612549474158654,0.0012839087540064097,0.8064358688186817,0.8578989740728022,1768042053.5260646,0.36052003502845764,0.256333589553833
578,36992,36991,sea_abrupt4,sea,ts_drift_adapt,3,"error_divergence_ph_meta@error.threshold=0.10,error.min_instances=5",error_divergence_ph_meta,"{""divergence"": {""alpha"": 0.1, ""delta"": 0.005, ""min_instances"": 30, ""threshold"": 0.05}, ""error_rate"": {""alpha"": 0.15, ""delta"": 0.005, ""min_instances"": 5, ""threshold"": 0.1}}","{""error_rate"": {""min_instances"": 5, ""threshold"": 0.1}}",0.1,0.005,0.15,5,0.05,0.005,0.1,30,,,,-1,two_stage,2,0.5,"__confirm_cooldown=200,divergence=0.3,error_rate=0.5,teacher_entropy=0.2",3,0,200,0.0,0,10000,10.0,25.0,200,500,0,0,1.0,0.870674740484429,0.6863687630251224,0.16666666666666666,0.17977523803710938,0.015304732136428356,1,1,112,112,0,weighted,,,0,0,0,0.16666666666666666,0.013012002222239971,1,0.5,0.0,0.0,0.0,0,none,1,1,0,overconfident,0.95,0,severe_drift,0.9261274737079327,0.0016419543770032049,0.6532179344093408,0.8339494870364011,1768042053.5379462,0.347178190946579,0.12976714968681335
579,37056,37055,sea_abrupt4,sea,ts_drift_adapt,3,"error_divergence_ph_meta@error.threshold=0.10,error.min_instances=5",error_divergence_ph_meta,"{""divergence"": {""alpha"": 0.1, ""delta"": 0.005, ""min_instances"": 30, ""threshold"": 0.05}, ""error_rate"": {""alpha"": 0.15, ""delta"": 0.005, ""min_instances"": 5, ""threshold"": 0.1}}","{""error_rate"": {""min_instances"": 5, ""threshold"": 0.1}}",0.1,0.005,0.15,5,0.05,0.005,0.1,30,,,,-1,two_stage,2,0.5,"__confirm_cooldown=200,divergence=0.3,error_rate=0.5,teacher_entropy=0.2",3,0,200,0.0,0,10000,10.0,25.0,200,500,1,136,1.0,0.8707631692573402,0.6866174825040269,0.0,0.15801069140434265,0.013346301391720772,0,0,112,112,-1,weighted,,,0,0,0,0.0,0.16666666666666666,0,0.0,0.0,0.0,0.0,0,none,0,1,0,overconfident,0.95,0,mild_drift,0.9432137368539664,0.0014709771885016024,0.7266089672046705,0.8444747435182005,1768042053.549507,0.1061597391963005,0.14863653481006622
580,37120,37119,sea_abrupt4,sea,ts_drift_adapt,3,"error_divergence_ph_meta@error.threshold=0.10,error.min_instances=5",error_divergence_ph_meta,"{""divergence"": {""alpha"": 0.1, ""delta"": 0.005, ""min_instances"": 30, ""threshold"": 0.05}, ""error_rate"": {""alpha"": 0.15, ""delta"": 0.005, ""min_instances"": 5, ""threshold"": 0.1}}","{""error_rate"": {""min_instances"": 5, ""threshold"": 0.1}}",0.1,0.005,0.15,5,0.05,0.005,0.1,30,,,,-1,two_stage,2,0.5,"__confirm_cooldown=200,divergence=0.3,error_rate=0.5,teacher_entropy=0.2",3,0,200,0.0,0,10000,10.0,25.0,200,500,1,72,1.0,0.8709051724137931,0.6869909957902384,0.0,0.13237449526786804,0.013064663857221603,0,0,112,112,-1,weighted,,,0,0,0,0.0,0.0002816375344991684,0,0.0,0.0,0.0,0.0,0,none,0,1,0,overconfident,0.95,0,mild_drift,0.9517568684269831,0.0013854885942508012,0.7633044836023353,0.8497373717591002,1768042053.561343,0.12442052364349365,0.0962197408080101
581,37184,37183,sea_abrupt4,sea,ts_drift_adapt,3,"error_divergence_ph_meta@error.threshold=0.10,error.min_instances=5",error_divergence_ph_meta,"{""divergence"": {""alpha"": 0.1, ""delta"": 0.005, ""min_instances"": 30, ""threshold"": 0.05}, ""error_rate"": {""alpha"": 0.15, ""delta"": 0.005, ""min_instances"": 5, ""threshold"": 0.1}}","{""error_rate"": {""min_instances"": 5, ""threshold"": 0.1}}",0.1,0.005,0.15,5,0.05,0.005,0.1,30,,,,-1,two_stage,2,0.5,"__confirm_cooldown=200,divergence=0.3,error_rate=0.5,teacher_entropy=0.2",3,0,200,0.0,0,10000,10.0,25.0,200,500,1,8,1.0,0.8710466867469879,0.6874344991733384,0.16666666666666666,0.2267308235168457,0.013665852136909962,0,0,112,112,-1,weighted,,,0,0,0,0.0,0.16666666666666666,0,0.0,0.0,0.0,0.0,0,none,0,1,0,overconfident,0.95,0,mild_drift,0.9560284342134915,0.0013427442971254006,0.7816522418011677,0.8523686858795501,1768042053.573202,0.27102503180503845,0.09805318713188171
582,37248,37247,sea_abrupt4,sea,ts_drift_adapt,3,"error_divergence_ph_meta@error.threshold=0.10,error.min_instances=5",error_divergence_ph_meta,"{""divergence"": {""alpha"": 0.1, ""delta"": 0.005, ""min_instances"": 30, ""threshold"": 0.05}, ""error_rate"": {""alpha"": 0.15, ""delta"": 0.005, ""min_instances"": 5, ""threshold"": 0.1}}","{""error_rate"": {""min_instances"": 5, ""threshold"": 0.1}}",0.1,0.005,0.15,5,0.05,0.005,0.1,30,,,,-1,two_stage,2,0.5,"__confirm_cooldown=200,divergence=0.3,error_rate=0.5,teacher_entropy=0.2",3,0,200,0.0,0,10000,10.0,25.0,200,500,0,0,1.0,0.8711071735395189,0.6875754813099022,0.0,0.19152545928955078,0.018567856401205063,0,0,112,112,-1,weighted,,,0,0,0,0.0,0.16666666666666666,0,0.0,0.0,0.0,0.0,0,none,0,1,0,overconfident,0.95,0,mild_drift,0.9581642171067457,0.0013213721485627002,0.7908261209005838,0.853684342939775,1768042053.5850272,0.02886340767145157,0.11569800972938538
583,37312,37311,sea_abrupt4,sea,ts_drift_adapt,3,"error_divergence_ph_meta@error.threshold=0.10,error.min_instances=5",error_divergence_ph_meta,"{""divergence"": {""alpha"": 0.1, ""delta"": 0.005, ""min_instances"": 30, ""threshold"": 0.05}, ""error_rate"": {""alpha"": 0.15, ""delta"": 0.005, ""min_instances"": 5, ""threshold"": 0.1}}","{""error_rate"": {""min_instances"": 5, ""threshold"": 0.1}}",0.1,0.005,0.15,5,0.05,0.005,0.1,30,,,,-1,two_stage,2,0.5,"__confirm_cooldown=200,divergence=0.3,error_rate=0.5,teacher_entropy=0.2",3,0,200,0.0,0,10000,10.0,25.0,200,500,0,0,1.0,0.8711674528301887,0.6878016539494877,0.0,0.1995144486427307,0.013411115854978561,1,1,113,113,0,weighted,,,0,0,0,0.16666666666666666,0.0051567405462265015,1,0.5,0.0,0.0,0.0,0,none,1,1,0,overconfident,0.95,0,severe_drift,0.9245821085533729,0.0016606860742813501,0.6454130604502919,0.8318421714698876,1768042053.5968764,0.05162140727043152,0.09601283073425293
584,37376,37375,sea_abrupt4,sea,ts_drift_adapt,3,"error_divergence_ph_meta@error.threshold=0.10,error.min_instances=5",error_divergence_ph_meta,"{""divergence"": {""alpha"": 0.1, ""delta"": 0.005, ""min_instances"": 30, ""threshold"": 0.05}, ""error_rate"": {""alpha"": 0.15, ""delta"": 0.005, ""min_instances"": 5, ""threshold"": 0.1}}","{""error_rate"": {""min_instances"": 5, ""threshold"": 0.1}}",0.1,0.005,0.15,5,0.05,0.005,0.1,30,,,,-1,two_stage,2,0.5,"__confirm_cooldown=200,divergence=0.3,error_rate=0.5,teacher_entropy=0.2",3,0,200,0.0,0,10000,10.0,25.0,200,500,1,136,1.0,0.8712275256849316,0.6878877891336677,0.0,0.20530709624290466,0.023334825411438942,0,0,113,113,-1,weighted,,,0,0,0,0.0,0.00992370955646038,0,0.0,0.0,0.0,0.0,0,none,0,1,0,overconfident,0.95,0,mild_drift,0.9424410542766863,0.0014803430371406752,0.722706530225146,0.8434210857349438,1768042053.6088934,0.02337718941271305,0.1641809493303299
585,37440,37439,sea_abrupt4,sea,ts_drift_adapt,3,"error_divergence_ph_meta@error.threshold=0.10,error.min_instances=5",error_divergence_ph_meta,"{""divergence"": {""alpha"": 0.1, ""delta"": 0.005, ""min_instances"": 30, ""threshold"": 0.05}, ""error_rate"": {""alpha"": 0.15, ""delta"": 0.005, ""min_instances"": 5, ""threshold"": 0.1}}","{""error_rate"": {""min_instances"": 5, ""threshold"": 0.1}}",0.1,0.005,0.15,5,0.05,0.005,0.1,30,,,,-1,two_stage,2,0.5,"__confirm_cooldown=200,divergence=0.3,error_rate=0.5,teacher_entropy=0.2",3,0,200,0.0,0,10000,10.0,25.0,200,500,1,72,1.0,0.8713408119658119,0.6880860628635763,0.16666666666666666,0.15783822536468506,0.007600361946970224,0,0,113,113,-1,weighted,,,0,0,0,0.0,0.16666666666666666,0,0.0,0.0,0.0,0.0,0,none,0,1,0,overconfident,0.95,0,mild_drift,0.9513705271383431,0.0013901715185703377,0.761353265112573,0.8492105428674719,1768042053.6207314,0.3930887281894684,0.056260496377944946
586,37504,37503,sea_abrupt4,sea,ts_drift_adapt,3,"error_divergence_ph_meta@error.threshold=0.10,error.min_instances=5",error_divergence_ph_meta,"{""divergence"": {""alpha"": 0.1, ""delta"": 0.005, ""min_instances"": 30, ""threshold"": 0.05}, ""error_rate"": {""alpha"": 0.15, ""delta"": 0.005, ""min_instances"": 5, ""threshold"": 0.1}}","{""error_rate"": {""min_instances"": 5, ""threshold"": 0.1}}",0.1,0.005,0.15,5,0.05,0.005,0.1,30,,,,-1,two_stage,2,0.5,"__confirm_cooldown=200,divergence=0.3,error_rate=0.5,teacher_entropy=0.2",3,0,200,0.0,0,10000,10.0,25.0,200,500,1,8,1.0,0.8714003839590444,0.6881568252478091,0.16666666666666666,0.13964934647083282,0.011780817061662674,0,0,113,113,-1,weighted,,,0,0,0,0.0,0.00418045511469245,0,0.0,0.0,0.0,0.0,0,none,0,1,0,overconfident,0.95,0,mild_drift,0.9558352635691716,0.0013450857592851688,0.7806766325562865,0.8521052714337359,1768042053.6335902,0.45009174942970276,0.11206373572349548
587,37568,37567,sea_abrupt4,sea,ts_drift_adapt,3,"error_divergence_ph_meta@error.threshold=0.10,error.min_instances=5",error_divergence_ph_meta,"{""divergence"": {""alpha"": 0.1, ""delta"": 0.005, ""min_instances"": 30, ""threshold"": 0.05}, ""error_rate"": {""alpha"": 0.15, ""delta"": 0.005, ""min_instances"": 5, ""threshold"": 0.1}}","{""error_rate"": {""min_instances"": 5, ""threshold"": 0.1}}",0.1,0.005,0.15,5,0.05,0.005,0.1,30,,,,-1,two_stage,2,0.5,"__confirm_cooldown=200,divergence=0.3,error_rate=0.5,teacher_entropy=0.2",3,0,200,0.0,0,10000,10.0,25.0,200,500,0,0,1.0,0.8714863713798978,0.6884328920139293,0.16666666666666666,0.15642662346363068,0.015351332724094391,0,0,113,113,-1,weighted,,,0,0,0,0.0,0.003570515662431717,0,0.0,0.0,0.0,0.0,0,none,0,1,0,overconfident,0.95,0,mild_drift,0.9580676317845858,0.0013225428796425844,0.7903383162781432,0.8535526357168679,1768042053.6482143,0.21003156900405884,0.12716889381408691
588,37632,37631,sea_abrupt4,sea,ts_drift_adapt,3,"error_divergence_ph_meta@error.threshold=0.10,error.min_instances=5",error_divergence_ph_meta,"{""divergence"": {""alpha"": 0.1, ""delta"": 0.005, ""min_instances"": 30, ""threshold"": 0.05}, ""error_rate"": {""alpha"": 0.15, ""delta"": 0.005, ""min_instances"": 5, ""threshold"": 0.1}}","{""error_rate"": {""min_instances"": 5, ""threshold"": 0.1}}",0.1,0.005,0.15,5,0.05,0.005,0.1,30,,,,-1,two_stage,2,0.5,"__confirm_cooldown=200,divergence=0.3,error_rate=0.5,teacher_entropy=0.2",3,0,200,0.0,0,10000,10.0,25.0,200,500,0,0,1.0,0.8715454931972789,0.6885974611244984,0.16666666666666666,0.19980181753635406,0.018734777346253395,0,0,113,113,-1,weighted,,,0,0,0,0.0,0.003383444622159004,0,0.0,0.0,0.0,0.0,0,none,0,1,0,overconfident,0.95,0,mild_drift,0.9591838158922928,0.0013112714398212924,0.7951691581390716,0.8542763178584339,1768042053.662655,0.17266570031642914,0.18426862359046936
589,37696,37695,sea_abrupt4,sea,ts_drift_adapt,3,"error_divergence_ph_meta@error.threshold=0.10,error.min_instances=5",error_divergence_ph_meta,"{""divergence"": {""alpha"": 0.1, ""delta"": 0.005, ""min_instances"": 30, ""threshold"": 0.05}, ""error_rate"": {""alpha"": 0.15, ""delta"": 0.005, ""min_instances"": 5, ""threshold"": 0.1}}","{""error_rate"": {""min_instances"": 5, ""threshold"": 0.1}}",0.1,0.005,0.15,5,0.05,0.005,0.1,30,,,,-1,two_stage,2,0.5,"__confirm_cooldown=200,divergence=0.3,error_rate=0.5,teacher_entropy=0.2",3,0,200,0.0,0,10000,10.0,25.0,200,500,0,0,1.0,0.8716309422750425,0.6889584776773265,0.0,0.20137310028076172,0.018811503425240517,1,1,114,114,0,weighted,,,0,0,0,0.0,0.16666666666666666,1,0.5,0.0,0.0,0.0,0,none,1,1,0,overconfident,0.95,0,stable,0.9745919079461465,0.0010556357199106462,0.8975845790695358,0.8996381589292171,1768042053.6758845,0.0986933782696724,0.16086597740650177
590,37760,37759,sea_abrupt4,sea,ts_drift_adapt,3,"error_divergence_ph_meta@error.threshold=0.10,error.min_instances=5",error_divergence_ph_meta,"{""divergence"": {""alpha"": 0.1, ""delta"": 0.005, ""min_instances"": 30, ""threshold"": 0.05}, ""error_rate"": {""alpha"": 0.15, ""delta"": 0.005, ""min_instances"": 5, ""threshold"": 0.1}}","{""error_rate"": {""min_instances"": 5, ""threshold"": 0.1}}",0.1,0.005,0.15,5,0.05,0.005,0.1,30,,,,-1,two_stage,2,0.5,"__confirm_cooldown=200,divergence=0.3,error_rate=0.5,teacher_entropy=0.2",3,0,200,0.0,0,10000,10.0,25.0,200,500,1,136,1.0,0.8717425847457627,0.689333878631997,0.0,0.17461620271205902,0.013403295539319515,0,0,114,114,-1,weighted,,,0,0,0,0.0,0.0054082078859210014,0,0.0,0.0,0.0,0.0,0,none,0,1,0,overconfident,0.95,0,mild_drift,0.9674459539730732,0.0011778178599553232,0.8487922895347679,0.8773190794646085,1768042053.687391,0.016053153201937675,0.1103726327419281
591,37824,37823,sea_abrupt4,sea,ts_drift_adapt,3,"error_divergence_ph_meta@error.threshold=0.10,error.min_instances=5",error_divergence_ph_meta,"{""divergence"": {""alpha"": 0.1, ""delta"": 0.005, ""min_instances"": 30, ""threshold"": 0.05}, ""error_rate"": {""alpha"": 0.15, ""delta"": 0.005, ""min_instances"": 5, ""threshold"": 0.1}}","{""error_rate"": {""min_instances"": 5, ""threshold"": 0.1}}",0.1,0.005,0.15,5,0.05,0.005,0.1,30,,,,-1,two_stage,2,0.5,"__confirm_cooldown=200,divergence=0.3,error_rate=0.5,teacher_entropy=0.2",3,0,200,0.0,0,10000,10.0,25.0,200,500,1,72,1.0,0.8717745346869712,0.6893910521519828,0.0,0.20361803472042084,0.017810670658946037,0,0,114,114,-1,weighted,,,0,0,0,0.0,0.004407375119626522,0,0.0,0.0,0.0,0.0,0,none,0,1,0,overconfident,0.95,0,mild_drift,0.9638729769865366,0.0012389089299776617,0.824396144767384,0.8661595397323043,1768042053.6985958,0.043945904821157455,0.13796202838420868
592,37888,37887,sea_abrupt4,sea,ts_drift_adapt,3,"error_divergence_ph_meta@error.threshold=0.10,error.min_instances=5",error_divergence_ph_meta,"{""divergence"": {""alpha"": 0.1, ""delta"": 0.005, ""min_instances"": 30, ""threshold"": 0.05}, ""error_rate"": {""alpha"": 0.15, ""delta"": 0.005, ""min_instances"": 5, ""threshold"": 0.1}}","{""error_rate"": {""min_instances"": 5, ""threshold"": 0.1}}",0.1,0.005,0.15,5,0.05,0.005,0.1,30,,,,-1,two_stage,2,0.5,"__confirm_cooldown=200,divergence=0.3,error_rate=0.5,teacher_entropy=0.2",3,0,200,0.0,0,10000,10.0,25.0,200,500,1,8,1.0,0.8718063766891891,0.6895843335168974,0.0,0.1885078251361847,0.021247219294309616,0,0,114,114,-1,weighted,,,0,0,0,0.0,0.003436548635363579,0,0.0,0.0,0.0,0.0,0,none,0,1,0,overconfident,0.95,0,mild_drift,0.9620864884932683,0.001269454464988831,0.812198072383692,0.8605797698661521,1768042053.7101278,0.012518269009888172,0.1741870641708374
593,37952,37951,sea_abrupt4,sea,ts_drift_adapt,3,"error_divergence_ph_meta@error.threshold=0.10,error.min_instances=5",error_divergence_ph_meta,"{""divergence"": {""alpha"": 0.1, ""delta"": 0.005, ""min_instances"": 30, ""threshold"": 0.05}, ""error_rate"": {""alpha"": 0.15, ""delta"": 0.005, ""min_instances"": 5, ""threshold"": 0.1}}","{""error_rate"": {""min_instances"": 5, ""threshold"": 0.1}}",0.1,0.005,0.15,5,0.05,0.005,0.1,30,,,,-1,two_stage,2,0.5,"__confirm_cooldown=200,divergence=0.3,error_rate=0.5,teacher_entropy=0.2",3,0,200,0.0,0,10000,10.0,25.0,200,500,0,0,1.0,0.8719171585160203,0.6898228031873035,0.0,0.16386957466602325,0.007646781392395496,0,0,114,114,-1,weighted,,,0,0,0,0.0,0.01360043790191412,0,0.0,0.0,0.0,0.0,0,none,0,1,0,overconfident,0.95,0,mild_drift,0.9611932442466341,0.0012847272324944155,0.8060990361918461,0.8577898849330761,1768042053.721829,0.13419149816036224,0.07400737702846527
594,38016,38015,sea_abrupt4,sea,ts_drift_adapt,3,"error_divergence_ph_meta@error.threshold=0.10,error.min_instances=5",error_divergence_ph_meta,"{""divergence"": {""alpha"": 0.1, ""delta"": 0.005, ""min_instances"": 30, ""threshold"": 0.05}, ""error_rate"": {""alpha"": 0.15, ""delta"": 0.005, ""min_instances"": 5, ""threshold"": 0.1}}","{""error_rate"": {""min_instances"": 5, ""threshold"": 0.1}}",0.1,0.005,0.15,5,0.05,0.005,0.1,30,,,,-1,two_stage,2,0.5,"__confirm_cooldown=200,divergence=0.3,error_rate=0.5,teacher_entropy=0.2",3,0,200,0.0,0,10000,10.0,25.0,200,500,0,0,1.0,0.8720801767676768,0.6902568383875881,0.0,0.17233312129974365,0.012213691137731075,0,0,114,114,-1,weighted,,,0,0,0,0.0,0.004566909745335579,0,0.0,0.0,0.0,0.0,0,none,0,1,0,overconfident,0.95,0,mild_drift,0.960746622123317,0.0012923636162472077,0.8030495180959231,0.856394942466538,1768042053.733717,0.010897479020059109,0.12421076744794846
595,38080,38079,sea_abrupt4,sea,ts_drift_adapt,3,"error_divergence_ph_meta@error.threshold=0.10,error.min_instances=5",error_divergence_ph_meta,"{""divergence"": {""alpha"": 0.1, ""delta"": 0.005, ""min_instances"": 30, ""threshold"": 0.05}, ""error_rate"": {""alpha"": 0.15, ""delta"": 0.005, ""min_instances"": 5, ""threshold"": 0.1}}","{""error_rate"": {""min_instances"": 5, ""threshold"": 0.1}}",0.1,0.005,0.15,5,0.05,0.005,0.1,30,,,,-1,two_stage,2,0.5,"__confirm_cooldown=200,divergence=0.3,error_rate=0.5,teacher_entropy=0.2",3,0,200,0.0,0,10000,10.0,25.0,200,500,0,0,1.0,0.8722426470588235,0.6907531961945311,0.0,0.14093269407749176,0.011889388784766197,0,0,114,114,-1,weighted,,,0,0,0,0.0,0.0003243023529648781,0,0.0,0.0,0.0,0.0,0,none,0,1,0,overconfident,0.95,0,mild_drift,0.9605233110616584,0.001296181808123604,0.8015247590479615,0.855697471233269,1768042053.744894,0.025775445625185966,0.10225488245487213
596,38144,38143,sea_abrupt4,sea,ts_drift_adapt,3,"error_divergence_ph_meta@error.threshold=0.10,error.min_instances=5",error_divergence_ph_meta,"{""divergence"": {""alpha"": 0.1, ""delta"": 0.005, ""min_instances"": 30, ""threshold"": 0.05}, ""error_rate"": {""alpha"": 0.15, ""delta"": 0.005, ""min_instances"": 5, ""threshold"": 0.1}}","{""error_rate"": {""min_instances"": 5, ""threshold"": 0.1}}",0.1,0.005,0.15,5,0.05,0.005,0.1,30,,,,-1,two_stage,2,0.5,"__confirm_cooldown=200,divergence=0.3,error_rate=0.5,teacher_entropy=0.2",3,0,200,0.0,0,10000,10.0,25.0,200,500,0,0,1.0,0.872325922818792,0.6909817453281997,0.0,0.1830097734928131,0.014653238467872143,0,0,114,114,-1,weighted,,,0,0,0,0.0,0.0027638496831059456,0,0.0,0.0,0.0,0.0,0,none,0,1,0,overconfident,0.95,0,mild_drift,0.9604116555308292,0.001298090904061802,0.8007623795239808,0.8553487356166345,1768042053.7565506,0.1383548378944397,0.08951310813426971
597,38208,38207,sea_abrupt4,sea,ts_drift_adapt,3,"error_divergence_ph_meta@error.threshold=0.10,error.min_instances=5",error_divergence_ph_meta,"{""divergence"": {""alpha"": 0.1, ""delta"": 0.005, ""min_instances"": 30, ""threshold"": 0.05}, ""error_rate"": {""alpha"": 0.15, ""delta"": 0.005, ""min_instances"": 5, ""threshold"": 0.1}}","{""error_rate"": {""min_instances"": 5, ""threshold"": 0.1}}",0.1,0.005,0.15,5,0.05,0.005,0.1,30,,,,-1,two_stage,2,0.5,"__confirm_cooldown=200,divergence=0.3,error_rate=0.5,teacher_entropy=0.2",3,0,200,0.0,0,10000,10.0,25.0,200,500,0,0,1.0,0.8724350921273032,0.6913809118239416,0.16666666666666666,0.17591650784015656,0.016247328370809555,1,1,115,115,0,weighted,,,0,0,0,0.16666666666666666,0.16666666666666666,1,0.5,0.0,0.0,0.0,0,none,1,1,0,overconfident,0.95,0,severe_drift,0.9257058277654147,0.001649045452030901,0.6503811897619904,0.8326743678083173,1768042053.7681684,0.30540379881858826,0.11896612495183945
598,38272,38271,sea_abrupt4,sea,ts_drift_adapt,3,"error_divergence_ph_meta@error.threshold=0.10,error.min_instances=5",error_divergence_ph_meta,"{""divergence"": {""alpha"": 0.1, ""delta"": 0.005, ""min_instances"": 30, ""threshold"": 0.05}, ""error_rate"": {""alpha"": 0.15, ""delta"": 0.005, ""min_instances"": 5, ""threshold"": 0.1}}","{""error_rate"": {""min_instances"": 5, ""threshold"": 0.1}}",0.1,0.005,0.15,5,0.05,0.005,0.1,30,,,,-1,two_stage,2,0.5,"__confirm_cooldown=200,divergence=0.3,error_rate=0.5,teacher_entropy=0.2",3,0,200,0.0,0,10000,10.0,25.0,200,500,1,136,1.0,0.8725177675585284,0.6916238423625038,0.0,0.20272807776927948,0.016036245971918106,0,0,115,115,-1,weighted,,,0,0,0,0.0,0.16666666666666666,0,0.0,0.0,0.0,0.0,0,none,0,1,0,overconfident,0.95,0,mild_drift,0.9430029138827073,0.0014745227260154507,0.7251905948809952,0.8438371839041586,1768042053.7799525,0.14549781382083893,0.12955880165100098
599,38336,38335,sea_abrupt4,sea,ts_drift_adapt,3,"error_divergence_ph_meta@error.threshold=0.10,error.min_instances=5",error_divergence_ph_meta,"{""divergence"": {""alpha"": 0.1, ""delta"": 0.005, ""min_instances"": 30, ""threshold"": 0.05}, ""error_rate"": {""alpha"": 0.15, ""delta"": 0.005, ""min_instances"": 5, ""threshold"": 0.1}}","{""error_rate"": {""min_instances"": 5, ""threshold"": 0.1}}",0.1,0.005,0.15,5,0.05,0.005,0.1,30,,,,-1,two_stage,2,0.5,"__confirm_cooldown=200,divergence=0.3,error_rate=0.5,teacher_entropy=0.2",3,0,200,0.0,0,10000,10.0,25.0,200,500,1,72,1.0,0.8725479966611018,0.691662545315317,0.0,0.16672736406326294,0.010905603878200054,0,0,115,115,-1,weighted,,,0,0,0,0.0,0.005130642093718052,0,0.0,0.0,0.0,0.0,0,none,0,1,0,overconfident,0.95,0,mild_drift,0.9516514569413537,0.0013872613630077253,0.7625952974404977,0.8494185919520794,1768042053.791191,0.03606902062892914,0.08920808136463165
600,38400,38399,sea_abrupt4,sea,ts_drift_adapt,3,"error_divergence_ph_meta@error.threshold=0.10,error.min_instances=5",error_divergence_ph_meta,"{""divergence"": {""alpha"": 0.1, ""delta"": 0.005, ""min_instances"": 30, ""threshold"": 0.05}, ""error_rate"": {""alpha"": 0.15, ""delta"": 0.005, ""min_instances"": 5, ""threshold"": 0.1}}","{""error_rate"": {""min_instances"": 5, ""threshold"": 0.1}}",0.1,0.005,0.15,5,0.05,0.005,0.1,30,,,,-1,two_stage,2,0.5,"__confirm_cooldown=200,divergence=0.3,error_rate=0.5,teacher_entropy=0.2",3,0,200,0.0,0,10000,10.0,25.0,200,500,1,8,1.0,0.8726041666666666,0.6917525059557008,0.16666666666666666,0.14360906183719635,0.007768629584461451,0,0,115,115,-1,weighted,,,0,0,0,0.0,0.16666666666666666,0,0.0,0.0,0.0,0.0,0,none,0,1,0,overconfident,0.95,0,mild_drift,0.9559757284706768,0.0013436306815038626,0.7812976487202489,0.8522092959760397,1768042053.8030877,0.2754638195037842,0.08200469613075256
601,38464,38463,sea_abrupt4,sea,ts_drift_adapt,3,"error_divergence_ph_meta@error.threshold=0.10,error.min_instances=5",error_divergence_ph_meta,"{""divergence"": {""alpha"": 0.1, ""delta"": 0.005, ""min_instances"": 30, ""threshold"": 0.05}, ""error_rate"": {""alpha"": 0.15, ""delta"": 0.005, ""min_instances"": 5, ""threshold"": 0.1}}","{""error_rate"": {""min_instances"": 5, ""threshold"": 0.1}}",0.1,0.005,0.15,5,0.05,0.005,0.1,30,,,,-1,two_stage,2,0.5,"__confirm_cooldown=200,divergence=0.3,error_rate=0.5,teacher_entropy=0.2",3,0,200,0.0,0,10000,10.0,25.0,200,500,0,0,1.0,0.8727381447587355,0.6919772825399756,0.16666666666666666,0.1420774757862091,0.005229352507740259,0,0,115,115,-1,weighted,,,0,0,0,0.0,0.0025392770767211914,0,0.0,0.0,0.0,0.0,0,none,0,1,0,overconfident,0.95,0,mild_drift,0.9581378642353384,0.0013218153407519315,0.7906488243601244,0.8536046479880198,1768042053.8149862,0.42770788073539734,0.04718802869319916
602,38528,38527,sea_abrupt4,sea,ts_drift_adapt,3,"error_divergence_ph_meta@error.threshold=0.10,error.min_instances=5",error_divergence_ph_meta,"{""divergence"": {""alpha"": 0.1, ""delta"": 0.005, ""min_instances"": 30, ""threshold"": 0.05}, ""error_rate"": {""alpha"": 0.15, ""delta"": 0.005, ""min_instances"": 5, ""threshold"": 0.1}}","{""error_rate"": {""min_instances"": 5, ""threshold"": 0.1}}",0.1,0.005,0.15,5,0.05,0.005,0.1,30,,,,-1,two_stage,2,0.5,"__confirm_cooldown=200,divergence=0.3,error_rate=0.5,teacher_entropy=0.2",3,0,200,0.0,0,10000,10.0,25.0,200,500,0,0,1.0,0.8728976328903655,0.692336362227394,0.0,0.13584329187870026,0.009861555881798267,1,1,116,116,0,weighted,,,0,0,0,0.16666666666666666,0.16666666666666666,1,0.5,0.0,0.0,0.0,0,none,1,1,0,overconfident,0.95,0,severe_drift,0.9245689321176692,0.0016609076703759658,0.6453244121800622,0.83180232399401,1768042053.8267474,0.038232870399951935,0.07737565785646439
603,38592,38591,sea_abrupt4,sea,ts_drift_adapt,3,"error_divergence_ph_meta@error.threshold=0.10,error.min_instances=5",error_divergence_ph_meta,"{""divergence"": {""alpha"": 0.1, ""delta"": 0.005, ""min_instances"": 30, ""threshold"": 0.05}, ""error_rate"": {""alpha"": 0.15, ""delta"": 0.005, ""min_instances"": 5, ""threshold"": 0.1}}","{""error_rate"": {""min_instances"": 5, ""threshold"": 0.1}}",0.1,0.005,0.15,5,0.05,0.005,0.1,30,,,,-1,two_stage,2,0.5,"__confirm_cooldown=200,divergence=0.3,error_rate=0.5,teacher_entropy=0.2",3,0,200,0.0,0,10000,10.0,25.0,200,500,1,136,1.0,0.873004767827529,0.6926662356028926,0.0,0.197215273976326,0.015977174043655396,0,0,116,116,-1,weighted,,,0,0,0,0.0,0.006115618161857128,0,0.0,0.0,0.0,0.0,0,none,0,1,0,overconfident,0.95,0,mild_drift,0.9424344660588346,0.001480453835187983,0.7226622060900312,0.843401161997005,1768042053.8385353,0.05220404267311096,0.14592763781547546
604,38656,38655,sea_abrupt4,sea,ts_drift_adapt,3,"error_divergence_ph_meta@error.threshold=0.10,error.min_instances=5",error_divergence_ph_meta,"{""divergence"": {""alpha"": 0.1, ""delta"": 0.005, ""min_instances"": 30, ""threshold"": 0.05}, ""error_rate"": {""alpha"": 0.15, ""delta"": 0.005, ""min_instances"": 5, ""threshold"": 0.1}}","{""error_rate"": {""min_instances"": 5, ""threshold"": 0.1}}",0.1,0.005,0.15,5,0.05,0.005,0.1,30,,,,-1,two_stage,2,0.5,"__confirm_cooldown=200,divergence=0.3,error_rate=0.5,teacher_entropy=0.2",3,0,200,0.0,0,10000,10.0,25.0,200,500,1,72,1.0,0.8731115480132451,0.6929647669318054,0.0,0.13136814534664154,0.016412202268838882,0,0,116,116,-1,weighted,,,0,0,0,0.0,0.00043502822518348694,0,0.0,0.0,0.0,0.0,0,none,0,1,0,overconfident,0.95,0,mild_drift,0.9513672330294173,0.0013902269175939917,0.7613311030450156,0.8492005809985025,1768042053.8520358,0.05069375038146973,0.1289777308702469
605,38720,38719,sea_abrupt4,sea,ts_drift_adapt,3,"error_divergence_ph_meta@error.threshold=0.10,error.min_instances=5",error_divergence_ph_meta,"{""divergence"": {""alpha"": 0.1, ""delta"": 0.005, ""min_instances"": 30, ""threshold"": 0.05}, ""error_rate"": {""alpha"": 0.15, ""delta"": 0.005, ""min_instances"": 5, ""threshold"": 0.1}}","{""error_rate"": {""min_instances"": 5, ""threshold"": 0.1}}",0.1,0.005,0.15,5,0.05,0.005,0.1,30,,,,-1,two_stage,2,0.5,"__confirm_cooldown=200,divergence=0.3,error_rate=0.5,teacher_entropy=0.2",3,0,200,0.0,0,10000,10.0,25.0,200,500,1,8,1.0,0.8731663223140496,0.693074984682312,0.16666666666666666,0.12805914878845215,0.01205809973180294,0,0,116,116,-1,weighted,,,0,0,0,0.0,0.16666666666666666,0,0.0,0.0,0.0,0.0,0,none,0,1,0,overconfident,0.95,0,mild_drift,0.9558336165147086,0.0013451134587969958,0.7806655515225078,0.8521002904992512,1768042053.8663101,0.7822127938270569,0.11253133416175842
606,38784,38783,sea_abrupt4,sea,ts_drift_adapt,3,"error_divergence_ph_meta@error.threshold=0.10,error.min_instances=5",error_divergence_ph_meta,"{""divergence"": {""alpha"": 0.1, ""delta"": 0.005, ""min_instances"": 30, ""threshold"": 0.05}, ""error_rate"": {""alpha"": 0.15, ""delta"": 0.005, ""min_instances"": 5, ""threshold"": 0.1}}","{""error_rate"": {""min_instances"": 5, ""threshold"": 0.1}}",0.1,0.005,0.15,5,0.05,0.005,0.1,30,,,,-1,two_stage,2,0.5,"__confirm_cooldown=200,divergence=0.3,error_rate=0.5,teacher_entropy=0.2",3,0,200,0.0,0,10000,10.0,25.0,200,500,0,0,1.0,0.8731693481848185,0.6931567062631132,0.3333333333333333,0.16398738324642181,0.008603112772107124,0,0,116,116,-1,weighted,,,0,0,0,0.0,0.16666666666666666,0,0.0,0.0,0.0,0.0,0,none,0,1,0,overconfident,0.95,0,mild_drift,0.9580668082573542,0.001322556729398498,0.7903327757612539,0.8535501452496256,1768042053.8808236,0.30860593914985657,0.0759042352437973
607,38848,38847,sea_abrupt4,sea,ts_drift_adapt,3,"error_divergence_ph_meta@error.threshold=0.10,error.min_instances=5",error_divergence_ph_meta,"{""divergence"": {""alpha"": 0.1, ""delta"": 0.005, ""min_instances"": 30, ""threshold"": 0.05}, ""error_rate"": {""alpha"": 0.15, ""delta"": 0.005, ""min_instances"": 5, ""threshold"": 0.1}}","{""error_rate"": {""min_instances"": 5, ""threshold"": 0.1}}",0.1,0.005,0.15,5,0.05,0.005,0.1,30,,,,-1,two_stage,2,0.5,"__confirm_cooldown=200,divergence=0.3,error_rate=0.5,teacher_entropy=0.2",3,0,200,0.0,0,10000,10.0,25.0,200,500,0,0,1.0,0.8732753294892917,0.6933220080378948,0.3333333333333333,0.15887075662612915,0.009395463392138481,1,1,117,117,0,weighted,,,0,0,0,0.3333333333333333,0.0007923506200313568,1,0.5,0.0,0.0,0.0,0,none,1,1,0,overconfident,0.95,0,severe_drift,0.9245334041286771,0.001661278364699249,0.645166387880627,0.8317750726248128,1768042053.8931477,0.29782548546791077,0.07087407261133194
608,38912,38911,sea_abrupt4,sea,ts_drift_adapt,3,"error_divergence_ph_meta@error.threshold=0.10,error.min_instances=5",error_divergence_ph_meta,"{""divergence"": {""alpha"": 0.1, ""delta"": 0.005, ""min_instances"": 30, ""threshold"": 0.05}, ""error_rate"": {""alpha"": 0.15, ""delta"": 0.005, ""min_instances"": 5, ""threshold"": 0.1}}","{""error_rate"": {""min_instances"": 5, ""threshold"": 0.1}}",0.1,0.005,0.15,5,0.05,0.005,0.1,30,,,,-1,two_stage,2,0.5,"__confirm_cooldown=200,divergence=0.3,error_rate=0.5,teacher_entropy=0.2",3,0,200,0.0,0,10000,10.0,25.0,200,500,1,136,1.0,0.8733295641447368,0.6933485737335195,0.0,0.16300049424171448,0.014626119285821915,0,0,117,117,-1,weighted,,,0,0,0,0.0,0.3333333333333333,0,0.0,0.0,0.0,0.0,0,none,0,1,0,overconfident,0.95,0,mild_drift,0.9424167020643386,0.0014806391823496247,0.7225831939403136,0.8433875363124064,1768042053.9051526,0.01820354349911213,0.14340174198150635
609,38976,38975,sea_abrupt4,sea,ts_drift_adapt,3,"error_divergence_ph_meta@error.threshold=0.10,error.min_instances=5",error_divergence_ph_meta,"{""divergence"": {""alpha"": 0.1, ""delta"": 0.005, ""min_instances"": 30, ""threshold"": 0.05}, ""error_rate"": {""alpha"": 0.15, ""delta"": 0.005, ""min_instances"": 5, ""threshold"": 0.1}}","{""error_rate"": {""min_instances"": 5, ""threshold"": 0.1}}",0.1,0.005,0.15,5,0.05,0.005,0.1,30,,,,-1,two_stage,2,0.5,"__confirm_cooldown=200,divergence=0.3,error_rate=0.5,teacher_entropy=0.2",3,0,200,0.0,0,10000,10.0,25.0,200,500,1,72,1.0,0.8734092775041051,0.6934417671157377,0.0,0.17670461535453796,0.01199254672974348,0,0,117,117,-1,weighted,,,0,0,0,0.0,0.002633572556078434,0,0.0,0.0,0.0,0.0,0,none,0,1,0,overconfident,0.95,0,mild_drift,0.9513583510321693,0.0013903195911748123,0.7612915969701568,0.8491937681562032,1768042053.9164982,0.10096907615661621,0.09631582349538803
610,39040,39039,sea_abrupt4,sea,ts_drift_adapt,3,"error_divergence_ph_meta@error.threshold=0.10,error.min_instances=5",error_divergence_ph_meta,"{""divergence"": {""alpha"": 0.1, ""delta"": 0.005, ""min_instances"": 30, ""threshold"": 0.05}, ""error_rate"": {""alpha"": 0.15, ""delta"": 0.005, ""min_instances"": 5, ""threshold"": 0.1}}","{""error_rate"": {""min_instances"": 5, ""threshold"": 0.1}}",0.1,0.005,0.15,5,0.05,0.005,0.1,30,,,,-1,two_stage,2,0.5,"__confirm_cooldown=200,divergence=0.3,error_rate=0.5,teacher_entropy=0.2",3,0,200,0.0,0,10000,10.0,25.0,200,500,1,8,1.0,0.8735143442622951,0.6937362472489733,0.16666666666666666,0.16111046075820923,0.008829059079289436,0,0,117,117,-1,weighted,,,0,0,0,0.0,0.16666666666666666,0,0.0,0.0,0.0,0.0,0,none,0,1,0,overconfident,0.95,0,mild_drift,0.9558291755160846,0.0013451597955874061,0.7806457984850784,0.8520968840781016,1768042053.9283602,0.21747201681137085,0.063320592045784
611,39104,39103,sea_abrupt4,sea,ts_drift_adapt,3,"error_divergence_ph_meta@error.threshold=0.10,error.min_instances=5",error_divergence_ph_meta,"{""divergence"": {""alpha"": 0.1, ""delta"": 0.005, ""min_instances"": 30, ""threshold"": 0.05}, ""error_rate"": {""alpha"": 0.15, ""delta"": 0.005, ""min_instances"": 5, ""threshold"": 0.1}}","{""error_rate"": {""min_instances"": 5, ""threshold"": 0.1}}",0.1,0.005,0.15,5,0.05,0.005,0.1,30,,,,-1,two_stage,2,0.5,"__confirm_cooldown=200,divergence=0.3,error_rate=0.5,teacher_entropy=0.2",3,0,200,0.0,0,10000,10.0,25.0,200,500,0,0,1.0,0.8736190671031097,0.6939156450878681,0.0,0.15613745152950287,0.011004606261849403,0,0,117,117,-1,weighted,,,0,0,0,0.0,0.16666666666666666,0,0.0,0.0,0.0,0.0,0,none,0,1,0,overconfident,0.95,0,mild_drift,0.9580645877580423,0.001322579897793703,0.7903228992425393,0.8535484420390508,1768042053.9400818,0.0690189078450203,0.09693093597888947
612,39168,39167,sea_abrupt4,sea,ts_drift_adapt,3,"error_divergence_ph_meta@error.threshold=0.10,error.min_instances=5",error_divergence_ph_meta,"{""divergence"": {""alpha"": 0.1, ""delta"": 0.005, ""min_instances"": 30, ""threshold"": 0.05}, ""error_rate"": {""alpha"": 0.15, ""delta"": 0.005, ""min_instances"": 5, ""threshold"": 0.1}}","{""error_rate"": {""min_instances"": 5, ""threshold"": 0.1}}",0.1,0.005,0.15,5,0.05,0.005,0.1,30,,,,-1,two_stage,2,0.5,"__confirm_cooldown=200,divergence=0.3,error_rate=0.5,teacher_entropy=0.2",3,0,200,0.0,0,10000,10.0,25.0,200,500,0,0,1.0,0.8736979166666666,0.6941055705241811,0.0,0.1836567223072052,0.00680566905066371,1,1,118,118,0,weighted,,,0,0,0,0.3333333333333333,0.004198937211185694,1,0.5,0.0,0.0,0.0,0,none,1,1,0,overconfident,0.95,0,severe_drift,0.9245322938790211,0.0016612899488968515,0.6451614496212696,0.8317742210195254,1768042053.9522448,0.0323769710958004,0.08085447549819946
613,39232,39231,sea_abrupt4,sea,ts_drift_adapt,3,"error_divergence_ph_meta@error.threshold=0.10,error.min_instances=5",error_divergence_ph_meta,"{""divergence"": {""alpha"": 0.1, ""delta"": 0.005, ""min_instances"": 30, ""threshold"": 0.05}, ""error_rate"": {""alpha"": 0.15, ""delta"": 0.005, ""min_instances"": 5, ""threshold"": 0.1}}","{""error_rate"": {""min_instances"": 5, ""threshold"": 0.1}}",0.1,0.005,0.15,5,0.05,0.005,0.1,30,,,,-1,two_stage,2,0.5,"__confirm_cooldown=200,divergence=0.3,error_rate=0.5,teacher_entropy=0.2",3,0,200,0.0,0,10000,10.0,25.0,200,500,1,136,1.0,0.8738019983686787,0.6943316320398389,0.16666666666666666,0.2011343389749527,0.015492427162826061,0,0,118,118,-1,weighted,,,0,0,0,0.0,0.16666666666666666,0,0.0,0.0,0.0,0.0,0,none,0,1,0,overconfident,0.95,0,mild_drift,0.9424161469395105,0.0014806449744484257,0.7225807248106348,0.8433871105097627,1768042053.9643123,0.2039443999528885,0.1251341998577118
614,39296,39295,sea_abrupt4,sea,ts_drift_adapt,3,"error_divergence_ph_meta@error.threshold=0.10,error.min_instances=5",error_divergence_ph_meta,"{""divergence"": {""alpha"": 0.1, ""delta"": 0.005, ""min_instances"": 30, ""threshold"": 0.05}, ""error_rate"": {""alpha"": 0.15, ""delta"": 0.005, ""min_instances"": 5, ""threshold"": 0.1}}","{""error_rate"": {""min_instances"": 5, ""threshold"": 0.1}}",0.1,0.005,0.15,5,0.05,0.005,0.1,30,,,,-1,two_stage,2,0.5,"__confirm_cooldown=200,divergence=0.3,error_rate=0.5,teacher_entropy=0.2",3,0,200,0.0,0,10000,10.0,25.0,200,500,1,72,1.0,0.8739311889250815,0.6946549896794746,0.0,0.13515697419643402,0.01288366038352251,0,0,118,118,-1,weighted,,,0,0,0,0.0,0.16666666666666666,0,0.0,0.0,0.0,0.0,0,none,0,1,0,overconfident,0.95,0,mild_drift,0.9513580734697552,0.001390322487224213,0.7612903624053174,0.8491935552548813,1768042053.976437,0.09442099183797836,0.09775328636169434
615,39360,39359,sea_abrupt4,sea,ts_drift_adapt,3,"error_divergence_ph_meta@error.threshold=0.10,error.min_instances=5",error_divergence_ph_meta,"{""divergence"": {""alpha"": 0.1, ""delta"": 0.005, ""min_instances"": 30, ""threshold"": 0.05}, ""error_rate"": {""alpha"": 0.15, ""delta"": 0.005, ""min_instances"": 5, ""threshold"": 0.1}}","{""error_rate"": {""min_instances"": 5, ""threshold"": 0.1}}",0.1,0.005,0.15,5,0.05,0.005,0.1,30,,,,-1,two_stage,2,0.5,"__confirm_cooldown=200,divergence=0.3,error_rate=0.5,teacher_entropy=0.2",3,0,200,0.0,0,10000,10.0,25.0,200,500,1,8,1.0,0.8740599593495935,0.6950427529204946,0.0,0.1811000406742096,0.02207808941602707,0,0,118,118,-1,weighted,,,0,0,0,0.0,0.009194429032504559,0,0.0,0.0,0.0,0.0,0,none,0,1,0,overconfident,0.95,0,mild_drift,0.9558290367348776,0.0013451612436121067,0.7806451812026587,0.8520967776274406,1768042053.9884825,0.12363965064287186,0.2152824103832245
616,39424,39423,sea_abrupt4,sea,ts_drift_adapt,3,"error_divergence_ph_meta@error.threshold=0.10,error.min_instances=5",error_divergence_ph_meta,"{""divergence"": {""alpha"": 0.1, ""delta"": 0.005, ""min_instances"": 30, ""threshold"": 0.05}, ""error_rate"": {""alpha"": 0.15, ""delta"": 0.005, ""min_instances"": 5, ""threshold"": 0.1}}","{""error_rate"": {""min_instances"": 5, ""threshold"": 0.1}}",0.1,0.005,0.15,5,0.05,0.005,0.1,30,,,,-1,two_stage,2,0.5,"__confirm_cooldown=200,divergence=0.3,error_rate=0.5,teacher_entropy=0.2",3,0,200,0.0,0,10000,10.0,25.0,200,500,0,0,1.0,0.8741122159090909,0.6950644414626368,0.16666666666666666,0.16181917488574982,0.01911310665309429,0,0,118,118,-1,weighted,,,0,0,0,0.0,0.16666666666666666,0,0.0,0.0,0.0,0.0,0,none,0,1,0,overconfident,0.95,0,mild_drift,0.9580645183674388,0.0013225806218060535,0.7903225906013294,0.8535483888137203,1768042054.0002651,0.1788451224565506,0.18061909079551697
617,39488,39487,sea_abrupt4,sea,ts_drift_adapt,3,"error_divergence_ph_meta@error.threshold=0.10,error.min_instances=5",error_divergence_ph_meta,"{""divergence"": {""alpha"": 0.1, ""delta"": 0.005, ""min_instances"": 30, ""threshold"": 0.05}, ""error_rate"": {""alpha"": 0.15, ""delta"": 0.005, ""min_instances"": 5, ""threshold"": 0.1}}","{""error_rate"": {""min_instances"": 5, ""threshold"": 0.1}}",0.1,0.005,0.15,5,0.05,0.005,0.1,30,,,,-1,two_stage,2,0.5,"__confirm_cooldown=200,divergence=0.3,error_rate=0.5,teacher_entropy=0.2",3,0,200,0.0,0,10000,10.0,25.0,200,500,0,0,1.0,0.8742655996758509,0.6954081011727875,0.16666666666666666,0.15424112975597382,0.012428048998117447,1,1,119,119,0,weighted,,,0,0,0,0.16666666666666666,0.006685057654976845,1,0.5,0.0,0.0,0.0,0,none,1,1,0,overconfident,0.95,0,severe_drift,0.9245322591837194,0.0016612903109030268,0.6451612953006647,0.8317741944068602,1768042054.0119998,0.1745353490114212,0.11556278169155121
618,39552,39551,sea_abrupt4,sea,ts_drift_adapt,3,"error_divergence_ph_meta@error.threshold=0.10,error.min_instances=5",error_divergence_ph_meta,"{""divergence"": {""alpha"": 0.1, ""delta"": 0.005, ""min_instances"": 30, ""threshold"": 0.05}, ""error_rate"": {""alpha"": 0.15, ""delta"": 0.005, ""min_instances"": 5, ""threshold"": 0.1}}","{""error_rate"": {""min_instances"": 5, ""threshold"": 0.1}}",0.1,0.005,0.15,5,0.05,0.005,0.1,30,,,,-1,two_stage,2,0.5,"__confirm_cooldown=200,divergence=0.3,error_rate=0.5,teacher_entropy=0.2",3,0,200,0.0,0,10000,10.0,25.0,200,500,1,136,1.0,0.874317354368932,0.6955821421023416,0.16666666666666666,0.2461223006248474,0.022767595946788788,0,0,119,119,-1,weighted,,,0,0,0,0.0,0.010339546948671341,0,0.0,0.0,0.0,0.0,0,none,0,1,0,overconfident,0.95,0,mild_drift,0.9424161295918596,0.0014806451554515135,0.7225806476503324,0.8433870972034301,1768042054.0237167,0.5453171133995056,0.19113808870315552
619,39616,39615,sea_abrupt4,sea,ts_drift_adapt,3,"error_divergence_ph_meta@error.threshold=0.10,error.min_instances=5",error_divergence_ph_meta,"{""divergence"": {""alpha"": 0.1, ""delta"": 0.005, ""min_instances"": 30, ""threshold"": 0.05}, ""error_rate"": {""alpha"": 0.15, ""delta"": 0.005, ""min_instances"": 5, ""threshold"": 0.1}}","{""error_rate"": {""min_instances"": 5, ""threshold"": 0.1}}",0.1,0.005,0.15,5,0.05,0.005,0.1,30,,,,-1,two_stage,2,0.5,"__confirm_cooldown=200,divergence=0.3,error_rate=0.5,teacher_entropy=0.2",3,0,200,0.0,0,10000,10.0,25.0,200,500,1,72,1.0,0.874394184168013,0.6957964378761604,0.0,0.18142566084861755,0.013725648634135723,0,0,119,119,-1,weighted,,,0,0,0,0.0,0.16666666666666666,0,0.0,0.0,0.0,0.0,0,none,0,1,0,overconfident,0.95,0,mild_drift,0.9513580647959298,0.0013903225777257568,0.7612903238251663,0.849193548601715,1768042054.0356777,0.07473108172416687,0.14538057148456573
620,39680,39679,sea_abrupt4,sea,ts_drift_adapt,3,"error_divergence_ph_meta@error.threshold=0.10,error.min_instances=5",error_divergence_ph_meta,"{""divergence"": {""alpha"": 0.1, ""delta"": 0.005, ""min_instances"": 30, ""threshold"": 0.05}, ""error_rate"": {""alpha"": 0.15, ""delta"": 0.005, ""min_instances"": 5, ""threshold"": 0.1}}","{""error_rate"": {""min_instances"": 5, ""threshold"": 0.1}}",0.1,0.005,0.15,5,0.05,0.005,0.1,30,,,,-1,two_stage,2,0.5,"__confirm_cooldown=200,divergence=0.3,error_rate=0.5,teacher_entropy=0.2",3,0,200,0.0,0,10000,10.0,25.0,200,500,1,8,1.0,0.8745463709677419,0.6961998181920993,0.16666666666666666,0.16512006521224976,0.018521297723054886,0,0,119,119,-1,weighted,,,0,0,0,0.0,0.16666666666666666,0,0.0,0.0,0.0,0.0,0,none,0,1,0,overconfident,0.95,0,mild_drift,0.9558290323979648,0.0013451612888628786,0.7806451619125832,0.8520967743008575,1768042054.0478413,0.26762422919273376,0.17245078086853027
621,39744,39743,sea_abrupt4,sea,ts_drift_adapt,3,"error_divergence_ph_meta@error.threshold=0.10,error.min_instances=5",error_divergence_ph_meta,"{""divergence"": {""alpha"": 0.1, ""delta"": 0.005, ""min_instances"": 30, ""threshold"": 0.05}, ""error_rate"": {""alpha"": 0.15, ""delta"": 0.005, ""min_instances"": 5, ""threshold"": 0.1}}","{""error_rate"": {""min_instances"": 5, ""threshold"": 0.1}}",0.1,0.005,0.15,5,0.05,0.005,0.1,30,,,,-1,two_stage,2,0.5,"__confirm_cooldown=200,divergence=0.3,error_rate=0.5,teacher_entropy=0.2",3,0,200,0.0,0,10000,10.0,25.0,200,500,0,0,1.0,0.8746225845410628,0.6964300572962032,0.16666666666666666,0.16259340941905975,0.014949425123631954,0,0,119,119,-1,weighted,,,0,0,0,0.0,0.0035718725994229317,0,0.0,0.0,0.0,0.0,0,none,0,1,0,overconfident,0.95,0,mild_drift,0.9580645161989824,0.0013225806444314395,0.7903225809562916,0.8535483871504288,1768042054.0621004,0.39850500226020813,0.12217389047145844
622,39808,39807,sea_abrupt4,sea,ts_drift_adapt,3,"error_divergence_ph_meta@error.threshold=0.10,error.min_instances=5",error_divergence_ph_meta,"{""divergence"": {""alpha"": 0.1, ""delta"": 0.005, ""min_instances"": 30, ""threshold"": 0.05}, ""error_rate"": {""alpha"": 0.15, ""delta"": 0.005, ""min_instances"": 5, ""threshold"": 0.1}}","{""error_rate"": {""min_instances"": 5, ""threshold"": 0.1}}",0.1,0.005,0.15,5,0.05,0.005,0.1,30,,,,-1,two_stage,2,0.5,"__confirm_cooldown=200,divergence=0.3,error_rate=0.5,teacher_entropy=0.2",3,0,200,0.0,0,10000,10.0,25.0,200,500,0,0,1.0,0.8747739147909968,0.696813251003487,0.0,0.21330448985099792,0.013624378480017185,1,1,120,120,0,weighted,,,0,0,0,0.16666666666666666,0.16666666666666666,1,0.5,0.0,0.0,0.0,0,none,1,1,0,overconfident,0.95,0,severe_drift,0.9245322580994912,0.0016612903222157198,0.6451612904781459,0.8317741935752144,1768042054.0764818,0.048496127128601074,0.10600045323371887
623,39872,39871,sea_abrupt4,sea,ts_drift_adapt,3,"error_divergence_ph_meta@error.threshold=0.10,error.min_instances=5",error_divergence_ph_meta,"{""divergence"": {""alpha"": 0.1, ""delta"": 0.005, ""min_instances"": 30, ""threshold"": 0.05}, ""error_rate"": {""alpha"": 0.15, ""delta"": 0.005, ""min_instances"": 5, ""threshold"": 0.1}}","{""error_rate"": {""min_instances"": 5, ""threshold"": 0.1}}",0.1,0.005,0.15,5,0.05,0.005,0.1,30,,,,-1,two_stage,2,0.5,"__confirm_cooldown=200,divergence=0.3,error_rate=0.5,teacher_entropy=0.2",3,0,200,0.0,0,10000,10.0,25.0,200,500,1,136,1.0,0.8748244382022472,0.69695658519183,0.0,0.16700489819049835,0.016935357823967934,0,0,120,120,-1,weighted,,,0,0,0,0.0,0.0033109793439507484,0,0.0,0.0,0.0,0.0,0,none,0,1,0,overconfident,0.95,0,mild_drift,0.9424161290497456,0.00148064516110786,0.722580645239073,0.8433870967876071,1768042054.091169,0.023289890959858894,0.15632931888103485
624,39936,39935,sea_abrupt4,sea,ts_drift_adapt,3,"error_divergence_ph_meta@error.threshold=0.10,error.min_instances=5",error_divergence_ph_meta,"{""divergence"": {""alpha"": 0.1, ""delta"": 0.005, ""min_instances"": 30, ""threshold"": 0.05}, ""error_rate"": {""alpha"": 0.15, ""delta"": 0.005, ""min_instances"": 5, ""threshold"": 0.1}}","{""error_rate"": {""min_instances"": 5, ""threshold"": 0.1}}",0.1,0.005,0.15,5,0.05,0.005,0.1,30,,,,-1,two_stage,2,0.5,"__confirm_cooldown=200,divergence=0.3,error_rate=0.5,teacher_entropy=0.2",3,0,200,0.0,0,10000,10.0,25.0,200,500,1,72,1.0,0.875,0.6973164686932278,0.0,0.14621931314468384,0.01783551089465618,0,0,120,120,-1,weighted,,,0,0,0,0.0,0.0009001530706882477,0,0.0,0.0,0.0,0.0,0,none,0,1,0,overconfident,0.95,0,mild_drift,0.9513580645248727,0.00139032258055393,0.7612903226195364,0.8491935483938036,1768042054.1028807,0.01584778167307377,0.17649440467357635
625,40000,39999,sea_abrupt4,sea,ts_drift_adapt,3,"error_divergence_ph_meta@error.threshold=0.10,error.min_instances=5",error_divergence_ph_meta,"{""divergence"": {""alpha"": 0.1, ""delta"": 0.005, ""min_instances"": 30, ""threshold"": 0.05}, ""error_rate"": {""alpha"": 0.15, ""delta"": 0.005, ""min_instances"": 5, ""threshold"": 0.1}}","{""error_rate"": {""min_instances"": 5, ""threshold"": 0.1}}",0.1,0.005,0.15,5,0.05,0.005,0.1,30,,,,-1,two_stage,2,0.5,"__confirm_cooldown=200,divergence=0.3,error_rate=0.5,teacher_entropy=0.2",3,0,200,0.0,0,10000,10.0,25.0,200,500,1,8,1.0,0.874975,0.6971951900694165,0.16666666666666666,0.16576258838176727,0.01733800396323204,0,0,120,120,-1,weighted,,,0,0,0,0.0,0.16666666666666666,0,0.0,0.0,0.0,0.0,0,none,0,1,0,overconfident,0.95,0,mild_drift,0.9558290322624363,0.001345161290276965,0.7806451613097682,0.8520967741969018,1768042054.1147141,0.45236214995384216,0.17294234037399292
626,40064,40063,sea_abrupt4,sea,ts_drift_adapt,3,"error_divergence_ph_meta@error.threshold=0.10,error.min_instances=5",error_divergence_ph_meta,"{""divergence"": {""alpha"": 0.1, ""delta"": 0.005, ""min_instances"": 30, ""threshold"": 0.05}, ""error_rate"": {""alpha"": 0.15, ""delta"": 0.005, ""min_instances"": 5, ""threshold"": 0.1}}","{""error_rate"": {""min_instances"": 5, ""threshold"": 0.1}}",0.1,0.005,0.15,5,0.05,0.005,0.1,30,,,,-1,two_stage,2,0.5,"__confirm_cooldown=200,divergence=0.3,error_rate=0.5,teacher_entropy=0.2",3,0,200,0.0,0,10000,10.0,25.0,200,500,0,0,1.0,0.8751248003194888,0.6975790620575982,0.0,0.1410721242427826,0.007577134296298027,0,0,120,120,-1,weighted,,,0,0,0,0.0,0.16666666666666666,0,0.0,0.0,0.0,0.0,0,none,0,1,0,overconfident,0.95,0,mild_drift,0.9580645161312181,0.0013225806451384826,0.7903225806548841,0.8535483870984508,1768042054.1266527,0.06167052686214447,0.058998264372348785
627,40128,40127,sea_abrupt4,sea,ts_drift_adapt,3,"error_divergence_ph_meta@error.threshold=0.10,error.min_instances=5",error_divergence_ph_meta,"{""divergence"": {""alpha"": 0.1, ""delta"": 0.005, ""min_instances"": 30, ""threshold"": 0.05}, ""error_rate"": {""alpha"": 0.15, ""delta"": 0.005, ""min_instances"": 5, ""threshold"": 0.1}}","{""error_rate"": {""min_instances"": 5, ""threshold"": 0.1}}",0.1,0.005,0.15,5,0.05,0.005,0.1,30,,,,-1,two_stage,2,0.5,"__confirm_cooldown=200,divergence=0.3,error_rate=0.5,teacher_entropy=0.2",3,0,200,0.0,0,10000,10.0,25.0,200,500,0,0,1.0,0.8752242822966507,0.6978737964748387,0.0,0.17979708313941956,0.013010360300540924,1,1,121,121,0,weighted,,,0,0,0,0.0,0.005433226004242897,1,0.5,0.0,0.0,0.0,0,none,1,1,0,overconfident,0.95,0,stable,0.9740322580656091,0.0010612903225692414,0.8951612903274421,0.8992741935492254,1768042054.1386275,0.012702769599854946,0.1128159686923027
628,40192,40191,sea_abrupt4,sea,ts_drift_adapt,3,"error_divergence_ph_meta@error.threshold=0.10,error.min_instances=5",error_divergence_ph_meta,"{""divergence"": {""alpha"": 0.1, ""delta"": 0.005, ""min_instances"": 30, ""threshold"": 0.05}, ""error_rate"": {""alpha"": 0.15, ""delta"": 0.005, ""min_instances"": 5, ""threshold"": 0.1}}","{""error_rate"": {""min_instances"": 5, ""threshold"": 0.1}}",0.1,0.005,0.15,5,0.05,0.005,0.1,30,,,,-1,two_stage,2,0.5,"__confirm_cooldown=200,divergence=0.3,error_rate=0.5,teacher_entropy=0.2",3,0,200,0.0,0,10000,10.0,25.0,200,500,1,136,1.0,0.8753234474522293,0.6981062062141672,0.0,0.16959594190120697,0.011594966985285282,0,0,121,121,-1,weighted,,,0,0,0,0.0,0.001415393315255642,0,0.0,0.0,0.0,0.0,0,none,0,1,0,overconfident,0.95,0,mild_drift,0.9671661290328045,0.0011806451612846208,0.8475806451637211,0.8771370967746127,1768042054.14998,0.04705047234892845,0.08733026683330536
629,40256,40255,sea_abrupt4,sea,ts_drift_adapt,3,"error_divergence_ph_meta@error.threshold=0.10,error.min_instances=5",error_divergence_ph_meta,"{""divergence"": {""alpha"": 0.1, ""delta"": 0.005, ""min_instances"": 30, ""threshold"": 0.05}, ""error_rate"": {""alpha"": 0.15, ""delta"": 0.005, ""min_instances"": 5, ""threshold"": 0.1}}","{""error_rate"": {""min_instances"": 5, ""threshold"": 0.1}}",0.1,0.005,0.15,5,0.05,0.005,0.1,30,,,,-1,two_stage,2,0.5,"__confirm_cooldown=200,divergence=0.3,error_rate=0.5,teacher_entropy=0.2",3,0,200,0.0,0,10000,10.0,25.0,200,500,1,72,1.0,0.8754471383147854,0.6983587660718243,0.16666666666666666,0.15731589496135712,0.007645320147275925,0,0,121,121,-1,weighted,,,0,0,0,0.0,0.16666666666666666,0,0.0,0.0,0.0,0.0,0,none,0,1,0,overconfident,0.95,0,mild_drift,0.9637330645164022,0.0012403225806423106,0.8237903225818606,0.8660685483873063,1768042054.1616454,0.5001899600028992,0.078947052359581
630,40320,40319,sea_abrupt4,sea,ts_drift_adapt,3,"error_divergence_ph_meta@error.threshold=0.10,error.min_instances=5",error_divergence_ph_meta,"{""divergence"": {""alpha"": 0.1, ""delta"": 0.005, ""min_instances"": 30, ""threshold"": 0.05}, ""error_rate"": {""alpha"": 0.15, ""delta"": 0.005, ""min_instances"": 5, ""threshold"": 0.1}}","{""error_rate"": {""min_instances"": 5, ""threshold"": 0.1}}",0.1,0.005,0.15,5,0.05,0.005,0.1,30,,,,-1,two_stage,2,0.5,"__confirm_cooldown=200,divergence=0.3,error_rate=0.5,teacher_entropy=0.2",3,0,200,0.0,0,10000,10.0,25.0,200,500,1,8,1.0,0.8755704365079365,0.6987000044249455,0.0,0.17946815490722656,0.009730624966323376,0,0,121,121,-1,weighted,,,0,0,0,0.0,0.16666666666666666,0,0.0,0.0,0.0,0.0,0,none,0,1,0,overconfident,0.95,0,mild_drift,0.962016532258201,0.0012701612903211553,0.8118951612909303,0.8605342741936531,1768042054.1732626,0.0187404565513134,0.08082818984985352
631,40384,40383,sea_abrupt4,sea,ts_drift_adapt,3,"error_divergence_ph_meta@error.threshold=0.10,error.min_instances=5",error_divergence_ph_meta,"{""divergence"": {""alpha"": 0.1, ""delta"": 0.005, ""min_instances"": 30, ""threshold"": 0.05}, ""error_rate"": {""alpha"": 0.15, ""delta"": 0.005, ""min_instances"": 5, ""threshold"": 0.1}}","{""error_rate"": {""min_instances"": 5, ""threshold"": 0.1}}",0.1,0.005,0.15,5,0.05,0.005,0.1,30,,,,-1,two_stage,2,0.5,"__confirm_cooldown=200,divergence=0.3,error_rate=0.5,teacher_entropy=0.2",3,0,200,0.0,0,10000,10.0,25.0,200,500,0,0,1.0,0.8756933438985737,0.6989488259122297,0.0,0.18764683604240417,0.01452961377799511,0,0,121,121,-1,weighted,,,0,0,0,0.0,0.004798988811671734,0,0.0,0.0,0.0,0.0,0,none,0,1,0,overconfident,0.95,0,mild_drift,0.9611582661291005,0.0012850806451605778,0.8059475806454652,0.8577671370968265,1768042054.1847193,0.06089447811245918,0.14037692546844482
632,40448,40447,sea_abrupt4,sea,ts_drift_adapt,3,"error_divergence_ph_meta@error.threshold=0.10,error.min_instances=5",error_divergence_ph_meta,"{""divergence"": {""alpha"": 0.1, ""delta"": 0.005, ""min_instances"": 30, ""threshold"": 0.05}, ""error_rate"": {""alpha"": 0.15, ""delta"": 0.005, ""min_instances"": 5, ""threshold"": 0.1}}","{""error_rate"": {""min_instances"": 5, ""threshold"": 0.1}}",0.1,0.005,0.15,5,0.05,0.005,0.1,30,,,,-1,two_stage,2,0.5,"__confirm_cooldown=200,divergence=0.3,error_rate=0.5,teacher_entropy=0.2",3,0,200,0.0,0,10000,10.0,25.0,200,500,0,0,1.0,0.8758158623417721,0.6992597285668648,0.16666666666666666,0.1775483638048172,0.008114410564303398,1,1,122,122,0,weighted,,,0,0,0,0.16666666666666666,0.16666666666666666,1,0.5,0.0,0.0,0.0,0,none,1,1,0,overconfident,0.95,0,severe_drift,0.9260791330645503,0.001642540322580289,0.6529737903227326,0.8338835685484133,1768042054.1963773,0.15520985424518585,0.06942524015903473
633,40512,40511,sea_abrupt4,sea,ts_drift_adapt,3,"error_divergence_ph_meta@error.threshold=0.10,error.min_instances=5",error_divergence_ph_meta,"{""divergence"": {""alpha"": 0.1, ""delta"": 0.005, ""min_instances"": 30, ""threshold"": 0.05}, ""error_rate"": {""alpha"": 0.15, ""delta"": 0.005, ""min_instances"": 5, ""threshold"": 0.1}}","{""error_rate"": {""min_instances"": 5, ""threshold"": 0.1}}",0.1,0.005,0.15,5,0.05,0.005,0.1,30,,,,-1,two_stage,2,0.5,"__confirm_cooldown=200,divergence=0.3,error_rate=0.5,teacher_entropy=0.2",3,0,200,0.0,0,10000,10.0,25.0,200,500,1,136,1.0,0.8758639415481833,0.6994291706683795,0.16666666666666666,0.24391858279705048,0.021992050111293793,0,0,122,122,-1,weighted,,,0,0,0,0.0,0.013877639546990395,0,0.0,0.0,0.0,0.0,0,none,0,1,0,overconfident,0.95,0,mild_drift,0.9431895665322751,0.0014712701612901447,0.7264868951613663,0.8444417842742067,1768042054.2082176,0.3700474798679352,0.18869319558143616
634,40576,40575,sea_abrupt4,sea,ts_drift_adapt,3,"error_divergence_ph_meta@error.threshold=0.10,error.min_instances=5",error_divergence_ph_meta,"{""divergence"": {""alpha"": 0.1, ""delta"": 0.005, ""min_instances"": 30, ""threshold"": 0.05}, ""error_rate"": {""alpha"": 0.15, ""delta"": 0.005, ""min_instances"": 5, ""threshold"": 0.1}}","{""error_rate"": {""min_instances"": 5, ""threshold"": 0.1}}",0.1,0.005,0.15,5,0.05,0.005,0.1,30,,,,-1,two_stage,2,0.5,"__confirm_cooldown=200,divergence=0.3,error_rate=0.5,teacher_entropy=0.2",3,0,200,0.0,0,10000,10.0,25.0,200,500,1,72,1.0,0.8759365141955836,0.6996662415581134,0.0,0.18421496450901031,0.016006359830498695,0,0,122,122,-1,weighted,,,0,0,0,0.0,0.16666666666666666,0,0.0,0.0,0.0,0.0,0,none,0,1,0,overconfident,0.95,0,mild_drift,0.9517447832661375,0.0013856350806450723,0.7632434475806832,0.8497208921371033,1768042054.2195742,0.024846389889717102,0.13979974389076233
635,40640,40639,sea_abrupt4,sea,ts_drift_adapt,3,"error_divergence_ph_meta@error.threshold=0.10,error.min_instances=5",error_divergence_ph_meta,"{""divergence"": {""alpha"": 0.1, ""delta"": 0.005, ""min_instances"": 30, ""threshold"": 0.05}, ""error_rate"": {""alpha"": 0.15, ""delta"": 0.005, ""min_instances"": 5, ""threshold"": 0.1}}","{""error_rate"": {""min_instances"": 5, ""threshold"": 0.1}}",0.1,0.005,0.15,5,0.05,0.005,0.1,30,,,,-1,two_stage,2,0.5,"__confirm_cooldown=200,divergence=0.3,error_rate=0.5,teacher_entropy=0.2",3,0,200,0.0,0,10000,10.0,25.0,200,500,1,8,1.0,0.8760088582677166,0.6998853290173676,0.0,0.1746639907360077,0.006334666162729263,0,0,122,122,-1,weighted,,,0,0,0,0.0,0.009671693667769432,0,0.0,0.0,0.0,0.0,0,none,0,1,0,overconfident,0.95,0,mild_drift,0.9560223916330688,0.0013428175403225363,0.7816217237903416,0.8523604460685517,1768042054.2313254,0.02139284275472164,0.06332211196422577
636,40704,40703,sea_abrupt4,sea,ts_drift_adapt,3,"error_divergence_ph_meta@error.threshold=0.10,error.min_instances=5",error_divergence_ph_meta,"{""divergence"": {""alpha"": 0.1, ""delta"": 0.005, ""min_instances"": 30, ""threshold"": 0.05}, ""error_rate"": {""alpha"": 0.15, ""delta"": 0.005, ""min_instances"": 5, ""threshold"": 0.1}}","{""error_rate"": {""min_instances"": 5, ""threshold"": 0.1}}",0.1,0.005,0.15,5,0.05,0.005,0.1,30,,,,-1,two_stage,2,0.5,"__confirm_cooldown=200,divergence=0.3,error_rate=0.5,teacher_entropy=0.2",3,0,200,0.0,0,10000,10.0,25.0,200,500,0,0,1.0,0.876154677672956,0.700213487632767,0.0,0.16195234656333923,0.011993112973868847,0,0,122,122,-1,weighted,,,0,0,0,0.0,0.005658446811139584,0,0.0,0.0,0.0,0.0,0,none,0,1,0,overconfident,0.95,0,mild_drift,0.9581611958165344,0.0013214087701612681,0.7908108618951708,0.8536802230342758,1768042054.2433498,0.03419071063399315,0.12667177617549896
637,40768,40767,sea_abrupt4,sea,ts_drift_adapt,3,"error_divergence_ph_meta@error.threshold=0.10,error.min_instances=5",error_divergence_ph_meta,"{""divergence"": {""alpha"": 0.1, ""delta"": 0.005, ""min_instances"": 30, ""threshold"": 0.05}, ""error_rate"": {""alpha"": 0.15, ""delta"": 0.005, ""min_instances"": 5, ""threshold"": 0.1}}","{""error_rate"": {""min_instances"": 5, ""threshold"": 0.1}}",0.1,0.005,0.15,5,0.05,0.005,0.1,30,,,,-1,two_stage,2,0.5,"__confirm_cooldown=200,divergence=0.3,error_rate=0.5,teacher_entropy=0.2",3,0,200,0.0,0,10000,10.0,25.0,200,500,0,0,1.0,0.8762509811616954,0.7004327660858503,0.0,0.18864774703979492,0.005797332618385553,0,0,122,122,-1,weighted,,,0,0,0,0.0,0.0061957803554832935,0,0.0,0.0,0.0,0.0,0,none,0,1,0,overconfident,0.95,0,mild_drift,0.9592305979082671,0.0013107043850806343,0.7954054309475854,0.8543401115171378,1768042054.2552364,0.07415095716714859,0.06103713810443878
638,40832,40831,sea_abrupt4,sea,ts_drift_adapt,3,"error_divergence_ph_meta@error.threshold=0.10,error.min_instances=5",error_divergence_ph_meta,"{""divergence"": {""alpha"": 0.1, ""delta"": 0.005, ""min_instances"": 30, ""threshold"": 0.05}, ""error_rate"": {""alpha"": 0.15, ""delta"": 0.005, ""min_instances"": 5, ""threshold"": 0.1}}","{""error_rate"": {""min_instances"": 5, ""threshold"": 0.1}}",0.1,0.005,0.15,5,0.05,0.005,0.1,30,,,,-1,two_stage,2,0.5,"__confirm_cooldown=200,divergence=0.3,error_rate=0.5,teacher_entropy=0.2",3,0,200,0.0,0,10000,10.0,25.0,200,500,0,0,1.0,0.8762490203761756,0.7004074847783395,0.0,0.22409382462501526,0.022178173065185547,0,0,122,122,-1,weighted,,,0,0,0,0.0,0.016380840446799994,0,0.0,0.0,0.0,0.0,0,none,0,1,0,overconfident,0.95,0,mild_drift,0.9597652989541335,0.001305352192540317,0.7977027154737928,0.8546700557585689,1768042054.2677314,0.11626998335123062,0.20825079083442688
639,40896,40895,sea_abrupt4,sea,ts_drift_adapt,3,"error_divergence_ph_meta@error.threshold=0.10,error.min_instances=5",error_divergence_ph_meta,"{""divergence"": {""alpha"": 0.1, ""delta"": 0.005, ""min_instances"": 30, ""threshold"": 0.05}, ""error_rate"": {""alpha"": 0.15, ""delta"": 0.005, ""min_instances"": 5, ""threshold"": 0.1}}","{""error_rate"": {""min_instances"": 5, ""threshold"": 0.1}}",0.1,0.005,0.15,5,0.05,0.005,0.1,30,,,,-1,two_stage,2,0.5,"__confirm_cooldown=200,divergence=0.3,error_rate=0.5,teacher_entropy=0.2",3,0,200,0.0,0,10000,10.0,25.0,200,500,0,0,1.0,0.8763448748043818,0.7006299063849194,0.16666666666666666,0.1924835592508316,0.010349483229219913,1,1,123,123,0,weighted,,,0,0,0,0.0,0.16666666666666666,1,0.5,0.0,0.0,0.0,0,none,1,1,0,overconfident,0.95,0,stable,0.9748826494770668,0.0010526760962701585,0.8988513577368964,0.8998350278792845,1768042054.2821722,0.3722347319126129,0.09439090639352798
640,40960,40959,sea_abrupt4,sea,ts_drift_adapt,3,"error_divergence_ph_meta@error.threshold=0.10,error.min_instances=5",error_divergence_ph_meta,"{""divergence"": {""alpha"": 0.1, ""delta"": 0.005, ""min_instances"": 30, ""threshold"": 0.05}, ""error_rate"": {""alpha"": 0.15, ""delta"": 0.005, ""min_instances"": 5, ""threshold"": 0.1}}","{""error_rate"": {""min_instances"": 5, ""threshold"": 0.1}}",0.1,0.005,0.15,5,0.05,0.005,0.1,30,,,,-1,two_stage,2,0.5,"__confirm_cooldown=200,divergence=0.3,error_rate=0.5,teacher_entropy=0.2",3,0,200,0.0,0,10000,10.0,25.0,200,500,1,136,1.0,0.8763671875,0.7006997318105247,0.0,0.17588266730308533,0.008967808447778225,0,0,123,123,-1,weighted,,,0,0,0,0.0,0.16666666666666666,0,0.0,0.0,0.0,0.0,0,none,0,1,0,overconfident,0.95,0,mild_drift,0.9675913247385334,0.0011763380481350793,0.8494256788684482,0.8774175139396423,1768042054.2967505,0.06439223140478134,0.08138182759284973
641,41024,41023,sea_abrupt4,sea,ts_drift_adapt,3,"error_divergence_ph_meta@error.threshold=0.10,error.min_instances=5",error_divergence_ph_meta,"{""divergence"": {""alpha"": 0.1, ""delta"": 0.005, ""min_instances"": 30, ""threshold"": 0.05}, ""error_rate"": {""alpha"": 0.15, ""delta"": 0.005, ""min_instances"": 5, ""threshold"": 0.1}}","{""error_rate"": {""min_instances"": 5, ""threshold"": 0.1}}",0.1,0.005,0.15,5,0.05,0.005,0.1,30,,,,-1,two_stage,2,0.5,"__confirm_cooldown=200,divergence=0.3,error_rate=0.5,teacher_entropy=0.2",3,0,200,0.0,0,10000,10.0,25.0,200,500,1,72,1.0,0.8764869344773791,0.7010309835861446,0.0,0.18214669823646545,0.009250574745237827,0,0,123,123,-1,weighted,,,0,0,0,0.0,0.00028276629745960236,0,0.0,0.0,0.0,0.0,0,none,0,1,0,overconfident,0.95,0,mild_drift,0.9639456623692666,0.0012381690240675397,0.8247128394342241,0.8662087569698211,1768042054.310238,0.1082913875579834,0.07718110829591751
642,41088,41087,sea_abrupt4,sea,ts_drift_adapt,3,"error_divergence_ph_meta@error.threshold=0.10,error.min_instances=5",error_divergence_ph_meta,"{""divergence"": {""alpha"": 0.1, ""delta"": 0.005, ""min_instances"": 30, ""threshold"": 0.05}, ""error_rate"": {""alpha"": 0.15, ""delta"": 0.005, ""min_instances"": 5, ""threshold"": 0.1}}","{""error_rate"": {""min_instances"": 5, ""threshold"": 0.1}}",0.1,0.005,0.15,5,0.05,0.005,0.1,30,,,,-1,two_stage,2,0.5,"__confirm_cooldown=200,divergence=0.3,error_rate=0.5,teacher_entropy=0.2",3,0,200,0.0,0,10000,10.0,25.0,200,500,1,8,1.0,0.8765332943925234,0.7012264815827547,0.16666666666666666,0.18241485953330994,0.01002564001828432,0,0,123,123,-1,weighted,,,0,0,0,0.0,0.16666666666666666,0,0.0,0.0,0.0,0.0,0,none,0,1,0,overconfident,0.95,0,mild_drift,0.9621228311846333,0.00126908451203377,0.812356419717112,0.8606043784849106,1768042054.3222456,0.22324877977371216,0.08509004861116409
643,41152,41151,sea_abrupt4,sea,ts_drift_adapt,3,"error_divergence_ph_meta@error.threshold=0.10,error.min_instances=5",error_divergence_ph_meta,"{""divergence"": {""alpha"": 0.1, ""delta"": 0.005, ""min_instances"": 30, ""threshold"": 0.05}, ""error_rate"": {""alpha"": 0.15, ""delta"": 0.005, ""min_instances"": 5, ""threshold"": 0.1}}","{""error_rate"": {""min_instances"": 5, ""threshold"": 0.1}}",0.1,0.005,0.15,5,0.05,0.005,0.1,30,,,,-1,two_stage,2,0.5,"__confirm_cooldown=200,divergence=0.3,error_rate=0.5,teacher_entropy=0.2",3,0,200,0.0,0,10000,10.0,25.0,200,500,0,0,1.0,0.8766038102643857,0.7013810085409893,0.3333333333333333,0.18263022601604462,0.012137182988226414,0,0,123,123,-1,weighted,,,0,0,0,0.0,0.16666666666666666,0,0.0,0.0,0.0,0.0,0,none,0,1,0,overconfident,0.95,0,mild_drift,0.9612114155923166,0.001284542256016885,0.806178209858556,0.8578021892424552,1768042054.3337028,0.5797702074050903,0.11004897207021713
644,41216,41215,sea_abrupt4,sea,ts_drift_adapt,3,"error_divergence_ph_meta@error.threshold=0.10,error.min_instances=5",error_divergence_ph_meta,"{""divergence"": {""alpha"": 0.1, ""delta"": 0.005, ""min_instances"": 30, ""threshold"": 0.05}, ""error_rate"": {""alpha"": 0.15, ""delta"": 0.005, ""min_instances"": 5, ""threshold"": 0.1}}","{""error_rate"": {""min_instances"": 5, ""threshold"": 0.1}}",0.1,0.005,0.15,5,0.05,0.005,0.1,30,,,,-1,two_stage,2,0.5,"__confirm_cooldown=200,divergence=0.3,error_rate=0.5,teacher_entropy=0.2",3,0,200,0.0,0,10000,10.0,25.0,200,500,0,0,1.0,0.8766498447204969,0.7014994812292418,0.16666666666666666,0.17234939336776733,0.011875797994434834,1,1,124,124,0,weighted,,,0,0,0,0.0,0.16666666666666666,1,0.5,0.0,0.0,0.0,0,none,1,1,0,overconfident,0.95,0,stable,0.9756057077961583,0.0010422711280084426,0.903089104929278,0.9014010946212276,1768042054.3455787,0.21618813276290894,0.08454374223947525
645,41280,41279,sea_abrupt4,sea,ts_drift_adapt,3,"error_divergence_ph_meta@error.threshold=0.10,error.min_instances=5",error_divergence_ph_meta,"{""divergence"": {""alpha"": 0.1, ""delta"": 0.005, ""min_instances"": 30, ""threshold"": 0.05}, ""error_rate"": {""alpha"": 0.15, ""delta"": 0.005, ""min_instances"": 5, ""threshold"": 0.1}}","{""error_rate"": {""min_instances"": 5, ""threshold"": 0.1}}",0.1,0.005,0.15,5,0.05,0.005,0.1,30,,,,-1,two_stage,2,0.5,"__confirm_cooldown=200,divergence=0.3,error_rate=0.5,teacher_entropy=0.2",3,0,200,0.0,0,10000,10.0,25.0,200,500,1,136,1.0,0.8767441860465116,0.701673952417879,0.0,0.2018437683582306,0.014623252674937248,0,0,124,124,-1,weighted,,,0,0,0,0.0,0.16666666666666666,0,0.0,0.0,0.0,0.0,0,none,0,1,0,overconfident,0.95,0,mild_drift,0.9679528538980791,0.0011711355640042214,0.851544552464639,0.8782005473106138,1768042054.3575606,0.16270463168621063,0.11264892667531967
646,41344,41343,sea_abrupt4,sea,ts_drift_adapt,3,"error_divergence_ph_meta@error.threshold=0.10,error.min_instances=5",error_divergence_ph_meta,"{""divergence"": {""alpha"": 0.1, ""delta"": 0.005, ""min_instances"": 30, ""threshold"": 0.05}, ""error_rate"": {""alpha"": 0.15, ""delta"": 0.005, ""min_instances"": 5, ""threshold"": 0.1}}","{""error_rate"": {""min_instances"": 5, ""threshold"": 0.1}}",0.1,0.005,0.15,5,0.05,0.005,0.1,30,,,,-1,two_stage,2,0.5,"__confirm_cooldown=200,divergence=0.3,error_rate=0.5,teacher_entropy=0.2",3,0,200,0.0,0,10000,10.0,25.0,200,500,1,72,1.0,0.8768140479876161,0.7018438245362146,0.0,0.15567322075366974,0.008931422606110573,0,0,124,124,-1,weighted,,,0,0,0,0.0,0.005691830068826675,0,0.0,0.0,0.0,0.0,0,none,0,1,0,overconfident,0.95,0,mild_drift,0.9641264269490395,0.0012355677820021108,0.8257722762323195,0.8666002736553069,1768042054.369228,0.1413392871618271,0.08389954268932343
647,41408,41407,sea_abrupt4,sea,ts_drift_adapt,3,"error_divergence_ph_meta@error.threshold=0.10,error.min_instances=5",error_divergence_ph_meta,"{""divergence"": {""alpha"": 0.1, ""delta"": 0.005, ""min_instances"": 30, ""threshold"": 0.05}, ""error_rate"": {""alpha"": 0.15, ""delta"": 0.005, ""min_instances"": 5, ""threshold"": 0.1}}","{""error_rate"": {""min_instances"": 5, ""threshold"": 0.1}}",0.1,0.005,0.15,5,0.05,0.005,0.1,30,,,,-1,two_stage,2,0.5,"__confirm_cooldown=200,divergence=0.3,error_rate=0.5,teacher_entropy=0.2",3,0,200,0.0,0,10000,10.0,25.0,200,500,1,8,1.0,0.8769802936630603,0.7022136590870544,0.0,0.14553536474704742,0.0087265744805336,0,0,124,124,-1,weighted,,,0,0,0,0.0,0.00020484812557697296,0,0.0,0.0,0.0,0.0,0,none,0,1,0,overconfident,0.95,0,mild_drift,0.9622132134745197,0.0012677838910010555,0.8128861381161598,0.8608001368276534,1768042054.3806813,0.03457461670041084,0.07938869297504425
648,41472,41471,sea_abrupt4,sea,ts_drift_adapt,3,"error_divergence_ph_meta@error.threshold=0.10,error.min_instances=5",error_divergence_ph_meta,"{""divergence"": {""alpha"": 0.1, ""delta"": 0.005, ""min_instances"": 30, ""threshold"": 0.05}, ""error_rate"": {""alpha"": 0.15, ""delta"": 0.005, ""min_instances"": 5, ""threshold"": 0.1}}","{""error_rate"": {""min_instances"": 5, ""threshold"": 0.1}}",0.1,0.005,0.15,5,0.05,0.005,0.1,30,,,,-1,two_stage,2,0.5,"__confirm_cooldown=200,divergence=0.3,error_rate=0.5,teacher_entropy=0.2",3,0,200,0.0,0,10000,10.0,25.0,200,500,0,0,1.0,0.8770978009259259,0.7024676834726643,0.0,0.18433575332164764,0.012923922389745712,0,0,124,124,-1,weighted,,,0,0,0,0.0,0.004197347909212112,0,0.0,0.0,0.0,0.0,0,none,0,1,0,overconfident,0.95,0,mild_drift,0.9612566067372599,0.0012838919455005278,0.8064430690580799,0.8579000684138267,1768042054.3925796,0.06047691032290459,0.11511465907096863
649,41536,41535,sea_abrupt4,sea,ts_drift_adapt,3,"error_divergence_ph_meta@error.threshold=0.10,error.min_instances=5",error_divergence_ph_meta,"{""divergence"": {""alpha"": 0.1, ""delta"": 0.005, ""min_instances"": 30, ""threshold"": 0.05}, ""error_rate"": {""alpha"": 0.15, ""delta"": 0.005, ""min_instances"": 5, ""threshold"": 0.1}}","{""error_rate"": {""min_instances"": 5, ""threshold"": 0.1}}",0.1,0.005,0.15,5,0.05,0.005,0.1,30,,,,-1,two_stage,2,0.5,"__confirm_cooldown=200,divergence=0.3,error_rate=0.5,teacher_entropy=0.2",3,0,200,0.0,0,10000,10.0,25.0,200,500,0,0,1.0,0.8770704930662557,0.7023460133483072,0.0,0.21474438905715942,0.014783027581870556,0,0,124,124,-1,weighted,,,0,0,0,0.0,0.0018591051921248436,0,0.0,0.0,0.0,0.0,0,none,0,1,0,overconfident,0.95,0,mild_drift,0.9607783033686299,0.001291945972750264,0.80322153452904,0.8564500342069133,1768042054.4046519,0.02904779650270939,0.10643686354160309
650,41600,41599,sea_abrupt4,sea,ts_drift_adapt,3,"error_divergence_ph_meta@error.threshold=0.10,error.min_instances=5",error_divergence_ph_meta,"{""divergence"": {""alpha"": 0.1, ""delta"": 0.005, ""min_instances"": 30, ""threshold"": 0.05}, ""error_rate"": {""alpha"": 0.15, ""delta"": 0.005, ""min_instances"": 5, ""threshold"": 0.1}}","{""error_rate"": {""min_instances"": 5, ""threshold"": 0.1}}",0.1,0.005,0.15,5,0.05,0.005,0.1,30,,,,-1,two_stage,2,0.5,"__confirm_cooldown=200,divergence=0.3,error_rate=0.5,teacher_entropy=0.2",3,0,200,0.0,0,10000,10.0,25.0,200,500,0,0,1.0,0.8771875,0.7026137007012553,0.0,0.16454830765724182,0.014505394734442234,0,0,124,124,-1,weighted,,,0,0,0,0.0,0.00027763284742832184,0,0.0,0.0,0.0,0.0,0,none,0,1,0,overconfident,0.95,0,mild_drift,0.9605391516843149,0.001295972986375132,0.8016107672645201,0.8557250171034567,1768042054.4166071,0.017348645254969597,0.11468261480331421
651,41664,41663,sea_abrupt4,sea,ts_drift_adapt,3,"error_divergence_ph_meta@error.threshold=0.10,error.min_instances=5",error_divergence_ph_meta,"{""divergence"": {""alpha"": 0.1, ""delta"": 0.005, ""min_instances"": 30, ""threshold"": 0.05}, ""error_rate"": {""alpha"": 0.15, ""delta"": 0.005, ""min_instances"": 5, ""threshold"": 0.1}}","{""error_rate"": {""min_instances"": 5, ""threshold"": 0.1}}",0.1,0.005,0.15,5,0.05,0.005,0.1,30,,,,-1,two_stage,2,0.5,"__confirm_cooldown=200,divergence=0.3,error_rate=0.5,teacher_entropy=0.2",3,0,200,0.0,0,10000,10.0,25.0,200,500,0,0,1.0,0.8771841397849462,0.7026022593573565,0.0,0.2067336142063141,0.01370833907276392,0,0,124,124,-1,weighted,,,0,0,0,0.0,0.0007970556616783142,0,0.0,0.0,0.0,0.0,0,none,0,1,0,overconfident,0.95,0,mild_drift,0.9604195758421574,0.001297986493187566,0.8008053836322601,0.8553625085517284,1768042054.4283645,0.035424962639808655,0.10644233226776123
652,41728,41727,sea_abrupt4,sea,ts_drift_adapt,3,"error_divergence_ph_meta@error.threshold=0.10,error.min_instances=5",error_divergence_ph_meta,"{""divergence"": {""alpha"": 0.1, ""delta"": 0.005, ""min_instances"": 30, ""threshold"": 0.05}, ""error_rate"": {""alpha"": 0.15, ""delta"": 0.005, ""min_instances"": 5, ""threshold"": 0.1}}","{""error_rate"": {""min_instances"": 5, ""threshold"": 0.1}}",0.1,0.005,0.15,5,0.05,0.005,0.1,30,,,,-1,two_stage,2,0.5,"__confirm_cooldown=200,divergence=0.3,error_rate=0.5,teacher_entropy=0.2",3,0,200,0.0,0,10000,10.0,25.0,200,500,0,0,1.0,0.8771568251533742,0.7025411008569321,0.16666666666666666,0.1981227695941925,0.012909643352031708,1,1,125,125,0,weighted,,,0,0,0,0.0,0.16666666666666666,1,0.5,0.0,0.0,0.0,0,none,1,1,0,overconfident,0.95,0,stable,0.9752097879210787,0.001048993246593783,0.9004026918161301,0.9001812542758643,1768042054.4399877,0.3292849063873291,0.08591501414775848
653,41792,41791,sea_abrupt4,sea,ts_drift_adapt,3,"error_divergence_ph_meta@error.threshold=0.10,error.min_instances=5",error_divergence_ph_meta,"{""divergence"": {""alpha"": 0.1, ""delta"": 0.005, ""min_instances"": 30, ""threshold"": 0.05}, ""error_rate"": {""alpha"": 0.15, ""delta"": 0.005, ""min_instances"": 5, ""threshold"": 0.1}}","{""error_rate"": {""min_instances"": 5, ""threshold"": 0.1}}",0.1,0.005,0.15,5,0.05,0.005,0.1,30,,,,-1,two_stage,2,0.5,"__confirm_cooldown=200,divergence=0.3,error_rate=0.5,teacher_entropy=0.2",3,0,200,0.0,0,10000,10.0,25.0,200,500,1,136,1.0,0.8773449464012251,0.7029998629000583,0.0,0.11996680498123169,0.009465567767620087,0,0,125,125,-1,weighted,,,0,0,0,0.0,0.16666666666666666,0,0.0,0.0,0.0,0.0,0,none,0,1,0,overconfident,0.95,0,mild_drift,0.9677548939605394,0.0011744966232968917,0.8502013459080651,0.8775906271379321,1768042054.4519718,0.11648350954055786,0.0788649469614029
654,41856,41855,sea_abrupt4,sea,ts_drift_adapt,3,"error_divergence_ph_meta@error.threshold=0.10,error.min_instances=5",error_divergence_ph_meta,"{""divergence"": {""alpha"": 0.1, ""delta"": 0.005, ""min_instances"": 30, ""threshold"": 0.05}, ""error_rate"": {""alpha"": 0.15, ""delta"": 0.005, ""min_instances"": 5, ""threshold"": 0.1}}","{""error_rate"": {""min_instances"": 5, ""threshold"": 0.1}}",0.1,0.005,0.15,5,0.05,0.005,0.1,30,,,,-1,two_stage,2,0.5,"__confirm_cooldown=200,divergence=0.3,error_rate=0.5,teacher_entropy=0.2",3,0,200,0.0,0,10000,10.0,25.0,200,500,1,72,1.0,0.8773891437308868,0.703217268891705,0.0,0.1935095638036728,0.01224506925791502,0,0,125,125,-1,weighted,,,0,0,0,0.0,0.0027795014902949333,0,0.0,0.0,0.0,0.0,0,none,0,1,0,overconfident,0.95,0,mild_drift,0.9640274469802697,0.001237248311648446,0.8251006729540326,0.866295313568966,1768042054.4638298,0.05957086384296417,0.11207553744316101
655,41920,41919,sea_abrupt4,sea,ts_drift_adapt,3,"error_divergence_ph_meta@error.threshold=0.10,error.min_instances=5",error_divergence_ph_meta,"{""divergence"": {""alpha"": 0.1, ""delta"": 0.005, ""min_instances"": 30, ""threshold"": 0.05}, ""error_rate"": {""alpha"": 0.15, ""delta"": 0.005, ""min_instances"": 5, ""threshold"": 0.1}}","{""error_rate"": {""min_instances"": 5, ""threshold"": 0.1}}",0.1,0.005,0.15,5,0.05,0.005,0.1,30,,,,-1,two_stage,2,0.5,"__confirm_cooldown=200,divergence=0.3,error_rate=0.5,teacher_entropy=0.2",3,0,200,0.0,0,10000,10.0,25.0,200,500,1,8,1.0,0.8775047709923665,0.7034795643957282,0.0,0.17456212639808655,0.020040225237607956,0,0,125,125,-1,weighted,,,0,0,0,0.0,0.007795155979692936,0,0.0,0.0,0.0,0.0,0,none,0,1,0,overconfident,0.95,0,mild_drift,0.9621637234901348,0.0012686241558242232,0.8125503364770164,0.860647656784483,1768042054.475777,0.08256780356168747,0.1880263239145279
656,41984,41983,sea_abrupt4,sea,ts_drift_adapt,3,"error_divergence_ph_meta@error.threshold=0.10,error.min_instances=5",error_divergence_ph_meta,"{""divergence"": {""alpha"": 0.1, ""delta"": 0.005, ""min_instances"": 30, ""threshold"": 0.05}, ""error_rate"": {""alpha"": 0.15, ""delta"": 0.005, ""min_instances"": 5, ""threshold"": 0.1}}","{""error_rate"": {""min_instances"": 5, ""threshold"": 0.1}}",0.1,0.005,0.15,5,0.05,0.005,0.1,30,,,,-1,two_stage,2,0.5,"__confirm_cooldown=200,divergence=0.3,error_rate=0.5,teacher_entropy=0.2",3,0,200,0.0,0,10000,10.0,25.0,200,500,0,0,1.0,0.8775485899390244,0.7036521505238188,0.0,0.22212707996368408,0.015044362284243107,0,0,125,125,-1,weighted,,,0,0,0,0.0,0.004995862953364849,0,0.0,0.0,0.0,0.0,0,none,0,1,0,overconfident,0.95,0,mild_drift,0.9612318617450674,0.0012843120779121118,0.8062751682385082,0.8578238283922415,1768042054.4899387,0.027256518602371216,0.10241137444972992
657,42048,42047,sea_abrupt4,sea,ts_drift_adapt,3,"error_divergence_ph_meta@error.threshold=0.10,error.min_instances=5",error_divergence_ph_meta,"{""divergence"": {""alpha"": 0.1, ""delta"": 0.005, ""min_instances"": 30, ""threshold"": 0.05}, ""error_rate"": {""alpha"": 0.15, ""delta"": 0.005, ""min_instances"": 5, ""threshold"": 0.1}}","{""error_rate"": {""min_instances"": 5, ""threshold"": 0.1}}",0.1,0.005,0.15,5,0.05,0.005,0.1,30,,,,-1,two_stage,2,0.5,"__confirm_cooldown=200,divergence=0.3,error_rate=0.5,teacher_entropy=0.2",3,0,200,0.0,0,10000,10.0,25.0,200,500,0,0,1.0,0.8775447108066972,0.7036803373088095,0.3333333333333333,0.16944332420825958,0.011593669652938843,1,1,126,126,0,weighted,,,0,0,0,0.16666666666666666,0.3333333333333333,1,0.5,0.0,0.0,0.0,0,none,1,1,0,overconfident,0.95,0,severe_drift,0.9261159308725337,0.001642156038956056,0.6531375841192542,0.8339119141961208,1768042054.5042546,0.4191523492336273,0.10697684437036514
658,42112,42111,sea_abrupt4,sea,ts_drift_adapt,3,"error_divergence_ph_meta@error.threshold=0.10,error.min_instances=5",error_divergence_ph_meta,"{""divergence"": {""alpha"": 0.1, ""delta"": 0.005, ""min_instances"": 30, ""threshold"": 0.05}, ""error_rate"": {""alpha"": 0.15, ""delta"": 0.005, ""min_instances"": 5, ""threshold"": 0.1}}","{""error_rate"": {""min_instances"": 5, ""threshold"": 0.1}}",0.1,0.005,0.15,5,0.05,0.005,0.1,30,,,,-1,two_stage,2,0.5,"__confirm_cooldown=200,divergence=0.3,error_rate=0.5,teacher_entropy=0.2",3,0,200,0.0,0,10000,10.0,25.0,200,500,1,136,1.0,0.8777308130699089,0.7041335530960083,0.0,0.19705069065093994,0.015504991635680199,0,0,126,126,-1,weighted,,,0,0,0,0.0,0.3333333333333333,0,0.0,0.0,0.0,0.0,0,none,0,1,0,overconfident,0.95,0,mild_drift,0.9432079654362668,0.001471078019478028,0.7265687920596271,0.8444559570980603,1768042054.5186079,0.03519697114825249,0.1266528069972992
659,42176,42175,sea_abrupt4,sea,ts_drift_adapt,3,"error_divergence_ph_meta@error.threshold=0.10,error.min_instances=5",error_divergence_ph_meta,"{""divergence"": {""alpha"": 0.1, ""delta"": 0.005, ""min_instances"": 30, ""threshold"": 0.05}, ""error_rate"": {""alpha"": 0.15, ""delta"": 0.005, ""min_instances"": 5, ""threshold"": 0.1}}","{""error_rate"": {""min_instances"": 5, ""threshold"": 0.1}}",0.1,0.005,0.15,5,0.05,0.005,0.1,30,,,,-1,two_stage,2,0.5,"__confirm_cooldown=200,divergence=0.3,error_rate=0.5,teacher_entropy=0.2",3,0,200,0.0,0,10000,10.0,25.0,200,500,1,72,1.0,0.8777977996965098,0.7043921824367071,0.0,0.1857558786869049,0.02632833644747734,0,0,126,126,-1,weighted,,,0,0,0,0.0,0.010823344811797142,0,0.0,0.0,0.0,0.0,0,none,0,1,0,overconfident,0.95,0,mild_drift,0.9517539827181334,0.0013855390097390142,0.7632843960298136,0.8497279785490301,1768042054.5306296,0.07284890860319138,0.20718878507614136
660,42240,42239,sea_abrupt4,sea,ts_drift_adapt,3,"error_divergence_ph_meta@error.threshold=0.10,error.min_instances=5",error_divergence_ph_meta,"{""divergence"": {""alpha"": 0.1, ""delta"": 0.005, ""min_instances"": 30, ""threshold"": 0.05}, ""error_rate"": {""alpha"": 0.15, ""delta"": 0.005, ""min_instances"": 5, ""threshold"": 0.1}}","{""error_rate"": {""min_instances"": 5, ""threshold"": 0.1}}",0.1,0.005,0.15,5,0.05,0.005,0.1,30,,,,-1,two_stage,2,0.5,"__confirm_cooldown=200,divergence=0.3,error_rate=0.5,teacher_entropy=0.2",3,0,200,0.0,0,10000,10.0,25.0,200,500,1,8,1.0,0.877935606060606,0.7047160003550739,0.0,0.17408443987369537,0.010968071408569813,0,0,126,126,-1,weighted,,,0,0,0,0.0,0.015360265038907528,0,0.0,0.0,0.0,0.0,0,none,0,1,0,overconfident,0.95,0,mild_drift,0.9560269913590667,0.001342769504869507,0.7816421980149069,0.8523639892745151,1768042054.5421622,0.07740097492933273,0.14086316525936127
661,42304,42303,sea_abrupt4,sea,ts_drift_adapt,3,"error_divergence_ph_meta@error.threshold=0.10,error.min_instances=5",error_divergence_ph_meta,"{""divergence"": {""alpha"": 0.1, ""delta"": 0.005, ""min_instances"": 30, ""threshold"": 0.05}, ""error_rate"": {""alpha"": 0.15, ""delta"": 0.005, ""min_instances"": 5, ""threshold"": 0.1}}","{""error_rate"": {""min_instances"": 5, ""threshold"": 0.1}}",0.1,0.005,0.15,5,0.05,0.005,0.1,30,,,,-1,two_stage,2,0.5,"__confirm_cooldown=200,divergence=0.3,error_rate=0.5,teacher_entropy=0.2",3,0,200,0.0,0,10000,10.0,25.0,200,500,0,0,1.0,0.8780493570347958,0.7050019665514059,0.0,0.18534782528877258,0.018760157749056816,0,0,126,126,-1,weighted,,,0,0,0,0.0,0.007792086340487003,0,0.0,0.0,0.0,0.0,0,none,0,1,0,overconfident,0.95,0,mild_drift,0.9581634956795333,0.0013213847524347535,0.7908210990074535,0.8536819946372576,1768042054.5538406,0.09513172507286072,0.14139145612716675
662,42368,42367,sea_abrupt4,sea,ts_drift_adapt,3,"error_divergence_ph_meta@error.threshold=0.10,error.min_instances=5",error_divergence_ph_meta,"{""divergence"": {""alpha"": 0.1, ""delta"": 0.005, ""min_instances"": 30, ""threshold"": 0.05}, ""error_rate"": {""alpha"": 0.15, ""delta"": 0.005, ""min_instances"": 5, ""threshold"": 0.1}}","{""error_rate"": {""min_instances"": 5, ""threshold"": 0.1}}",0.1,0.005,0.15,5,0.05,0.005,0.1,30,,,,-1,two_stage,2,0.5,"__confirm_cooldown=200,divergence=0.3,error_rate=0.5,teacher_entropy=0.2",3,0,200,0.0,0,10000,10.0,25.0,200,500,0,0,1.0,0.8781863670694864,0.7052814741024331,0.0,0.16961468756198883,0.01621115952730179,0,0,126,126,-1,weighted,,,0,0,0,0.0,0.0025489982217550278,0,0.0,0.0,0.0,0.0,0,none,0,1,0,overconfident,0.95,0,mild_drift,0.9592317478397666,0.0013106923762173767,0.7954105495037267,0.8543409973186288,1768042054.5654342,0.104462631046772,0.17370419204235077
663,42432,42431,sea_abrupt4,sea,ts_drift_adapt,3,"error_divergence_ph_meta@error.threshold=0.10,error.min_instances=5",error_divergence_ph_meta,"{""divergence"": {""alpha"": 0.1, ""delta"": 0.005, ""min_instances"": 30, ""threshold"": 0.05}, ""error_rate"": {""alpha"": 0.15, ""delta"": 0.005, ""min_instances"": 5, ""threshold"": 0.1}}","{""error_rate"": {""min_instances"": 5, ""threshold"": 0.1}}",0.1,0.005,0.15,5,0.05,0.005,0.1,30,,,,-1,two_stage,2,0.5,"__confirm_cooldown=200,divergence=0.3,error_rate=0.5,teacher_entropy=0.2",3,0,200,0.0,0,10000,10.0,25.0,200,500,0,0,1.0,0.8783465309200603,0.7056656782357341,0.16666666666666666,0.16261470317840576,0.008122610859572887,1,1,127,127,0,weighted,,,0,0,0,0.16666666666666666,0.16666666666666666,1,0.5,0.0,0.0,0.0,0,none,1,1,0,overconfident,0.95,0,severe_drift,0.9251158739198833,0.0016553461881086884,0.6477052747518633,0.8321704986593144,1768042054.577361,0.15908919274806976,0.07896456122398376
664,42496,42495,sea_abrupt4,sea,ts_drift_adapt,3,"error_divergence_ph_meta@error.threshold=0.10,error.min_instances=5",error_divergence_ph_meta,"{""divergence"": {""alpha"": 0.1, ""delta"": 0.005, ""min_instances"": 30, ""threshold"": 0.05}, ""error_rate"": {""alpha"": 0.15, ""delta"": 0.005, ""min_instances"": 5, ""threshold"": 0.1}}","{""error_rate"": {""min_instances"": 5, ""threshold"": 0.1}}",0.1,0.005,0.15,5,0.05,0.005,0.1,30,,,,-1,two_stage,2,0.5,"__confirm_cooldown=200,divergence=0.3,error_rate=0.5,teacher_entropy=0.2",3,0,200,0.0,0,10000,10.0,25.0,200,500,1,136,1.0,0.8783650225903614,0.7058255175878425,0.16666666666666666,0.18843282759189606,0.013348771259188652,0,0,127,127,-1,weighted,,,0,0,0,0.0,0.005226160399615765,0,0.0,0.0,0.0,0.0,0,none,0,1,0,overconfident,0.95,0,mild_drift,0.9427079369599416,0.0014776730940543443,0.7238526373759318,0.8435852493296572,1768042054.5890543,0.23334543406963348,0.137632355093956
665,42560,42559,sea_abrupt4,sea,ts_drift_adapt,3,"error_divergence_ph_meta@error.threshold=0.10,error.min_instances=5",error_divergence_ph_meta,"{""divergence"": {""alpha"": 0.1, ""delta"": 0.005, ""min_instances"": 30, ""threshold"": 0.05}, ""error_rate"": {""alpha"": 0.15, ""delta"": 0.005, ""min_instances"": 5, ""threshold"": 0.1}}","{""error_rate"": {""min_instances"": 5, ""threshold"": 0.1}}",0.1,0.005,0.15,5,0.05,0.005,0.1,30,,,,-1,two_stage,2,0.5,"__confirm_cooldown=200,divergence=0.3,error_rate=0.5,teacher_entropy=0.2",3,0,200,0.0,0,10000,10.0,25.0,200,500,1,72,1.0,0.8784774436090226,0.7061099100128332,0.0,0.18678279221057892,0.014063126407563686,0,0,127,127,-1,weighted,,,0,0,0,0.0,0.16666666666666666,0,0.0,0.0,0.0,0.0,0,none,0,1,0,overconfident,0.95,0,mild_drift,0.9515039684799708,0.0013888365470271723,0.7619263186879659,0.8492926246648286,1768042054.6008918,0.008540773764252663,0.09443706274032593
666,42624,42623,sea_abrupt4,sea,ts_drift_adapt,3,"error_divergence_ph_meta@error.threshold=0.10,error.min_instances=5",error_divergence_ph_meta,"{""divergence"": {""alpha"": 0.1, ""delta"": 0.005, ""min_instances"": 30, ""threshold"": 0.05}, ""error_rate"": {""alpha"": 0.15, ""delta"": 0.005, ""min_instances"": 5, ""threshold"": 0.1}}","{""error_rate"": {""min_instances"": 5, ""threshold"": 0.1}}",0.1,0.005,0.15,5,0.05,0.005,0.1,30,,,,-1,two_stage,2,0.5,"__confirm_cooldown=200,divergence=0.3,error_rate=0.5,teacher_entropy=0.2",3,0,200,0.0,0,10000,10.0,25.0,200,500,1,8,1.0,0.878589527027027,0.7063075164623235,0.0,0.1825789213180542,0.015450285747647285,0,0,127,127,-1,weighted,,,0,0,0,0.0,0.001387159340083599,0,0.0,0.0,0.0,0.0,0,none,0,1,0,overconfident,0.95,0,mild_drift,0.9559019842399854,0.0013444182735135863,0.780963159343983,0.8521463123324142,1768042054.6128044,0.02994430996477604,0.11484968662261963
667,42688,42687,sea_abrupt4,sea,ts_drift_adapt,3,"error_divergence_ph_meta@error.threshold=0.10,error.min_instances=5",error_divergence_ph_meta,"{""divergence"": {""alpha"": 0.1, ""delta"": 0.005, ""min_instances"": 30, ""threshold"": 0.05}, ""error_rate"": {""alpha"": 0.15, ""delta"": 0.005, ""min_instances"": 5, ""threshold"": 0.1}}","{""error_rate"": {""min_instances"": 5, ""threshold"": 0.1}}",0.1,0.005,0.15,5,0.05,0.005,0.1,30,,,,-1,two_stage,2,0.5,"__confirm_cooldown=200,divergence=0.3,error_rate=0.5,teacher_entropy=0.2",3,0,200,0.0,0,10000,10.0,25.0,200,500,0,0,1.0,0.8786309970014993,0.7064302508660251,0.16666666666666666,0.18599151074886322,0.00793485902249813,0,0,127,127,-1,weighted,,,0,0,0,0.0,0.16666666666666666,0,0.0,0.0,0.0,0.0,0,none,0,1,0,overconfident,0.95,0,mild_drift,0.9581009921199927,0.0013222091367567934,0.7904815796719915,0.8535731561662071,1768042054.624699,0.3522346317768097,0.0707196295261383
668,42752,42751,sea_abrupt4,sea,ts_drift_adapt,3,"error_divergence_ph_meta@error.threshold=0.10,error.min_instances=5",error_divergence_ph_meta,"{""divergence"": {""alpha"": 0.1, ""delta"": 0.005, ""min_instances"": 30, ""threshold"": 0.05}, ""error_rate"": {""alpha"": 0.15, ""delta"": 0.005, ""min_instances"": 5, ""threshold"": 0.1}}","{""error_rate"": {""min_instances"": 5, ""threshold"": 0.1}}",0.1,0.005,0.15,5,0.05,0.005,0.1,30,,,,-1,two_stage,2,0.5,"__confirm_cooldown=200,divergence=0.3,error_rate=0.5,teacher_entropy=0.2",3,0,200,0.0,0,10000,10.0,25.0,200,500,0,0,1.0,0.8787892964071856,0.7067799866053215,0.0,0.07562901824712753,0.002539051230996847,1,1,128,128,0,weighted,,,0,0,0,0.16666666666666666,0.16666666666666666,1,0.5,0.0,0.0,0.0,0,none,1,1,0,overconfident,0.95,0,severe_drift,0.9245504960599964,0.0016611045683783967,0.6452407898359958,0.8317865780831035,1768042054.6365314,0.09287285059690475,0.02565847523510456
669,42816,42815,sea_abrupt4,sea,ts_drift_adapt,3,"error_divergence_ph_meta@error.threshold=0.10,error.min_instances=5",error_divergence_ph_meta,"{""divergence"": {""alpha"": 0.1, ""delta"": 0.005, ""min_instances"": 30, ""threshold"": 0.05}, ""error_rate"": {""alpha"": 0.15, ""delta"": 0.005, ""min_instances"": 5, ""threshold"": 0.1}}","{""error_rate"": {""min_instances"": 5, ""threshold"": 0.1}}",0.1,0.005,0.15,5,0.05,0.005,0.1,30,,,,-1,two_stage,2,0.5,"__confirm_cooldown=200,divergence=0.3,error_rate=0.5,teacher_entropy=0.2",3,0,200,0.0,0,10000,10.0,25.0,200,500,1,136,1.0,0.8788303437967115,0.7068737831066181,0.0,0.1785982847213745,0.01227252371609211,0,0,128,128,-1,weighted,,,0,0,0,0.0,0.009733472485095263,0,0.0,0.0,0.0,0.0,0,none,0,1,0,overconfident,0.95,0,mild_drift,0.9424252480299982,0.0014805522841891984,0.7226203949179979,0.8433932890415518,1768042054.6485043,0.02967158518731594,0.12391168624162674
670,42880,42879,sea_abrupt4,sea,ts_drift_adapt,3,"error_divergence_ph_meta@error.threshold=0.10,error.min_instances=5",error_divergence_ph_meta,"{""divergence"": {""alpha"": 0.1, ""delta"": 0.005, ""min_instances"": 30, ""threshold"": 0.05}, ""error_rate"": {""alpha"": 0.15, ""delta"": 0.005, ""min_instances"": 5, ""threshold"": 0.1}}","{""error_rate"": {""min_instances"": 5, ""threshold"": 0.1}}",0.1,0.005,0.15,5,0.05,0.005,0.1,30,,,,-1,two_stage,2,0.5,"__confirm_cooldown=200,divergence=0.3,error_rate=0.5,teacher_entropy=0.2",3,0,200,0.0,0,10000,10.0,25.0,200,500,1,72,1.0,0.878964552238806,0.7072566518235657,0.0,0.15177184343338013,0.017075657844543457,0,0,128,128,-1,weighted,,,0,0,0,0.0,0.004803134128451347,0,0.0,0.0,0.0,0.0,0,none,0,1,0,overconfident,0.95,0,mild_drift,0.951362624014999,0.0013902761420945993,0.761310197458999,0.8491966445207759,1768042054.660094,0.017004717141389847,0.1291496604681015
671,42944,42943,sea_abrupt4,sea,ts_drift_adapt,3,"error_divergence_ph_meta@error.threshold=0.10,error.min_instances=5",error_divergence_ph_meta,"{""divergence"": {""alpha"": 0.1, ""delta"": 0.005, ""min_instances"": 30, ""threshold"": 0.05}, ""error_rate"": {""alpha"": 0.15, ""delta"": 0.005, ""min_instances"": 5, ""threshold"": 0.1}}","{""error_rate"": {""min_instances"": 5, ""threshold"": 0.1}}",0.1,0.005,0.15,5,0.05,0.005,0.1,30,,,,-1,two_stage,2,0.5,"__confirm_cooldown=200,divergence=0.3,error_rate=0.5,teacher_entropy=0.2",3,0,200,0.0,0,10000,10.0,25.0,200,500,1,8,1.0,0.8789819299552906,0.7072575483923488,0.16666666666666666,0.16413938999176025,0.017310310155153275,0,0,128,128,-1,weighted,,,0,0,0,0.0,0.16666666666666666,0,0.0,0.0,0.0,0.0,0,none,0,1,0,overconfident,0.95,0,mild_drift,0.9558313120074995,0.0013451380710472996,0.7806550987294996,0.852098322260388,1768042054.671937,0.3839198648929596,0.15657688677310944
672,43008,43007,sea_abrupt4,sea,ts_drift_adapt,3,"error_divergence_ph_meta@error.threshold=0.10,error.min_instances=5",error_divergence_ph_meta,"{""divergence"": {""alpha"": 0.1, ""delta"": 0.005, ""min_instances"": 30, ""threshold"": 0.05}, ""error_rate"": {""alpha"": 0.15, ""delta"": 0.005, ""min_instances"": 5, ""threshold"": 0.1}}","{""error_rate"": {""min_instances"": 5, ""threshold"": 0.1}}",0.1,0.005,0.15,5,0.05,0.005,0.1,30,,,,-1,two_stage,2,0.5,"__confirm_cooldown=200,divergence=0.3,error_rate=0.5,teacher_entropy=0.2",3,0,200,0.0,0,10000,10.0,25.0,200,500,0,0,1.0,0.8790922619047619,0.7074915908423215,0.0,0.14921462535858154,0.0190578643232584,0,0,128,128,-1,weighted,,,0,0,0,0.0,0.16666666666666666,0,0.0,0.0,0.0,0.0,0,none,0,1,0,overconfident,0.95,0,mild_drift,0.9580656560037497,0.00132256903552365,0.7903275493647498,0.853549161130194,1768042054.6842875,0.006553701590746641,0.1473723202943802
673,43072,43071,sea_abrupt4,sea,ts_drift_adapt,3,"error_divergence_ph_meta@error.threshold=0.10,error.min_instances=5",error_divergence_ph_meta,"{""divergence"": {""alpha"": 0.1, ""delta"": 0.005, ""min_instances"": 30, ""threshold"": 0.05}, ""error_rate"": {""alpha"": 0.15, ""delta"": 0.005, ""min_instances"": 5, ""threshold"": 0.1}}","{""error_rate"": {""min_instances"": 5, ""threshold"": 0.1}}",0.1,0.005,0.15,5,0.05,0.005,0.1,30,,,,-1,two_stage,2,0.5,"__confirm_cooldown=200,divergence=0.3,error_rate=0.5,teacher_entropy=0.2",3,0,200,0.0,0,10000,10.0,25.0,200,500,0,0,1.0,0.8792254829123328,0.7077752079639433,0.0,0.12910684943199158,0.012783551588654518,1,1,129,129,0,weighted,,,0,0,0,0.0,0.006274312734603882,1,0.5,0.0,0.0,0.0,0,none,1,1,0,overconfident,0.95,0,stable,0.9740328280018749,0.001061284517761825,0.8951637746823748,0.899274580565097,1768042054.6983075,0.015894271433353424,0.10038231313228607
674,43136,43135,sea_abrupt4,sea,ts_drift_adapt,3,"error_divergence_ph_meta@error.threshold=0.10,error.min_instances=5",error_divergence_ph_meta,"{""divergence"": {""alpha"": 0.1, ""delta"": 0.005, ""min_instances"": 30, ""threshold"": 0.05}, ""error_rate"": {""alpha"": 0.15, ""delta"": 0.005, ""min_instances"": 5, ""threshold"": 0.1}}","{""error_rate"": {""min_instances"": 5, ""threshold"": 0.1}}",0.1,0.005,0.15,5,0.05,0.005,0.1,30,,,,-1,two_stage,2,0.5,"__confirm_cooldown=200,divergence=0.3,error_rate=0.5,teacher_entropy=0.2",3,0,200,0.0,0,10000,10.0,25.0,200,500,1,136,1.0,0.8793583086053413,0.7080993604695199,0.0,0.1581946313381195,0.02396235801279545,0,0,129,129,-1,weighted,,,0,0,0,0.0,0.01117880642414093,0,0.0,0.0,0.0,0.0,0,none,0,1,0,overconfident,0.95,0,mild_drift,0.9671664140009374,0.0011806422588809126,0.8475818873411874,0.8771372902825485,1768042054.7126791,0.06382777541875839,0.19583770632743835
675,43200,43199,sea_abrupt4,sea,ts_drift_adapt,3,"error_divergence_ph_meta@error.threshold=0.10,error.min_instances=5",error_divergence_ph_meta,"{""divergence"": {""alpha"": 0.1, ""delta"": 0.005, ""min_instances"": 30, ""threshold"": 0.05}, ""error_rate"": {""alpha"": 0.15, ""delta"": 0.005, ""min_instances"": 5, ""threshold"": 0.1}}","{""error_rate"": {""min_instances"": 5, ""threshold"": 0.1}}",0.1,0.005,0.15,5,0.05,0.005,0.1,30,,,,-1,two_stage,2,0.5,"__confirm_cooldown=200,divergence=0.3,error_rate=0.5,teacher_entropy=0.2",3,0,200,0.0,0,10000,10.0,25.0,200,500,1,72,1.0,0.8794675925925926,0.7083743431589155,0.0,0.15042367577552795,0.022617755457758904,0,0,129,129,-1,weighted,,,0,0,0,0.0,0.0013446025550365448,0,0.0,0.0,0.0,0.0,0,none,0,1,0,overconfident,0.95,0,mild_drift,0.9637332070004687,0.0012403211294404564,0.8237909436705937,0.8660686451412742,1768042054.7263277,0.08251034468412399,0.1622764617204666
676,43264,43263,sea_abrupt4,sea,ts_drift_adapt,3,"error_divergence_ph_meta@error.threshold=0.10,error.min_instances=5",error_divergence_ph_meta,"{""divergence"": {""alpha"": 0.1, ""delta"": 0.005, ""min_instances"": 30, ""threshold"": 0.05}, ""error_rate"": {""alpha"": 0.15, ""delta"": 0.005, ""min_instances"": 5, ""threshold"": 0.1}}","{""error_rate"": {""min_instances"": 5, ""threshold"": 0.1}}",0.1,0.005,0.15,5,0.05,0.005,0.1,30,,,,-1,two_stage,2,0.5,"__confirm_cooldown=200,divergence=0.3,error_rate=0.5,teacher_entropy=0.2",3,0,200,0.0,0,10000,10.0,25.0,200,500,1,8,1.0,0.879530325443787,0.7085858432173573,0.0,0.20217904448509216,0.025891760364174843,0,0,129,129,-1,weighted,,,0,0,0,0.0,0.0032740049064159393,0,0.0,0.0,0.0,0.0,0,none,0,1,0,overconfident,0.95,0,mild_drift,0.9620166035002343,0.0012701605647202283,0.8118954718352969,0.8605343225706371,1768042054.7381518,0.01250417623668909,0.17631085216999054
677,43328,43327,sea_abrupt4,sea,ts_drift_adapt,3,"error_divergence_ph_meta@error.threshold=0.10,error.min_instances=5",error_divergence_ph_meta,"{""divergence"": {""alpha"": 0.1, ""delta"": 0.005, ""min_instances"": 30, ""threshold"": 0.05}, ""error_rate"": {""alpha"": 0.15, ""delta"": 0.005, ""min_instances"": 5, ""threshold"": 0.1}}","{""error_rate"": {""min_instances"": 5, ""threshold"": 0.1}}",0.1,0.005,0.15,5,0.05,0.005,0.1,30,,,,-1,two_stage,2,0.5,"__confirm_cooldown=200,divergence=0.3,error_rate=0.5,teacher_entropy=0.2",3,0,200,0.0,0,10000,10.0,25.0,200,500,0,0,1.0,0.8795928729689808,0.7087357527746068,0.0,0.17791959643363953,0.0241937767714262,0,0,129,129,-1,weighted,,,0,0,0,0.0,0.001697983592748642,0,0.0,0.0,0.0,0.0,0,none,0,1,0,overconfident,0.95,0,mild_drift,0.9611583017501171,0.001285080282360114,0.8059477359176485,0.8577671612853186,1768042054.7498574,0.009047183208167553,0.2099512368440628
678,43392,43391,sea_abrupt4,sea,ts_drift_adapt,3,"error_divergence_ph_meta@error.threshold=0.10,error.min_instances=5",error_divergence_ph_meta,"{""divergence"": {""alpha"": 0.1, ""delta"": 0.005, ""min_instances"": 30, ""threshold"": 0.05}, ""error_rate"": {""alpha"": 0.15, ""delta"": 0.005, ""min_instances"": 5, ""threshold"": 0.1}}","{""error_rate"": {""min_instances"": 5, ""threshold"": 0.1}}",0.1,0.005,0.15,5,0.05,0.005,0.1,30,,,,-1,two_stage,2,0.5,"__confirm_cooldown=200,divergence=0.3,error_rate=0.5,teacher_entropy=0.2",3,0,200,0.0,0,10000,10.0,25.0,200,500,0,0,1.0,0.8796552359882006,0.7089143368794054,0.16666666666666666,0.20229153335094452,0.021404439583420753,1,1,130,130,0,weighted,,,0,0,0,0.16666666666666666,0.16666666666666666,1,0.5,0.0,0.0,0.0,0,none,1,1,0,overconfident,0.95,0,severe_drift,0.9260791508750585,0.001642540141180057,0.6529738679588242,0.8338835806426593,1768042054.7615218,0.2626414895057678,0.15680187940597534
679,43456,43455,sea_abrupt4,sea,ts_drift_adapt,3,"error_divergence_ph_meta@error.threshold=0.10,error.min_instances=5",error_divergence_ph_meta,"{""divergence"": {""alpha"": 0.1, ""delta"": 0.005, ""min_instances"": 30, ""threshold"": 0.05}, ""error_rate"": {""alpha"": 0.15, ""delta"": 0.005, ""min_instances"": 5, ""threshold"": 0.1}}","{""error_rate"": {""min_instances"": 5, ""threshold"": 0.1}}",0.1,0.005,0.15,5,0.05,0.005,0.1,30,,,,-1,two_stage,2,0.5,"__confirm_cooldown=200,divergence=0.3,error_rate=0.5,teacher_entropy=0.2",3,0,200,0.0,0,10000,10.0,25.0,200,500,1,136,1.0,0.8797404270986745,0.7091483476998097,0.0,0.19138231873512268,0.015702085569500923,0,0,130,130,-1,weighted,,,0,0,0,0.0,0.16666666666666666,0,0.0,0.0,0.0,0.0,0,none,0,1,0,overconfident,0.95,0,mild_drift,0.9431895754375292,0.0014712700705900286,0.7264869339794121,0.8444417903213297,1768042054.7734752,0.09684578329324722,0.1217418909072876
680,43520,43519,sea_abrupt4,sea,ts_drift_adapt,3,"error_divergence_ph_meta@error.threshold=0.10,error.min_instances=5",error_divergence_ph_meta,"{""divergence"": {""alpha"": 0.1, ""delta"": 0.005, ""min_instances"": 30, ""threshold"": 0.05}, ""error_rate"": {""alpha"": 0.15, ""delta"": 0.005, ""min_instances"": 5, ""threshold"": 0.1}}","{""error_rate"": {""min_instances"": 5, ""threshold"": 0.1}}",0.1,0.005,0.15,5,0.05,0.005,0.1,30,,,,-1,two_stage,2,0.5,"__confirm_cooldown=200,divergence=0.3,error_rate=0.5,teacher_entropy=0.2",3,0,200,0.0,0,10000,10.0,25.0,200,500,1,72,1.0,0.8797104779411765,0.7090373945245998,0.0,0.22016176581382751,0.031069068238139153,0,0,130,130,-1,weighted,,,0,0,0,0.0,0.01536698266863823,0,0.0,0.0,0.0,0.0,0,none,0,1,0,overconfident,0.95,0,mild_drift,0.9517447877187646,0.0013856350352950144,0.7632434669897061,0.8497208951606648,1768042054.7852097,0.0785975456237793,0.23929494619369507
681,43584,43583,sea_abrupt4,sea,ts_drift_adapt,3,"error_divergence_ph_meta@error.threshold=0.10,error.min_instances=5",error_divergence_ph_meta,"{""divergence"": {""alpha"": 0.1, ""delta"": 0.005, ""min_instances"": 30, ""threshold"": 0.05}, ""error_rate"": {""alpha"": 0.15, ""delta"": 0.005, ""min_instances"": 5, ""threshold"": 0.1}}","{""error_rate"": {""min_instances"": 5, ""threshold"": 0.1}}",0.1,0.005,0.15,5,0.05,0.005,0.1,30,,,,-1,two_stage,2,0.5,"__confirm_cooldown=200,divergence=0.3,error_rate=0.5,teacher_entropy=0.2",3,0,200,0.0,0,10000,10.0,25.0,200,500,1,8,1.0,0.879818281938326,0.7092967528947999,0.0,0.16175350546836853,0.012386944144964218,0,0,130,130,-1,weighted,,,0,0,0,0.0,0.018682124093174934,0,0.0,0.0,0.0,0.0,0,none,0,1,0,overconfident,0.95,0,mild_drift,0.9560223938593823,0.0013428175176475074,0.7816217334948531,0.8523604475803324,1768042054.7968009,0.006835251580923796,0.0934864804148674
682,43648,43647,sea_abrupt4,sea,ts_drift_adapt,3,"error_divergence_ph_meta@error.threshold=0.10,error.min_instances=5",error_divergence_ph_meta,"{""divergence"": {""alpha"": 0.1, ""delta"": 0.005, ""min_instances"": 30, ""threshold"": 0.05}, ""error_rate"": {""alpha"": 0.15, ""delta"": 0.005, ""min_instances"": 5, ""threshold"": 0.1}}","{""error_rate"": {""min_instances"": 5, ""threshold"": 0.1}}",0.1,0.005,0.15,5,0.05,0.005,0.1,30,,,,-1,two_stage,2,0.5,"__confirm_cooldown=200,divergence=0.3,error_rate=0.5,teacher_entropy=0.2",3,0,200,0.0,0,10000,10.0,25.0,200,500,0,0,1.0,0.8799486803519062,0.7095895733869804,0.16666666666666666,0.0961386114358902,0.005432807840406895,0,0,130,130,-1,weighted,,,0,0,0,0.0,0.16666666666666666,0,0.0,0.0,0.0,0.0,0,none,0,1,0,overconfident,0.95,0,mild_drift,0.958161196929691,0.0013214087588237539,0.7908108667474265,0.8536802237901662,1768042054.8084075,0.4726506173610687,0.042433276772499084
683,43712,43711,sea_abrupt4,sea,ts_drift_adapt,3,"error_divergence_ph_meta@error.threshold=0.10,error.min_instances=5",error_divergence_ph_meta,"{""divergence"": {""alpha"": 0.1, ""delta"": 0.005, ""min_instances"": 30, ""threshold"": 0.05}, ""error_rate"": {""alpha"": 0.15, ""delta"": 0.005, ""min_instances"": 5, ""threshold"": 0.1}}","{""error_rate"": {""min_instances"": 5, ""threshold"": 0.1}}",0.1,0.005,0.15,5,0.05,0.005,0.1,30,,,,-1,two_stage,2,0.5,"__confirm_cooldown=200,divergence=0.3,error_rate=0.5,teacher_entropy=0.2",3,0,200,0.0,0,10000,10.0,25.0,200,500,0,0,1.0,0.8799643118594437,0.7096701780785147,0.16666666666666666,0.20811767876148224,0.01837168261408806,1,1,131,131,0,weighted,,,0,0,0,0.0,0.012938874773681164,1,0.5,0.0,0.0,0.0,0,none,1,1,0,overconfident,0.95,0,stable,0.9740805984648455,0.001060704379411877,0.8954054333737133,0.8993401118950831,1768042054.8203888,0.20649461448192596,0.13137516379356384
684,43776,43775,sea_abrupt4,sea,ts_drift_adapt,3,"error_divergence_ph_meta@error.threshold=0.10,error.min_instances=5",error_divergence_ph_meta,"{""divergence"": {""alpha"": 0.1, ""delta"": 0.005, ""min_instances"": 30, ""threshold"": 0.05}, ""error_rate"": {""alpha"": 0.15, ""delta"": 0.005, ""min_instances"": 5, ""threshold"": 0.1}}","{""error_rate"": {""min_instances"": 5, ""threshold"": 0.1}}",0.1,0.005,0.15,5,0.05,0.005,0.1,30,,,,-1,two_stage,2,0.5,"__confirm_cooldown=200,divergence=0.3,error_rate=0.5,teacher_entropy=0.2",3,0,200,0.0,0,10000,10.0,25.0,200,500,1,136,1.0,0.8800484283625731,0.7098780259735727,0.16666666666666666,0.14578314125537872,0.011791449040174484,0,0,131,131,-1,weighted,,,0,0,0,0.0,0.006580233573913574,0,0.0,0.0,0.0,0.0,0,none,0,1,0,overconfident,0.95,0,mild_drift,0.9671902992324227,0.0011803521897059384,0.8477027166868567,0.8771700559475415,1768042054.8320374,0.538671612739563,0.0713496208190918
685,43840,43839,sea_abrupt4,sea,ts_drift_adapt,3,"error_divergence_ph_meta@error.threshold=0.10,error.min_instances=5",error_divergence_ph_meta,"{""divergence"": {""alpha"": 0.1, ""delta"": 0.005, ""min_instances"": 30, ""threshold"": 0.05}, ""error_rate"": {""alpha"": 0.15, ""delta"": 0.005, ""min_instances"": 5, ""threshold"": 0.1}}","{""error_rate"": {""min_instances"": 5, ""threshold"": 0.1}}",0.1,0.005,0.15,5,0.05,0.005,0.1,30,,,,-1,two_stage,2,0.5,"__confirm_cooldown=200,divergence=0.3,error_rate=0.5,teacher_entropy=0.2",3,0,200,0.0,0,10000,10.0,25.0,200,500,1,72,1.0,0.8801094890510949,0.7101853272084979,0.16666666666666666,0.11948298662900925,0.005545920692384243,0,0,131,131,-1,weighted,,,0,0,0,0.0,0.006245528347790241,0,0.0,0.0,0.0,0.0,0,none,0,1,0,overconfident,0.95,0,mild_drift,0.9637451496162113,0.0012401760948529692,0.8238513583434284,0.8660850279737707,1768042054.843775,0.20831041038036346,0.05596226081252098
686,43904,43903,sea_abrupt4,sea,ts_drift_adapt,3,"error_divergence_ph_meta@error.threshold=0.10,error.min_instances=5",error_divergence_ph_meta,"{""divergence"": {""alpha"": 0.1, ""delta"": 0.005, ""min_instances"": 30, ""threshold"": 0.05}, ""error_rate"": {""alpha"": 0.15, ""delta"": 0.005, ""min_instances"": 5, ""threshold"": 0.1}}","{""error_rate"": {""min_instances"": 5, ""threshold"": 0.1}}",0.1,0.005,0.15,5,0.05,0.005,0.1,30,,,,-1,two_stage,2,0.5,"__confirm_cooldown=200,divergence=0.3,error_rate=0.5,teacher_entropy=0.2",3,0,200,0.0,0,10000,10.0,25.0,200,500,1,8,1.0,0.8802842565597667,0.7106635428114867,0.0,0.1764030158519745,0.014956066384911537,0,0,131,131,-1,weighted,,,0,0,0,0.0,0.16666666666666666,0,0.0,0.0,0.0,0.0,0,none,0,1,0,overconfident,0.95,0,mild_drift,0.9620225748081056,0.0012700880474264846,0.8119256791717142,0.8605425139868854,1768042054.8555374,0.005014761816710234,0.10859320312738419
687,43968,43967,sea_abrupt4,sea,ts_drift_adapt,3,"error_divergence_ph_meta@error.threshold=0.10,error.min_instances=5",error_divergence_ph_meta,"{""divergence"": {""alpha"": 0.1, ""delta"": 0.005, ""min_instances"": 30, ""threshold"": 0.05}, ""error_rate"": {""alpha"": 0.15, ""delta"": 0.005, ""min_instances"": 5, ""threshold"": 0.1}}","{""error_rate"": {""min_instances"": 5, ""threshold"": 0.1}}",0.1,0.005,0.15,5,0.05,0.005,0.1,30,,,,-1,two_stage,2,0.5,"__confirm_cooldown=200,divergence=0.3,error_rate=0.5,teacher_entropy=0.2",3,0,200,0.0,0,10000,10.0,25.0,200,500,0,0,1.0,0.8803220524017468,0.7108201189286734,0.0,0.16261237859725952,0.05298241600394249,0,1,132,131,-1,weighted,,,0,0,0,0.0,0.03802634961903095,1,0.3,0.0,0.0,0.0,0,none,0,1,0,overconfident,0.95,0,mild_drift,0.9611612874040527,0.0012850440237132423,0.8059628395858571,0.8577712569934427,1768042054.8673563,0.00723659573122859,0.45850884914398193
688,44032,44031,sea_abrupt4,sea,ts_drift_adapt,3,"error_divergence_ph_meta@error.threshold=0.10,error.min_instances=5",error_divergence_ph_meta,"{""divergence"": {""alpha"": 0.1, ""delta"": 0.005, ""min_instances"": 30, ""threshold"": 0.05}, ""error_rate"": {""alpha"": 0.15, ""delta"": 0.005, ""min_instances"": 5, ""threshold"": 0.1}}","{""error_rate"": {""min_instances"": 5, ""threshold"": 0.1}}",0.1,0.005,0.15,5,0.05,0.005,0.1,30,,,,-1,two_stage,2,0.5,"__confirm_cooldown=200,divergence=0.3,error_rate=0.5,teacher_entropy=0.2",3,0,200,0.0,0,10000,10.0,25.0,200,500,0,0,1.0,0.880382449127907,0.7109721405992436,0.16666666666666666,0.1284847855567932,0.015588460490107536,1,1,132,132,1,weighted,,,0,0,0,0.0,0.16666666666666666,1,0.5,0.0,0.0,0.0,0,none,1,1,0,overconfident,0.95,0,stable,0.9755806437020264,0.001042522011856621,0.9029814197929286,0.9013856284967214,1768042054.8789604,0.2362450212240219,0.14565354585647583
689,44096,44095,sea_abrupt4,sea,ts_drift_adapt,3,"error_divergence_ph_meta@error.threshold=0.10,error.min_instances=5",error_divergence_ph_meta,"{""divergence"": {""alpha"": 0.1, ""delta"": 0.005, ""min_instances"": 30, ""threshold"": 0.05}, ""error_rate"": {""alpha"": 0.15, ""delta"": 0.005, ""min_instances"": 5, ""threshold"": 0.1}}","{""error_rate"": {""min_instances"": 5, ""threshold"": 0.1}}",0.1,0.005,0.15,5,0.05,0.005,0.1,30,,,,-1,two_stage,2,0.5,"__confirm_cooldown=200,divergence=0.3,error_rate=0.5,teacher_entropy=0.2",3,0,200,0.0,0,10000,10.0,25.0,200,500,1,136,1.0,0.8804880261248186,0.711236891935875,0.0,0.16818343102931976,0.01920553855597973,0,0,132,132,-1,weighted,,,0,0,0,0.0,0.16666666666666666,0,0.0,0.0,0.0,0.0,0,none,0,1,0,overconfident,0.95,0,mild_drift,0.9679403218510132,0.0011712610059283106,0.8514907098964644,0.8781928142483607,1768042054.8902972,0.1270478516817093,0.15534371137619019
690,44160,44159,sea_abrupt4,sea,ts_drift_adapt,3,"error_divergence_ph_meta@error.threshold=0.10,error.min_instances=5",error_divergence_ph_meta,"{""divergence"": {""alpha"": 0.1, ""delta"": 0.005, ""min_instances"": 30, ""threshold"": 0.05}, ""error_rate"": {""alpha"": 0.15, ""delta"": 0.005, ""min_instances"": 5, ""threshold"": 0.1}}","{""error_rate"": {""min_instances"": 5, ""threshold"": 0.1}}",0.1,0.005,0.15,5,0.05,0.005,0.1,30,,,,-1,two_stage,2,0.5,"__confirm_cooldown=200,divergence=0.3,error_rate=0.5,teacher_entropy=0.2",3,0,200,0.0,0,10000,10.0,25.0,200,500,1,72,1.0,0.8805932971014493,0.7115237366999085,0.0,0.121266208589077,0.01596101000905037,0,0,132,132,-1,weighted,,,0,0,0,0.0,0.0032445285469293594,0,0.0,0.0,0.0,0.0,0,none,0,1,0,overconfident,0.95,0,mild_drift,0.9641201609255066,0.0012356305029641553,0.8257453549482322,0.8665964071241803,1768042054.902001,0.008144736289978027,0.10568182915449142
691,44224,44223,sea_abrupt4,sea,ts_drift_adapt,3,"error_divergence_ph_meta@error.threshold=0.10,error.min_instances=5",error_divergence_ph_meta,"{""divergence"": {""alpha"": 0.1, ""delta"": 0.005, ""min_instances"": 30, ""threshold"": 0.05}, ""error_rate"": {""alpha"": 0.15, ""delta"": 0.005, ""min_instances"": 5, ""threshold"": 0.1}}","{""error_rate"": {""min_instances"": 5, ""threshold"": 0.1}}",0.1,0.005,0.15,5,0.05,0.005,0.1,30,,,,-1,two_stage,2,0.5,"__confirm_cooldown=200,divergence=0.3,error_rate=0.5,teacher_entropy=0.2",3,0,200,0.0,0,10000,10.0,25.0,200,500,1,8,1.0,0.8806756512301013,0.711736177921182,0.0,0.13583490252494812,0.02887289971113205,0,0,132,132,-1,weighted,,,0,0,0,0.0,0.01291188970208168,0,0.0,0.0,0.0,0.0,0,none,0,1,0,overconfident,0.95,0,mild_drift,0.9622100804627532,0.0012678152514820776,0.8128726774741162,0.8607982035620901,1768042054.9144816,0.026713961735367775,0.25802433490753174
692,44288,44287,sea_abrupt4,sea,ts_drift_adapt,3,"error_divergence_ph_meta@error.threshold=0.10,error.min_instances=5",error_divergence_ph_meta,"{""divergence"": {""alpha"": 0.1, ""delta"": 0.005, ""min_instances"": 30, ""threshold"": 0.05}, ""error_rate"": {""alpha"": 0.15, ""delta"": 0.005, ""min_instances"": 5, ""threshold"": 0.1}}","{""error_rate"": {""min_instances"": 5, ""threshold"": 0.1}}",0.1,0.005,0.15,5,0.05,0.005,0.1,30,,,,-1,two_stage,2,0.5,"__confirm_cooldown=200,divergence=0.3,error_rate=0.5,teacher_entropy=0.2",3,0,200,0.0,0,10000,10.0,25.0,200,500,0,0,1.0,0.8807577673410405,0.7120531414502861,0.0,0.1634661704301834,0.019032971933484077,0,0,132,132,-1,weighted,,,0,0,0,0.0,0.009839927777647972,0,0.0,0.0,0.0,0.0,0,none,0,1,0,overconfident,0.95,0,mild_drift,0.9612550402313766,0.0012839076257410388,0.8064363387370581,0.8578991017810451,1768042054.9289877,0.07569237798452377,0.16278181970119476
693,44352,44351,sea_abrupt4,sea,ts_drift_adapt,3,"error_divergence_ph_meta@error.threshold=0.10,error.min_instances=5",error_divergence_ph_meta,"{""divergence"": {""alpha"": 0.1, ""delta"": 0.005, ""min_instances"": 30, ""threshold"": 0.05}, ""error_rate"": {""alpha"": 0.15, ""delta"": 0.005, ""min_instances"": 5, ""threshold"": 0.1}}","{""error_rate"": {""min_instances"": 5, ""threshold"": 0.1}}",0.1,0.005,0.15,5,0.05,0.005,0.1,30,,,,-1,two_stage,2,0.5,"__confirm_cooldown=200,divergence=0.3,error_rate=0.5,teacher_entropy=0.2",3,0,200,0.0,0,10000,10.0,25.0,200,500,0,0,1.0,0.8808847402597403,0.7124009154894122,0.0,0.17983439564704895,0.01361498236656189,0,0,132,132,-1,weighted,,,0,0,0,0.0,0.005417989566922188,0,0.0,0.0,0.0,0.0,0,none,0,1,0,overconfident,0.95,0,mild_drift,0.9607775201156883,0.0012919538128705194,0.8032181693685291,0.8564495508905225,1768042054.943387,0.015072748996317387,0.11852555721998215
694,44416,44415,sea_abrupt4,sea,ts_drift_adapt,3,"error_divergence_ph_meta@error.threshold=0.10,error.min_instances=5",error_divergence_ph_meta,"{""divergence"": {""alpha"": 0.1, ""delta"": 0.005, ""min_instances"": 30, ""threshold"": 0.05}, ""error_rate"": {""alpha"": 0.15, ""delta"": 0.005, ""min_instances"": 5, ""threshold"": 0.1}}","{""error_rate"": {""min_instances"": 5, ""threshold"": 0.1}}",0.1,0.005,0.15,5,0.05,0.005,0.1,30,,,,-1,two_stage,2,0.5,"__confirm_cooldown=200,divergence=0.3,error_rate=0.5,teacher_entropy=0.2",3,0,200,0.0,0,10000,10.0,25.0,200,500,0,0,1.0,0.8810338616714697,0.7127310006387787,0.0,0.13408465683460236,0.007103617303073406,0,0,132,132,-1,weighted,,,0,0,0,0.0,0.006511365063488483,0,0.0,0.0,0.0,0.0,0,none,0,1,0,overconfident,0.95,0,mild_drift,0.9605387600578441,0.0012959769064352596,0.8016090846842645,0.8557247754452613,1768042054.9566648,0.08078271895647049,0.06462205201387405
695,44480,44479,sea_abrupt4,sea,ts_drift_adapt,3,"error_divergence_ph_meta@error.threshold=0.10,error.min_instances=5",error_divergence_ph_meta,"{""divergence"": {""alpha"": 0.1, ""delta"": 0.005, ""min_instances"": 30, ""threshold"": 0.05}, ""error_rate"": {""alpha"": 0.15, ""delta"": 0.005, ""min_instances"": 5, ""threshold"": 0.1}}","{""error_rate"": {""min_instances"": 5, ""threshold"": 0.1}}",0.1,0.005,0.15,5,0.05,0.005,0.1,30,,,,-1,two_stage,2,0.5,"__confirm_cooldown=200,divergence=0.3,error_rate=0.5,teacher_entropy=0.2",3,0,200,0.0,0,10000,10.0,25.0,200,500,0,0,1.0,0.8810701438848921,0.712796128460096,0.0,0.14271146059036255,0.011040628887712955,0,0,132,132,-1,weighted,,,0,0,0,0.0,0.003937011584639549,0,0.0,0.0,0.0,0.0,0,none,0,1,0,overconfident,0.95,0,mild_drift,0.960419380028922,0.00129798845321763,0.8008045423421323,0.8553623877226306,1768042054.96822,0.017720965668559074,0.08322205394506454
696,44544,44543,sea_abrupt4,sea,ts_drift_adapt,3,"error_divergence_ph_meta@error.threshold=0.10,error.min_instances=5",error_divergence_ph_meta,"{""divergence"": {""alpha"": 0.1, ""delta"": 0.005, ""min_instances"": 30, ""threshold"": 0.05}, ""error_rate"": {""alpha"": 0.15, ""delta"": 0.005, ""min_instances"": 5, ""threshold"": 0.1}}","{""error_rate"": {""min_instances"": 5, ""threshold"": 0.1}}",0.1,0.005,0.15,5,0.05,0.005,0.1,30,,,,-1,two_stage,2,0.5,"__confirm_cooldown=200,divergence=0.3,error_rate=0.5,teacher_entropy=0.2",3,0,200,0.0,0,10000,10.0,25.0,200,500,0,0,1.0,0.8811736709770115,0.713044124315372,0.0,0.14938247203826904,0.01586906611919403,0,0,132,132,-1,weighted,,,0,0,0,0.0,0.004828437231481075,0,0.0,0.0,0.0,0.0,0,none,0,1,0,overconfident,0.95,0,mild_drift,0.960359690014461,0.001298994226608815,0.8004022711710661,0.8551811938613153,1768042054.979959,0.038333017379045486,0.1453726887702942
697,44608,44607,sea_abrupt4,sea,ts_drift_adapt,3,"error_divergence_ph_meta@error.threshold=0.10,error.min_instances=5",error_divergence_ph_meta,"{""divergence"": {""alpha"": 0.1, ""delta"": 0.005, ""min_instances"": 30, ""threshold"": 0.05}, ""error_rate"": {""alpha"": 0.15, ""delta"": 0.005, ""min_instances"": 5, ""threshold"": 0.1}}","{""error_rate"": {""min_instances"": 5, ""threshold"": 0.1}}",0.1,0.005,0.15,5,0.05,0.005,0.1,30,,,,-1,two_stage,2,0.5,"__confirm_cooldown=200,divergence=0.3,error_rate=0.5,teacher_entropy=0.2",3,0,200,0.0,0,10000,10.0,25.0,200,500,0,0,1.0,0.8812320659971306,0.7131978630957152,0.0,0.17697446048259735,0.018430445343255997,0,0,132,132,-1,weighted,,,0,0,0,0.0,0.002561379224061966,0,0.0,0.0,0.0,0.0,0,none,0,1,0,overconfident,0.95,0,mild_drift,0.9603298450072304,0.0012994971133044077,0.8002011355855331,0.8550905969306577,1768042054.9915538,0.023342415690422058,0.1607169806957245
698,44672,44671,sea_abrupt4,sea,ts_drift_adapt,3,"error_divergence_ph_meta@error.threshold=0.10,error.min_instances=5",error_divergence_ph_meta,"{""divergence"": {""alpha"": 0.1, ""delta"": 0.005, ""min_instances"": 30, ""threshold"": 0.05}, ""error_rate"": {""alpha"": 0.15, ""delta"": 0.005, ""min_instances"": 5, ""threshold"": 0.1}}","{""error_rate"": {""min_instances"": 5, ""threshold"": 0.1}}",0.1,0.005,0.15,5,0.05,0.005,0.1,30,,,,-1,two_stage,2,0.5,"__confirm_cooldown=200,divergence=0.3,error_rate=0.5,teacher_entropy=0.2",3,0,200,0.0,0,10000,10.0,25.0,200,500,0,0,1.0,0.8812455229226361,0.7133043600575276,0.16666666666666666,0.18919247388839722,0.011110524646937847,1,1,133,133,0,weighted,,,0,0,0,0.0,0.16666666666666666,1,0.5,0.0,0.0,0.0,0,none,1,1,0,overconfident,0.95,0,stable,0.9751649225036152,0.0010497485566522038,0.9001005677927665,0.9000452984653289,1768042055.003198,0.34143710136413574,0.07675319910049438
699,44736,44735,sea_abrupt4,sea,ts_drift_adapt,3,"error_divergence_ph_meta@error.threshold=0.10,error.min_instances=5",error_divergence_ph_meta,"{""divergence"": {""alpha"": 0.1, ""delta"": 0.005, ""min_instances"": 30, ""threshold"": 0.05}, ""error_rate"": {""alpha"": 0.15, ""delta"": 0.005, ""min_instances"": 5, ""threshold"": 0.1}}","{""error_rate"": {""min_instances"": 5, ""threshold"": 0.1}}",0.1,0.005,0.15,5,0.05,0.005,0.1,30,,,,-1,two_stage,2,0.5,"__confirm_cooldown=200,divergence=0.3,error_rate=0.5,teacher_entropy=0.2",3,0,200,0.0,0,10000,10.0,25.0,200,500,1,136,1.0,0.8812365879828327,0.7132397121959192,0.16666666666666666,0.17806276679039001,0.013073749840259552,0,0,133,133,-1,weighted,,,0,0,0,0.0,0.001963225193321705,0,0.0,0.0,0.0,0.0,0,none,0,1,0,overconfident,0.95,0,mild_drift,0.9677324612518076,0.001174874278326102,0.8500502838963833,0.8775226492326644,1768042055.0149174,0.28331345319747925,0.1119394302368164
700,44800,44799,sea_abrupt4,sea,ts_drift_adapt,3,"error_divergence_ph_meta@error.threshold=0.10,error.min_instances=5",error_divergence_ph_meta,"{""divergence"": {""alpha"": 0.1, ""delta"": 0.005, ""min_instances"": 30, ""threshold"": 0.05}, ""error_rate"": {""alpha"": 0.15, ""delta"": 0.005, ""min_instances"": 5, ""threshold"": 0.1}}","{""error_rate"": {""min_instances"": 5, ""threshold"": 0.1}}",0.1,0.005,0.15,5,0.05,0.005,0.1,30,,,,-1,two_stage,2,0.5,"__confirm_cooldown=200,divergence=0.3,error_rate=0.5,teacher_entropy=0.2",3,0,200,0.0,0,10000,10.0,25.0,200,500,1,72,1.0,0.8812946428571429,0.7134036630320049,0.16666666666666666,0.1540083885192871,0.015818718820810318,0,0,133,133,-1,weighted,,,0,0,0,0.0,0.002744968980550766,0,0.0,0.0,0.0,0.0,0,none,0,1,0,overconfident,0.95,0,mild_drift,0.9640162306259037,0.001237437139163051,0.8250251419481917,0.8662613246163322,1768042055.0261338,0.3833809196949005,0.12307673692703247
701,44864,44863,sea_abrupt4,sea,ts_drift_adapt,3,"error_divergence_ph_meta@error.threshold=0.10,error.min_instances=5",error_divergence_ph_meta,"{""divergence"": {""alpha"": 0.1, ""delta"": 0.005, ""min_instances"": 30, ""threshold"": 0.05}, ""error_rate"": {""alpha"": 0.15, ""delta"": 0.005, ""min_instances"": 5, ""threshold"": 0.1}}","{""error_rate"": {""min_instances"": 5, ""threshold"": 0.1}}",0.1,0.005,0.15,5,0.05,0.005,0.1,30,,,,-1,two_stage,2,0.5,"__confirm_cooldown=200,divergence=0.3,error_rate=0.5,teacher_entropy=0.2",3,0,200,0.0,0,10000,10.0,25.0,200,500,1,8,1.0,0.881330242510699,0.7134802174252647,0.0,0.15834525227546692,0.011434119194746017,0,0,133,133,-1,weighted,,,0,0,0,0.0,0.16666666666666666,0,0.0,0.0,0.0,0.0,0,none,0,1,0,overconfident,0.95,0,mild_drift,0.9621581153129518,0.0012687185695815255,0.8125125709740959,0.8606306623081661,1768042055.0377452,0.06751158833503723,0.07986779510974884
702,44928,44927,sea_abrupt4,sea,ts_drift_adapt,3,"error_divergence_ph_meta@error.threshold=0.10,error.min_instances=5",error_divergence_ph_meta,"{""divergence"": {""alpha"": 0.1, ""delta"": 0.005, ""min_instances"": 30, ""threshold"": 0.05}, ""error_rate"": {""alpha"": 0.15, ""delta"": 0.005, ""min_instances"": 5, ""threshold"": 0.1}}","{""error_rate"": {""min_instances"": 5, ""threshold"": 0.1}}",0.1,0.005,0.15,5,0.05,0.005,0.1,30,,,,-1,two_stage,2,0.5,"__confirm_cooldown=200,divergence=0.3,error_rate=0.5,teacher_entropy=0.2",3,0,200,0.0,0,10000,10.0,25.0,200,500,0,0,1.0,0.8814547720797721,0.7138743452292035,0.0,0.17024824023246765,0.01657819375395775,0,0,133,133,-1,weighted,,,0,0,0,0.0,0.005144074559211731,0,0.0,0.0,0.0,0.0,0,none,0,1,0,overconfident,0.95,0,mild_drift,0.9612290576564759,0.0012843592847907627,0.806256285487048,0.857815331154083,1768042055.04956,0.16665159165859222,0.20945152640342712
703,44992,44991,sea_abrupt4,sea,ts_drift_adapt,3,"error_divergence_ph_meta@error.threshold=0.10,error.min_instances=5",error_divergence_ph_meta,"{""divergence"": {""alpha"": 0.1, ""delta"": 0.005, ""min_instances"": 30, ""threshold"": 0.05}, ""error_rate"": {""alpha"": 0.15, ""delta"": 0.005, ""min_instances"": 5, ""threshold"": 0.1}}","{""error_rate"": {""min_instances"": 5, ""threshold"": 0.1}}",0.1,0.005,0.15,5,0.05,0.005,0.1,30,,,,-1,two_stage,2,0.5,"__confirm_cooldown=200,divergence=0.3,error_rate=0.5,teacher_entropy=0.2",3,0,200,0.0,0,10000,10.0,25.0,200,500,0,0,1.0,0.881601173541963,0.7142109900498526,0.0,0.1136246770620346,0.006118079647421837,0,0,133,133,-1,weighted,,,0,0,0,0.0,0.010460114106535912,0,0.0,0.0,0.0,0.0,0,none,0,1,0,overconfident,0.95,0,mild_drift,0.9607645288282379,0.0012921796423953813,0.803128142743524,0.8564076655770415,1768042055.061245,0.12237656861543655,0.0582471638917923
704,45056,45055,sea_abrupt4,sea,ts_drift_adapt,3,"error_divergence_ph_meta@error.threshold=0.10,error.min_instances=5",error_divergence_ph_meta,"{""divergence"": {""alpha"": 0.1, ""delta"": 0.005, ""min_instances"": 30, ""threshold"": 0.05}, ""error_rate"": {""alpha"": 0.15, ""delta"": 0.005, ""min_instances"": 5, ""threshold"": 0.1}}","{""error_rate"": {""min_instances"": 5, ""threshold"": 0.1}}",0.1,0.005,0.15,5,0.05,0.005,0.1,30,,,,-1,two_stage,2,0.5,"__confirm_cooldown=200,divergence=0.3,error_rate=0.5,teacher_entropy=0.2",3,0,200,0.0,0,10000,10.0,25.0,200,500,0,0,1.0,0.8817249644886364,0.7146374215768617,0.0,0.11562582850456238,0.020413914695382118,0,0,133,133,-1,weighted,,,0,0,0,0.0,0.014295835047960281,0,0.0,0.0,0.0,0.0,0,none,0,1,0,overconfident,0.95,0,mild_drift,0.960532264414119,0.0012960898211976908,0.801564071371762,0.8557038327885207,1768042055.0732837,0.04244295880198479,0.2123727798461914
705,45120,45119,sea_abrupt4,sea,ts_drift_adapt,3,"error_divergence_ph_meta@error.threshold=0.10,error.min_instances=5",error_divergence_ph_meta,"{""divergence"": {""alpha"": 0.1, ""delta"": 0.005, ""min_instances"": 30, ""threshold"": 0.05}, ""error_rate"": {""alpha"": 0.15, ""delta"": 0.005, ""min_instances"": 5, ""threshold"": 0.1}}","{""error_rate"": {""min_instances"": 5, ""threshold"": 0.1}}",0.1,0.005,0.15,5,0.05,0.005,0.1,30,,,,-1,two_stage,2,0.5,"__confirm_cooldown=200,divergence=0.3,error_rate=0.5,teacher_entropy=0.2",3,0,200,0.0,0,10000,10.0,25.0,200,500,0,0,1.0,0.8816710992907801,0.7144962015580609,0.0,0.21135053038597107,0.02569655142724514,0,0,133,133,-1,weighted,,,0,0,0,0.0,0.005282636731863022,0,0.0,0.0,0.0,0.0,0,none,0,1,0,overconfident,0.95,0,mild_drift,0.9604161322070595,0.0012980449105988454,0.800782035685881,0.8553519163942603,1768042055.0850549,0.01396197360008955,0.2322309911251068
706,45184,45183,sea_abrupt4,sea,ts_drift_adapt,3,"error_divergence_ph_meta@error.threshold=0.10,error.min_instances=5",error_divergence_ph_meta,"{""divergence"": {""alpha"": 0.1, ""delta"": 0.005, ""min_instances"": 30, ""threshold"": 0.05}, ""error_rate"": {""alpha"": 0.15, ""delta"": 0.005, ""min_instances"": 5, ""threshold"": 0.1}}","{""error_rate"": {""min_instances"": 5, ""threshold"": 0.1}}",0.1,0.005,0.15,5,0.05,0.005,0.1,30,,,,-1,two_stage,2,0.5,"__confirm_cooldown=200,divergence=0.3,error_rate=0.5,teacher_entropy=0.2",3,0,200,0.0,0,10000,10.0,25.0,200,500,0,0,1.0,0.8817280453257791,0.714666045200323,0.16666666666666666,0.1734534204006195,0.015971042215824127,1,1,134,134,0,weighted,,,0,0,0,0.0,0.16666666666666666,1,0.5,0.0,0.0,0.0,0,none,1,1,0,overconfident,0.95,0,stable,0.9752080661035297,0.0010490224552994227,0.9003910178429405,0.9001759581971303,1768042055.096866,0.42494451999664307,0.14678022265434265
707,45248,45247,sea_abrupt4,sea,ts_drift_adapt,3,"error_divergence_ph_meta@error.threshold=0.10,error.min_instances=5",error_divergence_ph_meta,"{""divergence"": {""alpha"": 0.1, ""delta"": 0.005, ""min_instances"": 30, ""threshold"": 0.05}, ""error_rate"": {""alpha"": 0.15, ""delta"": 0.005, ""min_instances"": 5, ""threshold"": 0.1}}","{""error_rate"": {""min_instances"": 5, ""threshold"": 0.1}}",0.1,0.005,0.15,5,0.05,0.005,0.1,30,,,,-1,two_stage,2,0.5,"__confirm_cooldown=200,divergence=0.3,error_rate=0.5,teacher_entropy=0.2",3,0,200,0.0,0,10000,10.0,25.0,200,500,1,136,1.0,0.8818732319660537,0.7151246041271826,0.0,0.11439602077007294,0.00716962106525898,0,0,134,134,-1,weighted,,,0,0,0,0.0,0.16666666666666666,0,0.0,0.0,0.0,0.0,0,none,0,1,0,overconfident,0.95,0,mild_drift,0.9677540330517649,0.0011745112276497114,0.8501955089214703,0.8775879790985651,1768042055.108819,0.03217693045735359,0.06540291756391525
708,45312,45311,sea_abrupt4,sea,ts_drift_adapt,3,"error_divergence_ph_meta@error.threshold=0.10,error.min_instances=5",error_divergence_ph_meta,"{""divergence"": {""alpha"": 0.1, ""delta"": 0.005, ""min_instances"": 30, ""threshold"": 0.05}, ""error_rate"": {""alpha"": 0.15, ""delta"": 0.005, ""min_instances"": 5, ""threshold"": 0.1}}","{""error_rate"": {""min_instances"": 5, ""threshold"": 0.1}}",0.1,0.005,0.15,5,0.05,0.005,0.1,30,,,,-1,two_stage,2,0.5,"__confirm_cooldown=200,divergence=0.3,error_rate=0.5,teacher_entropy=0.2",3,0,200,0.0,0,10000,10.0,25.0,200,500,1,72,1.0,0.8819076624293786,0.7152215712533002,0.0,0.14474400877952576,0.02217230014503002,0,0,134,134,-1,weighted,,,0,0,0,0.0,0.015002679079771042,0,0.0,0.0,0.0,0.0,0,none,0,1,0,overconfident,0.95,0,mild_drift,0.9640270165258824,0.0012372556138248558,0.8250977544607352,0.8662939895492825,1768042055.120746,0.14766943454742432,0.19717545807361603
709,45376,45375,sea_abrupt4,sea,ts_drift_adapt,3,"error_divergence_ph_meta@error.threshold=0.10,error.min_instances=5",error_divergence_ph_meta,"{""divergence"": {""alpha"": 0.1, ""delta"": 0.005, ""min_instances"": 30, ""threshold"": 0.05}, ""error_rate"": {""alpha"": 0.15, ""delta"": 0.005, ""min_instances"": 5, ""threshold"": 0.1}}","{""error_rate"": {""min_instances"": 5, ""threshold"": 0.1}}",0.1,0.005,0.15,5,0.05,0.005,0.1,30,,,,-1,two_stage,2,0.5,"__confirm_cooldown=200,divergence=0.3,error_rate=0.5,teacher_entropy=0.2",3,0,200,0.0,0,10000,10.0,25.0,200,500,1,8,1.0,0.8819419957686883,0.7153199308856255,0.0,0.2111525535583496,0.02405082993209362,0,0,134,134,-1,weighted,,,0,0,0,0.0,0.0018785297870635986,0,0.0,0.0,0.0,0.0,0,none,0,1,0,overconfident,0.95,0,mild_drift,0.9621635082629412,0.001268627806912428,0.8125488772303676,0.8606469947746412,1768042055.1327076,0.07303949445486069,0.17443078756332397
710,45440,45439,sea_abrupt4,sea,ts_drift_adapt,3,"error_divergence_ph_meta@error.threshold=0.10,error.min_instances=5",error_divergence_ph_meta,"{""divergence"": {""alpha"": 0.1, ""delta"": 0.005, ""min_instances"": 30, ""threshold"": 0.05}, ""error_rate"": {""alpha"": 0.15, ""delta"": 0.005, ""min_instances"": 5, ""threshold"": 0.1}}","{""error_rate"": {""min_instances"": 5, ""threshold"": 0.1}}",0.1,0.005,0.15,5,0.05,0.005,0.1,30,,,,-1,two_stage,2,0.5,"__confirm_cooldown=200,divergence=0.3,error_rate=0.5,teacher_entropy=0.2",3,0,200,0.0,0,10000,10.0,25.0,200,500,0,0,1.0,0.8819542253521127,0.715352804400161,0.0,0.14322428405284882,0.013742298819124699,0,0,134,134,-1,weighted,,,0,0,0,0.0,0.010308531112968922,0,0.0,0.0,0.0,0.0,0,none,0,1,0,overconfident,0.95,0,mild_drift,0.9612317541314706,0.001284313903456214,0.8062744386151839,0.8578234973873207,1768042055.1469705,0.004161184187978506,0.14669159054756165
711,45504,45503,sea_abrupt4,sea,ts_drift_adapt,3,"error_divergence_ph_meta@error.threshold=0.10,error.min_instances=5",error_divergence_ph_meta,"{""divergence"": {""alpha"": 0.1, ""delta"": 0.005, ""min_instances"": 30, ""threshold"": 0.05}, ""error_rate"": {""alpha"": 0.15, ""delta"": 0.005, ""min_instances"": 5, ""threshold"": 0.1}}","{""error_rate"": {""min_instances"": 5, ""threshold"": 0.1}}",0.1,0.005,0.15,5,0.05,0.005,0.1,30,,,,-1,two_stage,2,0.5,"__confirm_cooldown=200,divergence=0.3,error_rate=0.5,teacher_entropy=0.2",3,0,200,0.0,0,10000,10.0,25.0,200,500,0,0,1.0,0.8820323488045007,0.7155675648733684,0.3333333333333333,0.14149802923202515,0.007900516502559185,1,1,135,135,0,weighted,,,0,0,0,0.16666666666666666,0.3333333333333333,1,0.5,0.0,0.0,0.0,0,none,1,1,0,overconfident,0.95,0,severe_drift,0.9261158770657353,0.001642156951728107,0.6531372193075919,0.8339117486936604,1768042055.161549,0.5203872919082642,0.061804741621017456
712,45568,45567,sea_abrupt4,sea,ts_drift_adapt,3,"error_divergence_ph_meta@error.threshold=0.10,error.min_instances=5",error_divergence_ph_meta,"{""divergence"": {""alpha"": 0.1, ""delta"": 0.005, ""min_instances"": 30, ""threshold"": 0.05}, ""error_rate"": {""alpha"": 0.15, ""delta"": 0.005, ""min_instances"": 5, ""threshold"": 0.1}}","{""error_rate"": {""min_instances"": 5, ""threshold"": 0.1}}",0.1,0.005,0.15,5,0.05,0.005,0.1,30,,,,-1,two_stage,2,0.5,"__confirm_cooldown=200,divergence=0.3,error_rate=0.5,teacher_entropy=0.2",3,0,200,0.0,0,10000,10.0,25.0,200,500,1,136,1.0,0.8821321980337079,0.715791568658238,0.0,0.13625866174697876,0.013905485160648823,0,0,135,135,-1,weighted,,,0,0,0,0.0,0.3333333333333333,0,0.0,0.0,0.0,0.0,0,none,0,1,0,overconfident,0.95,0,mild_drift,0.9432079385328676,0.0014710784758640537,0.726568609653796,0.8444558743468302,1768042055.1753187,0.061466019600629807,0.11406828463077545
713,45632,45631,sea_abrupt4,sea,ts_drift_adapt,3,"error_divergence_ph_meta@error.threshold=0.10,error.min_instances=5",error_divergence_ph_meta,"{""divergence"": {""alpha"": 0.1, ""delta"": 0.005, ""min_instances"": 30, ""threshold"": 0.05}, ""error_rate"": {""alpha"": 0.15, ""delta"": 0.005, ""min_instances"": 5, ""threshold"": 0.1}}","{""error_rate"": {""min_instances"": 5, ""threshold"": 0.1}}",0.1,0.005,0.15,5,0.05,0.005,0.1,30,,,,-1,two_stage,2,0.5,"__confirm_cooldown=200,divergence=0.3,error_rate=0.5,teacher_entropy=0.2",3,0,200,0.0,0,10000,10.0,25.0,200,500,1,72,1.0,0.8822098527349228,0.7159958661136759,0.0,0.16119448840618134,0.012408772483468056,0,0,135,135,-1,weighted,,,0,0,0,0.0,0.001496712677180767,0,0.0,0.0,0.0,0.0,0,none,0,1,0,overconfident,0.95,0,mild_drift,0.9517539692664337,0.0013855392379320268,0.763284304826898,0.8497279371734151,1768042055.186634,0.08789242058992386,0.11831269413232803
714,45696,45695,sea_abrupt4,sea,ts_drift_adapt,3,"error_divergence_ph_meta@error.threshold=0.10,error.min_instances=5",error_divergence_ph_meta,"{""divergence"": {""alpha"": 0.1, ""delta"": 0.005, ""min_instances"": 30, ""threshold"": 0.05}, ""error_rate"": {""alpha"": 0.15, ""delta"": 0.005, ""min_instances"": 5, ""threshold"": 0.1}}","{""error_rate"": {""min_instances"": 5, ""threshold"": 0.1}}",0.1,0.005,0.15,5,0.05,0.005,0.1,30,,,,-1,two_stage,2,0.5,"__confirm_cooldown=200,divergence=0.3,error_rate=0.5,teacher_entropy=0.2",3,0,200,0.0,0,10000,10.0,25.0,200,500,1,8,1.0,0.8822872899159664,0.7161979170606778,0.0,0.18090973794460297,0.017379898577928543,0,0,135,135,-1,weighted,,,0,0,0,0.0,0.004971126094460487,0,0.0,0.0,0.0,0.0,0,none,0,1,0,overconfident,0.95,0,mild_drift,0.9560269846332168,0.0013427696189660136,0.781642152413449,0.8523639685867075,1768042055.1983051,0.03344706818461418,0.1269174963235855
715,45760,45759,sea_abrupt4,sea,ts_drift_adapt,3,"error_divergence_ph_meta@error.threshold=0.10,error.min_instances=5",error_divergence_ph_meta,"{""divergence"": {""alpha"": 0.1, ""delta"": 0.005, ""min_instances"": 30, ""threshold"": 0.05}, ""error_rate"": {""alpha"": 0.15, ""delta"": 0.005, ""min_instances"": 5, ""threshold"": 0.1}}","{""error_rate"": {""min_instances"": 5, ""threshold"": 0.1}}",0.1,0.005,0.15,5,0.05,0.005,0.1,30,,,,-1,two_stage,2,0.5,"__confirm_cooldown=200,divergence=0.3,error_rate=0.5,teacher_entropy=0.2",3,0,200,0.0,0,10000,10.0,25.0,200,500,0,0,1.0,0.8823426573426574,0.7163910665416413,0.0,0.1691993623971939,0.018966399133205414,0,0,135,135,-1,weighted,,,0,0,0,0.0,0.0015865005552768707,0,0.0,0.0,0.0,0.0,0,none,0,1,0,overconfident,0.95,0,mild_drift,0.9581634923166084,0.0013213848094830068,0.7908210762067245,0.8536819842933537,1768042055.209384,0.021443471312522888,0.17867633700370789
716,45824,45823,sea_abrupt4,sea,ts_drift_adapt,3,"error_divergence_ph_meta@error.threshold=0.10,error.min_instances=5",error_divergence_ph_meta,"{""divergence"": {""alpha"": 0.1, ""delta"": 0.005, ""min_instances"": 30, ""threshold"": 0.05}, ""error_rate"": {""alpha"": 0.15, ""delta"": 0.005, ""min_instances"": 5, ""threshold"": 0.1}}","{""error_rate"": {""min_instances"": 5, ""threshold"": 0.1}}",0.1,0.005,0.15,5,0.05,0.005,0.1,30,,,,-1,two_stage,2,0.5,"__confirm_cooldown=200,divergence=0.3,error_rate=0.5,teacher_entropy=0.2",3,0,200,0.0,0,10000,10.0,25.0,200,500,0,0,1.0,0.8824196927374302,0.7166679730097665,0.0,0.1628645658493042,0.011659286916255951,0,0,135,135,-1,weighted,,,0,0,0,0.0,0.007307112216949463,0,0.0,0.0,0.0,0.0,0,none,0,1,0,overconfident,0.95,0,mild_drift,0.9592317461583042,0.0013106924047415034,0.7954105381033623,0.8543409921466769,1768042055.220984,0.008226054720580578,0.08298590779304504
717,45888,45887,sea_abrupt4,sea,ts_drift_adapt,3,"error_divergence_ph_meta@error.threshold=0.10,error.min_instances=5",error_divergence_ph_meta,"{""divergence"": {""alpha"": 0.1, ""delta"": 0.005, ""min_instances"": 30, ""threshold"": 0.05}, ""error_rate"": {""alpha"": 0.15, ""delta"": 0.005, ""min_instances"": 5, ""threshold"": 0.1}}","{""error_rate"": {""min_instances"": 5, ""threshold"": 0.1}}",0.1,0.005,0.15,5,0.05,0.005,0.1,30,,,,-1,two_stage,2,0.5,"__confirm_cooldown=200,divergence=0.3,error_rate=0.5,teacher_entropy=0.2",3,0,200,0.0,0,10000,10.0,25.0,200,500,0,0,1.0,0.8824311366806137,0.7167579221295444,0.0,0.18401502072811127,0.014191385358572006,0,0,135,135,-1,weighted,,,0,0,0,0.0,0.0025320984423160553,0,0.0,0.0,0.0,0.0,0,none,0,1,0,overconfident,0.95,0,mild_drift,0.9597658730791521,0.0013053462023707519,0.7977052690516812,0.8546704960733384,1768042055.232543,0.0549628771841526,0.11596231162548065
718,45952,45951,sea_abrupt4,sea,ts_drift_adapt,3,"error_divergence_ph_meta@error.threshold=0.10,error.min_instances=5",error_divergence_ph_meta,"{""divergence"": {""alpha"": 0.1, ""delta"": 0.005, ""min_instances"": 30, ""threshold"": 0.05}, ""error_rate"": {""alpha"": 0.15, ""delta"": 0.005, ""min_instances"": 5, ""threshold"": 0.1}}","{""error_rate"": {""min_instances"": 5, ""threshold"": 0.1}}",0.1,0.005,0.15,5,0.05,0.005,0.1,30,,,,-1,two_stage,2,0.5,"__confirm_cooldown=200,divergence=0.3,error_rate=0.5,teacher_entropy=0.2",3,0,200,0.0,0,10000,10.0,25.0,200,500,0,0,1.0,0.8825078342618384,0.716957552270549,0.0,0.17750284075737,0.01516812201589346,0,0,135,135,-1,weighted,,,0,0,0,0.0,0.000976736657321453,0,0.0,0.0,0.0,0.0,0,none,0,1,0,overconfident,0.95,0,mild_drift,0.960032936539576,0.001302673101185376,0.7988526345258407,0.8548352480366692,1768042055.2445667,0.07302585989236832,0.11749367415904999
719,46016,46015,sea_abrupt4,sea,ts_drift_adapt,3,"error_divergence_ph_meta@error.threshold=0.10,error.min_instances=5",error_divergence_ph_meta,"{""divergence"": {""alpha"": 0.1, ""delta"": 0.005, ""min_instances"": 30, ""threshold"": 0.05}, ""error_rate"": {""alpha"": 0.15, ""delta"": 0.005, ""min_instances"": 5, ""threshold"": 0.1}}","{""error_rate"": {""min_instances"": 5, ""threshold"": 0.1}}",0.1,0.005,0.15,5,0.05,0.005,0.1,30,,,,-1,two_stage,2,0.5,"__confirm_cooldown=200,divergence=0.3,error_rate=0.5,teacher_entropy=0.2",3,0,200,0.0,0,10000,10.0,25.0,200,500,0,0,1.0,0.8826495132127955,0.7172820758610545,0.0,0.08609222620725632,0.002822660142555833,0,0,135,135,-1,weighted,,,0,0,0,0.0,0.012345461873337626,0,0.0,0.0,0.0,0.0,0,none,0,1,0,overconfident,0.95,0,mild_drift,0.9601664682697879,0.001301336550592688,0.7994263172629203,0.8549176240183346,1768042055.2563698,0.013487963937222958,0.031772468239068985
720,46080,46079,sea_abrupt4,sea,ts_drift_adapt,3,"error_divergence_ph_meta@error.threshold=0.10,error.min_instances=5",error_divergence_ph_meta,"{""divergence"": {""alpha"": 0.1, ""delta"": 0.005, ""min_instances"": 30, ""threshold"": 0.05}, ""error_rate"": {""alpha"": 0.15, ""delta"": 0.005, ""min_instances"": 5, ""threshold"": 0.1}}","{""error_rate"": {""min_instances"": 5, ""threshold"": 0.1}}",0.1,0.005,0.15,5,0.05,0.005,0.1,30,,,,-1,two_stage,2,0.5,"__confirm_cooldown=200,divergence=0.3,error_rate=0.5,teacher_entropy=0.2",3,0,200,0.0,0,10000,10.0,25.0,200,500,0,0,1.0,0.8827473958333333,0.7175380064118776,0.16666666666666666,0.1288999766111374,0.005225656554102898,1,1,136,136,0,weighted,,,0,0,0,0.16666666666666666,0.16666666666666666,1,0.5,0.0,0.0,0.0,0,none,1,1,0,overconfident,0.95,0,severe_drift,0.925583234134894,0.001650668275296344,0.6497131586314602,0.8324588120091674,1768042055.2676091,0.15853527188301086,0.04920181259512901
721,46144,46143,sea_abrupt4,sea,ts_drift_adapt,3,"error_divergence_ph_meta@error.threshold=0.10,error.min_instances=5",error_divergence_ph_meta,"{""divergence"": {""alpha"": 0.1, ""delta"": 0.005, ""min_instances"": 30, ""threshold"": 0.05}, ""error_rate"": {""alpha"": 0.15, ""delta"": 0.005, ""min_instances"": 5, ""threshold"": 0.1}}","{""error_rate"": {""min_instances"": 5, ""threshold"": 0.1}}",0.1,0.005,0.15,5,0.05,0.005,0.1,30,,,,-1,two_stage,2,0.5,"__confirm_cooldown=200,divergence=0.3,error_rate=0.5,teacher_entropy=0.2",3,0,200,0.0,0,10000,10.0,25.0,200,500,1,136,1.0,0.8829100208044383,0.7178326143209419,0.0,0.09492886811494827,0.004409502260386944,0,0,136,136,-1,weighted,,,0,0,0,0.0,0.16666666666666666,0,0.0,0.0,0.0,0.0,0,none,0,1,0,overconfident,0.95,0,mild_drift,0.942941617067447,0.001475334137648172,0.7248565793157301,0.8437294060045837,1768042055.2792575,0.005781190004199743,0.045218344777822495
722,46208,46207,sea_abrupt4,sea,ts_drift_adapt,3,"error_divergence_ph_meta@error.threshold=0.10,error.min_instances=5",error_divergence_ph_meta,"{""divergence"": {""alpha"": 0.1, ""delta"": 0.005, ""min_instances"": 30, ""threshold"": 0.05}, ""error_rate"": {""alpha"": 0.15, ""delta"": 0.005, ""min_instances"": 5, ""threshold"": 0.1}}","{""error_rate"": {""min_instances"": 5, ""threshold"": 0.1}}",0.1,0.005,0.15,5,0.05,0.005,0.1,30,,,,-1,two_stage,2,0.5,"__confirm_cooldown=200,divergence=0.3,error_rate=0.5,teacher_entropy=0.2",3,0,200,0.0,0,10000,10.0,25.0,200,500,1,72,1.0,0.8829639889196675,0.7179828259253713,0.0,0.1802762746810913,0.01532379724085331,0,0,136,136,-1,weighted,,,0,0,0,0.0,0.010914294980466366,0,0.0,0.0,0.0,0.0,0,none,0,1,0,overconfident,0.95,0,mild_drift,0.9516208085337234,0.0013876670688240862,0.7624282896578651,0.8493647030022918,1768042055.2914553,0.03325847163796425,0.11483381688594818
723,46272,46271,sea_abrupt4,sea,ts_drift_adapt,3,"error_divergence_ph_meta@error.threshold=0.10,error.min_instances=5",error_divergence_ph_meta,"{""divergence"": {""alpha"": 0.1, ""delta"": 0.005, ""min_instances"": 30, ""threshold"": 0.05}, ""error_rate"": {""alpha"": 0.15, ""delta"": 0.005, ""min_instances"": 5, ""threshold"": 0.1}}","{""error_rate"": {""min_instances"": 5, ""threshold"": 0.1}}",0.1,0.005,0.15,5,0.05,0.005,0.1,30,,,,-1,two_stage,2,0.5,"__confirm_cooldown=200,divergence=0.3,error_rate=0.5,teacher_entropy=0.2",3,0,200,0.0,0,10000,10.0,25.0,200,500,1,8,1.0,0.8829529737206085,0.717899352398012,0.0,0.1671256721019745,0.01625092141330242,0,0,136,136,-1,weighted,,,0,0,0,0.0,0.0009271241724491119,0,0.0,0.0,0.0,0.0,0,none,0,1,0,overconfident,0.95,0,mild_drift,0.9559604042668617,0.0013438335344120433,0.7812141448289326,0.852182351501146,1768042055.3032153,0.01763332076370716,0.16041982173919678
724,46336,46335,sea_abrupt4,sea,ts_drift_adapt,3,"error_divergence_ph_meta@error.threshold=0.10,error.min_instances=5",error_divergence_ph_meta,"{""divergence"": {""alpha"": 0.1, ""delta"": 0.005, ""min_instances"": 30, ""threshold"": 0.05}, ""error_rate"": {""alpha"": 0.15, ""delta"": 0.005, ""min_instances"": 5, ""threshold"": 0.1}}","{""error_rate"": {""min_instances"": 5, ""threshold"": 0.1}}",0.1,0.005,0.15,5,0.05,0.005,0.1,30,,,,-1,two_stage,2,0.5,"__confirm_cooldown=200,divergence=0.3,error_rate=0.5,teacher_entropy=0.2",3,0,200,0.0,0,10000,10.0,25.0,200,500,0,0,1.0,0.8828988259668509,0.7177779481208576,0.0,0.18914781510829926,0.021549224853515625,0,0,136,136,-1,weighted,,,0,0,0,0.0,0.005298303440213203,0,0.0,0.0,0.0,0.0,0,none,0,1,0,overconfident,0.95,0,mild_drift,0.9581302021334308,0.0013219167672060216,0.7906070724144663,0.853591175750573,1768042055.3146517,0.036139536648988724,0.1474720537662506
725,46400,46399,sea_abrupt4,sea,ts_drift_adapt,3,"error_divergence_ph_meta@error.threshold=0.10,error.min_instances=5",error_divergence_ph_meta,"{""divergence"": {""alpha"": 0.1, ""delta"": 0.005, ""min_instances"": 30, ""threshold"": 0.05}, ""error_rate"": {""alpha"": 0.15, ""delta"": 0.005, ""min_instances"": 5, ""threshold"": 0.1}}","{""error_rate"": {""min_instances"": 5, ""threshold"": 0.1}}",0.1,0.005,0.15,5,0.05,0.005,0.1,30,,,,-1,two_stage,2,0.5,"__confirm_cooldown=200,divergence=0.3,error_rate=0.5,teacher_entropy=0.2",3,0,200,0.0,0,10000,10.0,25.0,200,500,0,0,1.0,0.8830172413793104,0.7180415934862902,0.0,0.14011743664741516,0.015466301701962948,0,0,136,136,-1,weighted,,,0,0,0,0.0,0.006082923151552677,0,0.0,0.0,0.0,0.0,0,none,0,1,0,overconfident,0.95,0,mild_drift,0.9592151010667154,0.001310958383603011,0.7953035362072332,0.8542955878752865,1768042055.326472,0.014514465816318989,0.17434604465961456
726,46464,46463,sea_abrupt4,sea,ts_drift_adapt,3,"error_divergence_ph_meta@error.threshold=0.10,error.min_instances=5",error_divergence_ph_meta,"{""divergence"": {""alpha"": 0.1, ""delta"": 0.005, ""min_instances"": 30, ""threshold"": 0.05}, ""error_rate"": {""alpha"": 0.15, ""delta"": 0.005, ""min_instances"": 5, ""threshold"": 0.1}}","{""error_rate"": {""min_instances"": 5, ""threshold"": 0.1}}",0.1,0.005,0.15,5,0.05,0.005,0.1,30,,,,-1,two_stage,2,0.5,"__confirm_cooldown=200,divergence=0.3,error_rate=0.5,teacher_entropy=0.2",3,0,200,0.0,0,10000,10.0,25.0,200,500,0,0,1.0,0.8830277203856749,0.7180430907050454,0.16666666666666666,0.1656060814857483,0.009800519794225693,1,1,137,137,0,weighted,,,0,0,0,0.0,0.16666666666666666,1,0.5,0.0,0.0,0.0,0,none,1,1,0,overconfident,0.95,0,stable,0.9746075505333577,0.0010554791918015055,0.8976517681036166,0.8996477939376433,1768042055.3383353,0.5359011292457581,0.06553991138935089
727,46528,46527,sea_abrupt4,sea,ts_drift_adapt,3,"error_divergence_ph_meta@error.threshold=0.10,error.min_instances=5",error_divergence_ph_meta,"{""divergence"": {""alpha"": 0.1, ""delta"": 0.005, ""min_instances"": 30, ""threshold"": 0.05}, ""error_rate"": {""alpha"": 0.15, ""delta"": 0.005, ""min_instances"": 5, ""threshold"": 0.1}}","{""error_rate"": {""min_instances"": 5, ""threshold"": 0.1}}",0.1,0.005,0.15,5,0.05,0.005,0.1,30,,,,-1,two_stage,2,0.5,"__confirm_cooldown=200,divergence=0.3,error_rate=0.5,teacher_entropy=0.2",3,0,200,0.0,0,10000,10.0,25.0,200,500,1,136,1.0,0.8831026478679505,0.718240147531275,0.16666666666666666,0.1544194519519806,0.011980552226305008,0,0,137,137,-1,weighted,,,0,0,0,0.0,0.002180032432079315,0,0.0,0.0,0.0,0.0,0,none,0,1,0,overconfident,0.95,0,mild_drift,0.9674537752666788,0.001177739595900753,0.8488258840518084,0.8773238969688216,1768042055.3500826,0.2610054314136505,0.09139170497655869
728,46592,46591,sea_abrupt4,sea,ts_drift_adapt,3,"error_divergence_ph_meta@error.threshold=0.10,error.min_instances=5",error_divergence_ph_meta,"{""divergence"": {""alpha"": 0.1, ""delta"": 0.005, ""min_instances"": 30, ""threshold"": 0.05}, ""error_rate"": {""alpha"": 0.15, ""delta"": 0.005, ""min_instances"": 5, ""threshold"": 0.1}}","{""error_rate"": {""min_instances"": 5, ""threshold"": 0.1}}",0.1,0.005,0.15,5,0.05,0.005,0.1,30,,,,-1,two_stage,2,0.5,"__confirm_cooldown=200,divergence=0.3,error_rate=0.5,teacher_entropy=0.2",3,0,200,0.0,0,10000,10.0,25.0,200,500,1,72,1.0,0.8831559065934066,0.7183796468690697,0.16666666666666666,0.1488812118768692,0.015803195536136627,0,0,137,137,-1,weighted,,,0,0,0,0.0,0.0038226433098316193,0,0.0,0.0,0.0,0.0,0,none,0,1,0,overconfident,0.95,0,mild_drift,0.9638768876333393,0.0012388697979503764,0.8244129420259042,0.8661619484844107,1768042055.3640165,0.15583722293376923,0.11246731877326965
729,46656,46655,sea_abrupt4,sea,ts_drift_adapt,3,"error_divergence_ph_meta@error.threshold=0.10,error.min_instances=5",error_divergence_ph_meta,"{""divergence"": {""alpha"": 0.1, ""delta"": 0.005, ""min_instances"": 30, ""threshold"": 0.05}, ""error_rate"": {""alpha"": 0.15, ""delta"": 0.005, ""min_instances"": 5, ""threshold"": 0.1}}","{""error_rate"": {""min_instances"": 5, ""threshold"": 0.1}}",0.1,0.005,0.15,5,0.05,0.005,0.1,30,,,,-1,two_stage,2,0.5,"__confirm_cooldown=200,divergence=0.3,error_rate=0.5,teacher_entropy=0.2",3,0,200,0.0,0,10000,10.0,25.0,200,500,1,8,1.0,0.8832304526748971,0.7186119477799108,0.16666666666666666,0.1678219437599182,0.013318588025867939,0,0,137,137,-1,weighted,,,0,0,0,0.0,0.002484607510268688,0,0.0,0.0,0.0,0.0,0,none,0,1,0,overconfident,0.95,0,mild_drift,0.9620884438166697,0.0012694348989751884,0.8122064710129522,0.8605809742422054,1768042055.378457,0.27105411887168884,0.09802530705928802
730,46720,46719,sea_abrupt4,sea,ts_drift_adapt,3,"error_divergence_ph_meta@error.threshold=0.10,error.min_instances=5",error_divergence_ph_meta,"{""divergence"": {""alpha"": 0.1, ""delta"": 0.005, ""min_instances"": 30, ""threshold"": 0.05}, ""error_rate"": {""alpha"": 0.15, ""delta"": 0.005, ""min_instances"": 5, ""threshold"": 0.1}}","{""error_rate"": {""min_instances"": 5, ""threshold"": 0.1}}",0.1,0.005,0.15,5,0.05,0.005,0.1,30,,,,-1,two_stage,2,0.5,"__confirm_cooldown=200,divergence=0.3,error_rate=0.5,teacher_entropy=0.2",3,0,200,0.0,0,10000,10.0,25.0,200,500,0,0,1.0,0.8832405821917808,0.7186578256523061,0.16666666666666666,0.1588008999824524,0.01287173293530941,0,0,137,137,-1,weighted,,,0,0,0,0.0,0.0004468550905585289,0,0.0,0.0,0.0,0.0,0,none,0,1,0,overconfident,0.95,0,mild_drift,0.9611942219083348,0.0012847174494875942,0.8061032355064761,0.8577904871211026,1768042055.3927307,0.27543607354164124,0.0923202633857727
731,46784,46783,sea_abrupt4,sea,ts_drift_adapt,3,"error_divergence_ph_meta@error.threshold=0.10,error.min_instances=5",error_divergence_ph_meta,"{""divergence"": {""alpha"": 0.1, ""delta"": 0.005, ""min_instances"": 30, ""threshold"": 0.05}, ""error_rate"": {""alpha"": 0.15, ""delta"": 0.005, ""min_instances"": 5, ""threshold"": 0.1}}","{""error_rate"": {""min_instances"": 5, ""threshold"": 0.1}}",0.1,0.005,0.15,5,0.05,0.005,0.1,30,,,,-1,two_stage,2,0.5,"__confirm_cooldown=200,divergence=0.3,error_rate=0.5,teacher_entropy=0.2",3,0,200,0.0,0,10000,10.0,25.0,200,500,0,0,1.0,0.8832720588235294,0.7187330131973619,0.0,0.1467735916376114,0.020130949094891548,1,1,138,138,0,weighted,,,0,0,0,0.16666666666666666,0.16666666666666666,1,0.5,0.0,0.0,0.0,0,none,1,1,0,overconfident,0.95,0,severe_drift,0.9260971109541674,0.001642358724743797,0.6530516177532381,0.8338952435605513,1768042055.4044757,0.09779421240091324,0.1624789834022522
732,46848,46847,sea_abrupt4,sea,ts_drift_adapt,3,"error_divergence_ph_meta@error.threshold=0.10,error.min_instances=5",error_divergence_ph_meta,"{""divergence"": {""alpha"": 0.1, ""delta"": 0.005, ""min_instances"": 30, ""threshold"": 0.05}, ""error_rate"": {""alpha"": 0.15, ""delta"": 0.005, ""min_instances"": 5, ""threshold"": 0.1}}","{""error_rate"": {""min_instances"": 5, ""threshold"": 0.1}}",0.1,0.005,0.15,5,0.05,0.005,0.1,30,,,,-1,two_stage,2,0.5,"__confirm_cooldown=200,divergence=0.3,error_rate=0.5,teacher_entropy=0.2",3,0,200,0.0,0,10000,10.0,25.0,200,500,1,136,1.0,0.8833888319672131,0.7190393663519599,0.0,0.13278457522392273,0.027408238500356674,0,0,138,138,-1,weighted,,,0,0,0,0.0,0.007277289405465126,0,0.0,0.0,0.0,0.0,0,none,0,1,0,overconfident,0.95,0,mild_drift,0.9431985554770836,0.0014711793623718985,0.7265258088766191,0.8444476217802757,1768042055.4163618,0.03812199831008911,0.19698002934455872
733,46912,46911,sea_abrupt4,sea,ts_drift_adapt,3,"error_divergence_ph_meta@error.threshold=0.10,error.min_instances=5",error_divergence_ph_meta,"{""divergence"": {""alpha"": 0.1, ""delta"": 0.005, ""min_instances"": 30, ""threshold"": 0.05}, ""error_rate"": {""alpha"": 0.15, ""delta"": 0.005, ""min_instances"": 5, ""threshold"": 0.1}}","{""error_rate"": {""min_instances"": 5, ""threshold"": 0.1}}",0.1,0.005,0.15,5,0.05,0.005,0.1,30,,,,-1,two_stage,2,0.5,"__confirm_cooldown=200,divergence=0.3,error_rate=0.5,teacher_entropy=0.2",3,0,200,0.0,0,10000,10.0,25.0,200,500,1,72,1.0,0.8834413369713506,0.7192886585329455,0.16666666666666666,0.17948441207408905,0.030979858711361885,0,0,138,138,-1,weighted,,,0,0,0,0.0,0.16666666666666666,0,0.0,0.0,0.0,0.0,0,none,0,1,0,overconfident,0.95,0,mild_drift,0.9517492777385418,0.0013855896811859492,0.7632629044383096,0.8497238108901378,1768042055.4281106,0.3528369963169098,0.2581913471221924
734,46976,46975,sea_abrupt4,sea,ts_drift_adapt,3,"error_divergence_ph_meta@error.threshold=0.10,error.min_instances=5",error_divergence_ph_meta,"{""divergence"": {""alpha"": 0.1, ""delta"": 0.005, ""min_instances"": 30, ""threshold"": 0.05}, ""error_rate"": {""alpha"": 0.15, ""delta"": 0.005, ""min_instances"": 5, ""threshold"": 0.1}}","{""error_rate"": {""min_instances"": 5, ""threshold"": 0.1}}",0.1,0.005,0.15,5,0.05,0.005,0.1,30,,,,-1,two_stage,2,0.5,"__confirm_cooldown=200,divergence=0.3,error_rate=0.5,teacher_entropy=0.2",3,0,200,0.0,0,10000,10.0,25.0,200,500,1,8,1.0,0.8835575613079019,0.7195916181649742,0.16666666666666666,0.17622479796409607,0.01784355193376541,0,0,138,138,-1,weighted,,,0,0,0,0.0,0.013136306777596474,0,0.0,0.0,0.0,0.0,0,none,0,1,0,overconfident,0.95,0,mild_drift,0.9560246388692708,0.0013427948405929746,0.7816314522191548,0.8523619054450688,1768042055.4396677,0.3973183333873749,0.13036403059959412
735,47040,47039,sea_abrupt4,sea,ts_drift_adapt,3,"error_divergence_ph_meta@error.threshold=0.10,error.min_instances=5",error_divergence_ph_meta,"{""divergence"": {""alpha"": 0.1, ""delta"": 0.005, ""min_instances"": 30, ""threshold"": 0.05}, ""error_rate"": {""alpha"": 0.15, ""delta"": 0.005, ""min_instances"": 5, ""threshold"": 0.1}}","{""error_rate"": {""min_instances"": 5, ""threshold"": 0.1}}",0.1,0.005,0.15,5,0.05,0.005,0.1,30,,,,-1,two_stage,2,0.5,"__confirm_cooldown=200,divergence=0.3,error_rate=0.5,teacher_entropy=0.2",3,0,200,0.0,0,10000,10.0,25.0,200,500,0,0,1.0,0.8836309523809524,0.7197436694620731,0.16666666666666666,0.14326387643814087,0.014547633938491344,0,0,138,138,-1,weighted,,,0,0,0,0.0,0.003295917995274067,0,0.0,0.0,0.0,0.0,0,none,0,1,0,overconfident,0.95,0,mild_drift,0.9581623194346354,0.0013213974202964875,0.7908157261095774,0.8536809527225344,1768042055.4514313,0.14641307294368744,0.10489397495985031
736,47104,47103,sea_abrupt4,sea,ts_drift_adapt,3,"error_divergence_ph_meta@error.threshold=0.10,error.min_instances=5",error_divergence_ph_meta,"{""divergence"": {""alpha"": 0.1, ""delta"": 0.005, ""min_instances"": 30, ""threshold"": 0.05}, ""error_rate"": {""alpha"": 0.15, ""delta"": 0.005, ""min_instances"": 5, ""threshold"": 0.1}}","{""error_rate"": {""min_instances"": 5, ""threshold"": 0.1}}",0.1,0.005,0.15,5,0.05,0.005,0.1,30,,,,-1,two_stage,2,0.5,"__confirm_cooldown=200,divergence=0.3,error_rate=0.5,teacher_entropy=0.2",3,0,200,0.0,0,10000,10.0,25.0,200,500,0,0,1.0,0.883682914402174,0.7198731773948179,0.0,0.16868215799331665,0.007560927886515856,1,1,139,139,0,weighted,,,0,0,0,0.0,0.16666666666666666,1,0.5,0.0,0.0,0.0,0,none,1,1,0,overconfident,0.95,0,stable,0.9740811597173177,0.0010606987101482437,0.8954078630547887,0.8993404763612672,1768042055.4630506,0.09519118070602417,0.07584783434867859
737,47168,47167,sea_abrupt4,sea,ts_drift_adapt,3,"error_divergence_ph_meta@error.threshold=0.10,error.min_instances=5",error_divergence_ph_meta,"{""divergence"": {""alpha"": 0.1, ""delta"": 0.005, ""min_instances"": 30, ""threshold"": 0.05}, ""error_rate"": {""alpha"": 0.15, ""delta"": 0.005, ""min_instances"": 5, ""threshold"": 0.1}}","{""error_rate"": {""min_instances"": 5, ""threshold"": 0.1}}",0.1,0.005,0.15,5,0.05,0.005,0.1,30,,,,-1,two_stage,2,0.5,"__confirm_cooldown=200,divergence=0.3,error_rate=0.5,teacher_entropy=0.2",3,0,200,0.0,0,10000,10.0,25.0,200,500,1,136,1.0,0.8837983378561737,0.7201890455332662,0.0,0.22267204523086548,0.02312236651778221,0,0,139,139,-1,weighted,,,0,0,0,0.0,0.015561438631266356,0,0.0,0.0,0.0,0.0,0,none,0,1,0,overconfident,0.95,0,mild_drift,0.9671905798586589,0.0011803493550741218,0.8477039315273944,0.8771702381806337,1768042055.4747465,0.011012309230864048,0.1681508719921112
738,47232,47231,sea_abrupt4,sea,ts_drift_adapt,3,"error_divergence_ph_meta@error.threshold=0.10,error.min_instances=5",error_divergence_ph_meta,"{""divergence"": {""alpha"": 0.1, ""delta"": 0.005, ""min_instances"": 30, ""threshold"": 0.05}, ""error_rate"": {""alpha"": 0.15, ""delta"": 0.005, ""min_instances"": 5, ""threshold"": 0.1}}","{""error_rate"": {""min_instances"": 5, ""threshold"": 0.1}}",0.1,0.005,0.15,5,0.05,0.005,0.1,30,,,,-1,two_stage,2,0.5,"__confirm_cooldown=200,divergence=0.3,error_rate=0.5,teacher_entropy=0.2",3,0,200,0.0,0,10000,10.0,25.0,200,500,1,72,1.0,0.8838922764227642,0.7203531366558465,0.0,0.15756143629550934,0.010782168246805668,0,0,139,139,-1,weighted,,,0,0,0,0.0,0.012340198270976543,0,0.0,0.0,0.0,0.0,0,none,0,1,0,overconfident,0.95,0,mild_drift,0.9637452899293294,0.0012401746775370609,0.8238519657636972,0.8660851190903168,1768042055.486445,0.02323800139129162,0.08249376714229584
739,47296,47295,sea_abrupt4,sea,ts_drift_adapt,3,"error_divergence_ph_meta@error.threshold=0.10,error.min_instances=5",error_divergence_ph_meta,"{""divergence"": {""alpha"": 0.1, ""delta"": 0.005, ""min_instances"": 30, ""threshold"": 0.05}, ""error_rate"": {""alpha"": 0.15, ""delta"": 0.005, ""min_instances"": 5, ""threshold"": 0.1}}","{""error_rate"": {""min_instances"": 5, ""threshold"": 0.1}}",0.1,0.005,0.15,5,0.05,0.005,0.1,30,,,,-1,two_stage,2,0.5,"__confirm_cooldown=200,divergence=0.3,error_rate=0.5,teacher_entropy=0.2",3,0,200,0.0,0,10000,10.0,25.0,200,500,1,8,1.0,0.8839859607577808,0.720611418083253,0.16666666666666666,0.126148521900177,0.01568807289004326,0,0,139,139,-1,weighted,,,0,0,0,0.0,0.16666666666666666,0,0.0,0.0,0.0,0.0,0,none,0,1,0,overconfident,0.95,0,mild_drift,0.9620226449646647,0.0012700873387685306,0.8119259828818486,0.8605425595451583,1768042055.497963,0.4366796314716339,0.10888303071260452
740,47360,47359,sea_abrupt4,sea,ts_drift_adapt,3,"error_divergence_ph_meta@error.threshold=0.10,error.min_instances=5",error_divergence_ph_meta,"{""divergence"": {""alpha"": 0.1, ""delta"": 0.005, ""min_instances"": 30, ""threshold"": 0.05}, ""error_rate"": {""alpha"": 0.15, ""delta"": 0.005, ""min_instances"": 5, ""threshold"": 0.1}}","{""error_rate"": {""min_instances"": 5, ""threshold"": 0.1}}",0.1,0.005,0.15,5,0.05,0.005,0.1,30,,,,-1,two_stage,2,0.5,"__confirm_cooldown=200,divergence=0.3,error_rate=0.5,teacher_entropy=0.2",3,0,200,0.0,0,10000,10.0,25.0,200,500,0,0,1.0,0.884058277027027,0.7207422029504684,0.16666666666666666,0.134554922580719,0.017974987626075745,0,0,139,139,-1,weighted,,,0,0,0,0.0,0.002286914736032486,0,0.0,0.0,0.0,0.0,0,none,0,1,0,overconfident,0.95,0,mild_drift,0.9611613224823323,0.0012850436693842655,0.8059629914409243,0.8577712797725792,1768042055.509626,0.2882688343524933,0.14296787977218628
741,47424,47423,sea_abrupt4,sea,ts_drift_adapt,3,"error_divergence_ph_meta@error.threshold=0.10,error.min_instances=5",error_divergence_ph_meta,"{""divergence"": {""alpha"": 0.1, ""delta"": 0.005, ""min_instances"": 30, ""threshold"": 0.05}, ""error_rate"": {""alpha"": 0.15, ""delta"": 0.005, ""min_instances"": 5, ""threshold"": 0.1}}","{""error_rate"": {""min_instances"": 5, ""threshold"": 0.1}}",0.1,0.005,0.15,5,0.05,0.005,0.1,30,,,,-1,two_stage,2,0.5,"__confirm_cooldown=200,divergence=0.3,error_rate=0.5,teacher_entropy=0.2",3,0,200,0.0,0,10000,10.0,25.0,200,500,0,0,1.0,0.8840882253711201,0.7208182057674073,0.16666666666666666,0.1495172381401062,0.018820906057953835,0,0,139,139,-1,weighted,,,0,0,0,0.0,0.0008459184318780899,0,0.0,0.0,0.0,0.0,0,none,0,1,0,overconfident,0.95,0,mild_drift,0.9607306612411661,0.0012925218346921327,0.8029814957204622,0.8563856398862896,1768042055.5208483,0.6327344179153442,0.22495755553245544
742,47488,47487,sea_abrupt4,sea,ts_drift_adapt,3,"error_divergence_ph_meta@error.threshold=0.10,error.min_instances=5",error_divergence_ph_meta,"{""divergence"": {""alpha"": 0.1, ""delta"": 0.005, ""min_instances"": 30, ""threshold"": 0.05}, ""error_rate"": {""alpha"": 0.15, ""delta"": 0.005, ""min_instances"": 5, ""threshold"": 0.1}}","{""error_rate"": {""min_instances"": 5, ""threshold"": 0.1}}",0.1,0.005,0.15,5,0.05,0.005,0.1,30,,,,-1,two_stage,2,0.5,"__confirm_cooldown=200,divergence=0.3,error_rate=0.5,teacher_entropy=0.2",3,0,200,0.0,0,10000,10.0,25.0,200,500,0,0,1.0,0.8841391509433962,0.7209600538547499,0.16666666666666666,0.15885889530181885,0.008857161737978458,0,0,139,139,-1,weighted,,,0,0,0,0.0,0.009963744319975376,0,0.0,0.0,0.0,0.0,0,none,0,1,0,overconfident,0.95,0,mild_drift,0.960515330620583,0.0012962609173460663,0.8014907478602311,0.8556928199431448,1768042055.532474,0.2372293621301651,0.06329894810914993
743,47552,47551,sea_abrupt4,sea,ts_drift_adapt,3,"error_divergence_ph_meta@error.threshold=0.10,error.min_instances=5",error_divergence_ph_meta,"{""divergence"": {""alpha"": 0.1, ""delta"": 0.005, ""min_instances"": 30, ""threshold"": 0.05}, ""error_rate"": {""alpha"": 0.15, ""delta"": 0.005, ""min_instances"": 5, ""threshold"": 0.1}}","{""error_rate"": {""min_instances"": 5, ""threshold"": 0.1}}",0.1,0.005,0.15,5,0.05,0.005,0.1,30,,,,-1,two_stage,2,0.5,"__confirm_cooldown=200,divergence=0.3,error_rate=0.5,teacher_entropy=0.2",3,0,200,0.0,0,10000,10.0,25.0,200,500,0,0,1.0,0.8842109690444145,0.721172029301527,0.0,0.1805645376443863,0.010696676559746265,1,1,140,140,0,weighted,,,0,0,0,0.0,0.16666666666666666,1,0.5,0.0,0.0,0.0,0,none,1,1,0,overconfident,0.95,0,stable,0.9752576653102916,0.0010481304586730331,0.9007453739301156,0.9003464099715724,1768042055.5443554,0.1172197237610817,0.08582691848278046
744,47616,47615,sea_abrupt4,sea,ts_drift_adapt,3,"error_divergence_ph_meta@error.threshold=0.10,error.min_instances=5",error_divergence_ph_meta,"{""divergence"": {""alpha"": 0.1, ""delta"": 0.005, ""min_instances"": 30, ""threshold"": 0.05}, ""error_rate"": {""alpha"": 0.15, ""delta"": 0.005, ""min_instances"": 5, ""threshold"": 0.1}}","{""error_rate"": {""min_instances"": 5, ""threshold"": 0.1}}",0.1,0.005,0.15,5,0.05,0.005,0.1,30,,,,-1,two_stage,2,0.5,"__confirm_cooldown=200,divergence=0.3,error_rate=0.5,teacher_entropy=0.2",3,0,200,0.0,0,10000,10.0,25.0,200,500,1,136,1.0,0.8843035954301075,0.7213571127535904,0.0,0.15736685693264008,0.00996509287506342,0,0,140,140,-1,weighted,,,0,0,0,0.0,0.0007315836846828461,0,0.0,0.0,0.0,0.0,0,none,0,1,0,overconfident,0.95,0,mild_drift,0.9677788326551457,0.0011740652293365165,0.8503726869650579,0.8776732049857863,1768042055.55611,0.04825587198138237,0.08384296298027039
745,47680,47679,sea_abrupt4,sea,ts_drift_adapt,3,"error_divergence_ph_meta@error.threshold=0.10,error.min_instances=5",error_divergence_ph_meta,"{""divergence"": {""alpha"": 0.1, ""delta"": 0.005, ""min_instances"": 30, ""threshold"": 0.05}, ""error_rate"": {""alpha"": 0.15, ""delta"": 0.005, ""min_instances"": 5, ""threshold"": 0.1}}","{""error_rate"": {""min_instances"": 5, ""threshold"": 0.1}}",0.1,0.005,0.15,5,0.05,0.005,0.1,30,,,,-1,two_stage,2,0.5,"__confirm_cooldown=200,divergence=0.3,error_rate=0.5,teacher_entropy=0.2",3,0,200,0.0,0,10000,10.0,25.0,200,500,1,72,1.0,0.8843330536912751,0.7214156047706384,0.0,0.15699538588523865,0.012801636010408401,0,0,140,140,-1,weighted,,,0,0,0,0.0,0.002836543135344982,0,0.0,0.0,0.0,0.0,0,none,0,1,0,overconfident,0.95,0,mild_drift,0.9640394163275728,0.0012370326146682585,0.825186343482529,0.8663366024928931,1768042055.567827,0.07397853583097458,0.10665293037891388
746,47744,47743,sea_abrupt4,sea,ts_drift_adapt,3,"error_divergence_ph_meta@error.threshold=0.10,error.min_instances=5",error_divergence_ph_meta,"{""divergence"": {""alpha"": 0.1, ""delta"": 0.005, ""min_instances"": 30, ""threshold"": 0.05}, ""error_rate"": {""alpha"": 0.15, ""delta"": 0.005, ""min_instances"": 5, ""threshold"": 0.1}}","{""error_rate"": {""min_instances"": 5, ""threshold"": 0.1}}",0.1,0.005,0.15,5,0.05,0.005,0.1,30,,,,-1,two_stage,2,0.5,"__confirm_cooldown=200,divergence=0.3,error_rate=0.5,teacher_entropy=0.2",3,0,200,0.0,0,10000,10.0,25.0,200,500,1,8,1.0,0.8844043230563002,0.7216331714316969,0.0,0.18162256479263306,0.02521658129990101,0,0,140,140,-1,weighted,,,0,0,0,0.0,0.012414945289492607,0,0.0,0.0,0.0,0.0,0,none,0,1,0,overconfident,0.95,0,mild_drift,0.9621697081637863,0.0012685163073341294,0.8125931717412644,0.8606683012464466,1768042055.5820806,0.06344809383153915,0.2078390121459961
747,47808,47807,sea_abrupt4,sea,ts_drift_adapt,3,"error_divergence_ph_meta@error.threshold=0.10,error.min_instances=5",error_divergence_ph_meta,"{""divergence"": {""alpha"": 0.1, ""delta"": 0.005, ""min_instances"": 30, ""threshold"": 0.05}, ""error_rate"": {""alpha"": 0.15, ""delta"": 0.005, ""min_instances"": 5, ""threshold"": 0.1}}","{""error_rate"": {""min_instances"": 5, ""threshold"": 0.1}}",0.1,0.005,0.15,5,0.05,0.005,0.1,30,,,,-1,two_stage,2,0.5,"__confirm_cooldown=200,divergence=0.3,error_rate=0.5,teacher_entropy=0.2",3,0,200,0.0,0,10000,10.0,25.0,200,500,0,0,1.0,0.8844335676037484,0.7217291018386078,0.0,0.1645272970199585,0.0193476565182209,0,0,140,140,-1,weighted,,,0,0,0,0.0,0.005868924781680107,0,0.0,0.0,0.0,0.0,0,none,0,1,0,overconfident,0.95,0,mild_drift,0.9612348540818931,0.0012842581536670647,0.8062965858706322,0.8578341506232232,1768042055.5966935,0.03795473650097847,0.1430353820323944
748,47872,47871,sea_abrupt4,sea,ts_drift_adapt,3,"error_divergence_ph_meta@error.threshold=0.10,error.min_instances=5",error_divergence_ph_meta,"{""divergence"": {""alpha"": 0.1, ""delta"": 0.005, ""min_instances"": 30, ""threshold"": 0.05}, ""error_rate"": {""alpha"": 0.15, ""delta"": 0.005, ""min_instances"": 5, ""threshold"": 0.1}}","{""error_rate"": {""min_instances"": 5, ""threshold"": 0.1}}",0.1,0.005,0.15,5,0.05,0.005,0.1,30,,,,-1,two_stage,2,0.5,"__confirm_cooldown=200,divergence=0.3,error_rate=0.5,teacher_entropy=0.2",3,0,200,0.0,0,10000,10.0,25.0,200,500,0,0,1.0,0.8845462901069518,0.7219547592357503,0.0,0.16170847415924072,0.026776183396577835,0,0,140,140,-1,weighted,,,0,0,0,0.0,0.007428526878356934,0,0.0,0.0,0.0,0.0,0,none,0,1,0,overconfident,0.95,0,mild_drift,0.9607674270409465,0.0012921290768335325,0.8031482929353162,0.8564170753116116,1768042055.6111832,0.019219214096665382,0.24291716516017914
749,47936,47935,sea_abrupt4,sea,ts_drift_adapt,3,"error_divergence_ph_meta@error.threshold=0.10,error.min_instances=5",error_divergence_ph_meta,"{""divergence"": {""alpha"": 0.1, ""delta"": 0.005, ""min_instances"": 30, ""threshold"": 0.05}, ""error_rate"": {""alpha"": 0.15, ""delta"": 0.005, ""min_instances"": 5, ""threshold"": 0.1}}","{""error_rate"": {""min_instances"": 5, ""threshold"": 0.1}}",0.1,0.005,0.15,5,0.05,0.005,0.1,30,,,,-1,two_stage,2,0.5,"__confirm_cooldown=200,divergence=0.3,error_rate=0.5,teacher_entropy=0.2",3,0,200,0.0,0,10000,10.0,25.0,200,500,0,0,1.0,0.8845961281708945,0.7220240812503855,0.16666666666666666,0.18787559866905212,0.015723370015621185,1,1,141,141,0,weighted,,,0,0,0,0.16666666666666666,0.16666666666666666,1,0.5,0.0,0.0,0.0,0,none,1,1,0,overconfident,0.95,0,severe_drift,0.9258837135204733,0.0016460645384167663,0.6515741464676581,0.8332085376558058,1768042055.6233463,0.27879396080970764,0.11476796120405197
750,48000,47999,sea_abrupt4,sea,ts_drift_adapt,3,"error_divergence_ph_meta@error.threshold=0.10,error.min_instances=5",error_divergence_ph_meta,"{""divergence"": {""alpha"": 0.1, ""delta"": 0.005, ""min_instances"": 30, ""threshold"": 0.05}, ""error_rate"": {""alpha"": 0.15, ""delta"": 0.005, ""min_instances"": 5, ""threshold"": 0.1}}","{""error_rate"": {""min_instances"": 5, ""threshold"": 0.1}}",0.1,0.005,0.15,5,0.05,0.005,0.1,30,,,,-1,two_stage,2,0.5,"__confirm_cooldown=200,divergence=0.3,error_rate=0.5,teacher_entropy=0.2",3,0,200,0.0,0,10000,10.0,25.0,200,500,1,136,1.0,0.8845833333333334,0.721989587953881,0.0,0.1776825338602066,0.0156015045940876,0,0,141,141,-1,weighted,,,0,0,0,0.0,0.16666666666666666,0,0.0,0.0,0.0,0.0,0,none,0,1,0,overconfident,0.95,0,mild_drift,0.9430918567602367,0.0014730322692083832,0.7257870732338291,0.8441042688279029,1768042055.6353989,0.04539921507239342,0.13840921223163605
751,48064,48063,sea_abrupt4,sea,ts_drift_adapt,3,"error_divergence_ph_meta@error.threshold=0.10,error.min_instances=5",error_divergence_ph_meta,"{""divergence"": {""alpha"": 0.1, ""delta"": 0.005, ""min_instances"": 30, ""threshold"": 0.05}, ""error_rate"": {""alpha"": 0.15, ""delta"": 0.005, ""min_instances"": 5, ""threshold"": 0.1}}","{""error_rate"": {""min_instances"": 5, ""threshold"": 0.1}}",0.1,0.005,0.15,5,0.05,0.005,0.1,30,,,,-1,two_stage,2,0.5,"__confirm_cooldown=200,divergence=0.3,error_rate=0.5,teacher_entropy=0.2",3,0,200,0.0,0,10000,10.0,25.0,200,500,1,72,1.0,0.8846954061251664,0.722319660569567,0.0,0.18001237511634827,0.009859037585556507,0,0,141,141,-1,weighted,,,0,0,0,0.0,0.005742467008531094,0,0.0,0.0,0.0,0.0,0,none,0,1,0,overconfident,0.95,0,mild_drift,0.9516959283801183,0.0013865161346041917,0.7628935366169145,0.8495521344139514,1768042055.647587,0.04501553997397423,0.08533219248056412
752,48128,48127,sea_abrupt4,sea,ts_drift_adapt,3,"error_divergence_ph_meta@error.threshold=0.10,error.min_instances=5",error_divergence_ph_meta,"{""divergence"": {""alpha"": 0.1, ""delta"": 0.005, ""min_instances"": 30, ""threshold"": 0.05}, ""error_rate"": {""alpha"": 0.15, ""delta"": 0.005, ""min_instances"": 5, ""threshold"": 0.1}}","{""error_rate"": {""min_instances"": 5, ""threshold"": 0.1}}",0.1,0.005,0.15,5,0.05,0.005,0.1,30,,,,-1,two_stage,2,0.5,"__confirm_cooldown=200,divergence=0.3,error_rate=0.5,teacher_entropy=0.2",3,0,200,0.0,0,10000,10.0,25.0,200,500,1,8,1.0,0.8847864029255319,0.7226266988997452,0.0,0.21607838571071625,0.02088283747434616,0,0,141,141,-1,weighted,,,0,0,0,0.0,0.011023799888789654,0,0.0,0.0,0.0,0.0,0,none,0,1,0,overconfident,0.95,0,mild_drift,0.9559979641900591,0.001343258067302096,0.7814467683084573,0.8522760672069757,1768042055.65918,0.13846907019615173,0.1660730540752411
753,48192,48191,sea_abrupt4,sea,ts_drift_adapt,3,"error_divergence_ph_meta@error.threshold=0.10,error.min_instances=5",error_divergence_ph_meta,"{""divergence"": {""alpha"": 0.1, ""delta"": 0.005, ""min_instances"": 30, ""threshold"": 0.05}, ""error_rate"": {""alpha"": 0.15, ""delta"": 0.005, ""min_instances"": 5, ""threshold"": 0.1}}","{""error_rate"": {""min_instances"": 5, ""threshold"": 0.1}}",0.1,0.005,0.15,5,0.05,0.005,0.1,30,,,,-1,two_stage,2,0.5,"__confirm_cooldown=200,divergence=0.3,error_rate=0.5,teacher_entropy=0.2",3,0,200,0.0,0,10000,10.0,25.0,200,500,0,0,1.0,0.8848564077025233,0.7227873380318893,0.0,0.1725962609052658,0.023029305040836334,0,0,141,141,-1,weighted,,,0,0,0,0.0,0.0021464675664901733,0,0.0,0.0,0.0,0.0,0,none,0,1,0,overconfident,0.95,0,mild_drift,0.9581489820950295,0.001321629033651048,0.7907233841542287,0.8536380336034879,1768042055.6707067,0.058247070759534836,0.16932865977287292
754,48256,48255,sea_abrupt4,sea,ts_drift_adapt,3,"error_divergence_ph_meta@error.threshold=0.10,error.min_instances=5",error_divergence_ph_meta,"{""divergence"": {""alpha"": 0.1, ""delta"": 0.005, ""min_instances"": 30, ""threshold"": 0.05}, ""error_rate"": {""alpha"": 0.15, ""delta"": 0.005, ""min_instances"": 5, ""threshold"": 0.1}}","{""error_rate"": {""min_instances"": 5, ""threshold"": 0.1}}",0.1,0.005,0.15,5,0.05,0.005,0.1,30,,,,-1,two_stage,2,0.5,"__confirm_cooldown=200,divergence=0.3,error_rate=0.5,teacher_entropy=0.2",3,0,200,0.0,0,10000,10.0,25.0,200,500,0,0,1.0,0.8849469496021221,0.7230483014789822,0.16666666666666666,0.12953932583332062,0.006219991948455572,1,1,142,142,0,weighted,,,0,0,0,0.0,0.16666666666666666,1,0.5,0.0,0.0,0.0,0,none,1,1,0,overconfident,0.95,0,stable,0.9740744910475148,0.001060814516825524,0.8953616920771144,0.899319016801744,1768042055.6826773,0.47478029131889343,0.0573032908141613
755,48320,48319,sea_abrupt4,sea,ts_drift_adapt,3,"error_divergence_ph_meta@error.threshold=0.10,error.min_instances=5",error_divergence_ph_meta,"{""divergence"": {""alpha"": 0.1, ""delta"": 0.005, ""min_instances"": 30, ""threshold"": 0.05}, ""error_rate"": {""alpha"": 0.15, ""delta"": 0.005, ""min_instances"": 5, ""threshold"": 0.1}}","{""error_rate"": {""min_instances"": 5, ""threshold"": 0.1}}",0.1,0.005,0.15,5,0.05,0.005,0.1,30,,,,-1,two_stage,2,0.5,"__confirm_cooldown=200,divergence=0.3,error_rate=0.5,teacher_entropy=0.2",3,0,200,0.0,0,10000,10.0,25.0,200,500,1,136,1.0,0.8850579470198675,0.7232489108696022,0.0,0.08740971237421036,0.004952072631567717,0,0,142,142,-1,weighted,,,0,0,0,0.0,0.16666666666666666,0,0.0,0.0,0.0,0.0,0,none,0,1,0,overconfident,0.95,0,mild_drift,0.9671872455237573,0.0011804072584127622,0.8476808460385572,0.877159508400872,1768042055.6944165,0.030868152156472206,0.03559672087430954
756,48384,48383,sea_abrupt4,sea,ts_drift_adapt,3,"error_divergence_ph_meta@error.threshold=0.10,error.min_instances=5",error_divergence_ph_meta,"{""divergence"": {""alpha"": 0.1, ""delta"": 0.005, ""min_instances"": 30, ""threshold"": 0.05}, ""error_rate"": {""alpha"": 0.15, ""delta"": 0.005, ""min_instances"": 5, ""threshold"": 0.1}}","{""error_rate"": {""min_instances"": 5, ""threshold"": 0.1}}",0.1,0.005,0.15,5,0.05,0.005,0.1,30,,,,-1,two_stage,2,0.5,"__confirm_cooldown=200,divergence=0.3,error_rate=0.5,teacher_entropy=0.2",3,0,200,0.0,0,10000,10.0,25.0,200,500,1,72,1.0,0.8851686507936508,0.7234346734954401,0.0,0.14547091722488403,0.013735705986618996,0,0,142,142,-1,weighted,,,0,0,0,0.0,0.008783633355051279,0,0.0,0.0,0.0,0.0,0,none,0,1,0,overconfident,0.95,0,mild_drift,0.9637436227618786,0.001240203629206381,0.8238404230192786,0.8660797542004359,1768042055.7059202,0.0048304358497262,0.1014387309551239
757,48448,48447,sea_abrupt4,sea,ts_drift_adapt,3,"error_divergence_ph_meta@error.threshold=0.10,error.min_instances=5",error_divergence_ph_meta,"{""divergence"": {""alpha"": 0.1, ""delta"": 0.005, ""min_instances"": 30, ""threshold"": 0.05}, ""error_rate"": {""alpha"": 0.15, ""delta"": 0.005, ""min_instances"": 5, ""threshold"": 0.1}}","{""error_rate"": {""min_instances"": 5, ""threshold"": 0.1}}",0.1,0.005,0.15,5,0.05,0.005,0.1,30,,,,-1,two_stage,2,0.5,"__confirm_cooldown=200,divergence=0.3,error_rate=0.5,teacher_entropy=0.2",3,0,200,0.0,0,10000,10.0,25.0,200,500,1,8,1.0,0.8852377807133421,0.7235349153416324,0.0,0.1832006424665451,0.018828250467777252,0,0,142,142,-1,weighted,,,0,0,0,0.0,0.0050925444811582565,0,0.0,0.0,0.0,0.0,0,none,0,1,0,overconfident,0.95,0,mild_drift,0.9620218113809393,0.0012701018146031905,0.8119202115096393,0.860539877100218,1768042055.7177584,0.008856810629367828,0.1285267472267151
758,48512,48511,sea_abrupt4,sea,ts_drift_adapt,3,"error_divergence_ph_meta@error.threshold=0.10,error.min_instances=5",error_divergence_ph_meta,"{""divergence"": {""alpha"": 0.1, ""delta"": 0.005, ""min_instances"": 30, ""threshold"": 0.05}, ""error_rate"": {""alpha"": 0.15, ""delta"": 0.005, ""min_instances"": 5, ""threshold"": 0.1}}","{""error_rate"": {""min_instances"": 5, ""threshold"": 0.1}}",0.1,0.005,0.15,5,0.05,0.005,0.1,30,,,,-1,two_stage,2,0.5,"__confirm_cooldown=200,divergence=0.3,error_rate=0.5,teacher_entropy=0.2",3,0,200,0.0,0,10000,10.0,25.0,200,500,0,0,1.0,0.8853273416886543,0.7237024217131326,0.0,0.15135060250759125,0.011561834253370762,0,0,142,142,-1,weighted,,,0,0,0,0.0,0.00726641621440649,0,0.0,0.0,0.0,0.0,0,none,0,1,0,overconfident,0.95,0,mild_drift,0.9611609056904696,0.0012850509073015952,0.8059601057548197,0.857769938550109,1768042055.7296898,0.02063259668648243,0.0822351723909378
759,48576,48575,sea_abrupt4,sea,ts_drift_adapt,3,"error_divergence_ph_meta@error.threshold=0.10,error.min_instances=5",error_divergence_ph_meta,"{""divergence"": {""alpha"": 0.1, ""delta"": 0.005, ""min_instances"": 30, ""threshold"": 0.05}, ""error_rate"": {""alpha"": 0.15, ""delta"": 0.005, ""min_instances"": 5, ""threshold"": 0.1}}","{""error_rate"": {""min_instances"": 5, ""threshold"": 0.1}}",0.1,0.005,0.15,5,0.05,0.005,0.1,30,,,,-1,two_stage,2,0.5,"__confirm_cooldown=200,divergence=0.3,error_rate=0.5,teacher_entropy=0.2",3,0,200,0.0,0,10000,10.0,25.0,200,500,0,0,1.0,0.885354907773386,0.7237855538115097,0.3333333333333333,0.1641283482313156,0.015621602535247803,1,1,143,143,0,weighted,,,0,0,0,0.16666666666666666,0.3333333333333333,1,0.5,0.0,0.0,0.0,0,none,1,1,0,overconfident,0.95,0,severe_drift,0.9260804528452349,0.0016425254536507976,0.6529800528774099,0.8338849692750545,1768042055.741174,0.6102168560028076,0.10438163578510284
760,48640,48639,sea_abrupt4,sea,ts_drift_adapt,3,"error_divergence_ph_meta@error.threshold=0.10,error.min_instances=5",error_divergence_ph_meta,"{""divergence"": {""alpha"": 0.1, ""delta"": 0.005, ""min_instances"": 30, ""threshold"": 0.05}, ""error_rate"": {""alpha"": 0.15, ""delta"": 0.005, ""min_instances"": 5, ""threshold"": 0.1}}","{""error_rate"": {""min_instances"": 5, ""threshold"": 0.1}}",0.1,0.005,0.15,5,0.05,0.005,0.1,30,,,,-1,two_stage,2,0.5,"__confirm_cooldown=200,divergence=0.3,error_rate=0.5,teacher_entropy=0.2",3,0,200,0.0,0,10000,10.0,25.0,200,500,1,136,1.0,0.8854029605263158,0.7239002061376193,0.0,0.19092248380184174,0.009607487358152866,0,0,143,143,-1,weighted,,,0,0,0,0.0,0.3333333333333333,0,0.0,0.0,0.0,0.0,0,none,0,1,0,overconfident,0.95,0,mild_drift,0.9431902264226174,0.001471262726825399,0.726490026438705,0.8444424846375272,1768042055.7532415,0.003974862862378359,0.08931252360343933
761,48704,48703,sea_abrupt4,sea,ts_drift_adapt,3,"error_divergence_ph_meta@error.threshold=0.10,error.min_instances=5",error_divergence_ph_meta,"{""divergence"": {""alpha"": 0.1, ""delta"": 0.005, ""min_instances"": 30, ""threshold"": 0.05}, ""error_rate"": {""alpha"": 0.15, ""delta"": 0.005, ""min_instances"": 5, ""threshold"": 0.1}}","{""error_rate"": {""min_instances"": 5, ""threshold"": 0.1}}",0.1,0.005,0.15,5,0.05,0.005,0.1,30,,,,-1,two_stage,2,0.5,"__confirm_cooldown=200,divergence=0.3,error_rate=0.5,teacher_entropy=0.2",3,0,200,0.0,0,10000,10.0,25.0,200,500,1,72,1.0,0.8855330157687253,0.7242321946298687,0.0,0.1078072264790535,0.003655611537396908,0,0,143,143,-1,weighted,,,0,0,0,0.0,0.0059518758207559586,0,0.0,0.0,0.0,0.0,0,none,0,1,0,overconfident,0.95,0,mild_drift,0.9517451132113086,0.0013856313634126997,0.7632450132193525,0.8497212423187637,1768042055.7649922,0.09431001543998718,0.05634487047791481
762,48768,48767,sea_abrupt4,sea,ts_drift_adapt,3,"error_divergence_ph_meta@error.threshold=0.10,error.min_instances=5",error_divergence_ph_meta,"{""divergence"": {""alpha"": 0.1, ""delta"": 0.005, ""min_instances"": 30, ""threshold"": 0.05}, ""error_rate"": {""alpha"": 0.15, ""delta"": 0.005, ""min_instances"": 5, ""threshold"": 0.1}}","{""error_rate"": {""min_instances"": 5, ""threshold"": 0.1}}",0.1,0.005,0.15,5,0.05,0.005,0.1,30,,,,-1,two_stage,2,0.5,"__confirm_cooldown=200,divergence=0.3,error_rate=0.5,teacher_entropy=0.2",3,0,200,0.0,0,10000,10.0,25.0,200,500,1,8,1.0,0.8856627296587927,0.7246310626288712,0.0,0.1666536033153534,0.016575735062360764,0,0,143,143,-1,weighted,,,0,0,0,0.0,0.012920123524963856,0,0.0,0.0,0.0,0.0,0,none,0,1,0,overconfident,0.95,0,mild_drift,0.9560225566056543,0.00134281568170635,0.7816225066096762,0.8523606211593818,1768042055.7767234,0.11629725247621536,0.12867498397827148
763,48832,48831,sea_abrupt4,sea,ts_drift_adapt,3,"error_divergence_ph_meta@error.threshold=0.10,error.min_instances=5",error_divergence_ph_meta,"{""divergence"": {""alpha"": 0.1, ""delta"": 0.005, ""min_instances"": 30, ""threshold"": 0.05}, ""error_rate"": {""alpha"": 0.15, ""delta"": 0.005, ""min_instances"": 5, ""threshold"": 0.1}}","{""error_rate"": {""min_instances"": 5, ""threshold"": 0.1}}",0.1,0.005,0.15,5,0.05,0.005,0.1,30,,,,-1,two_stage,2,0.5,"__confirm_cooldown=200,divergence=0.3,error_rate=0.5,teacher_entropy=0.2",3,0,200,0.0,0,10000,10.0,25.0,200,500,0,0,1.0,0.8857306684141546,0.7248179931211243,0.0,0.1681000292301178,0.010212407447397709,0,0,143,143,-1,weighted,,,0,0,0,0.0,0.006363327614963055,0,0.0,0.0,0.0,0.0,0,none,0,1,0,overconfident,0.95,0,mild_drift,0.958161278302827,0.001321407840853175,0.7908112533048381,0.8536803105796908,1768042055.789821,0.04399445280432701,0.08356096595525742
764,48896,48895,sea_abrupt4,sea,ts_drift_adapt,3,"error_divergence_ph_meta@error.threshold=0.10,error.min_instances=5",error_divergence_ph_meta,"{""divergence"": {""alpha"": 0.1, ""delta"": 0.005, ""min_instances"": 30, ""threshold"": 0.05}, ""error_rate"": {""alpha"": 0.15, ""delta"": 0.005, ""min_instances"": 5, ""threshold"": 0.1}}","{""error_rate"": {""min_instances"": 5, ""threshold"": 0.1}}",0.1,0.005,0.15,5,0.05,0.005,0.1,30,,,,-1,two_stage,2,0.5,"__confirm_cooldown=200,divergence=0.3,error_rate=0.5,teacher_entropy=0.2",3,0,200,0.0,0,10000,10.0,25.0,200,500,0,0,1.0,0.8858597840314136,0.7251682724420317,0.0,0.11649633198976517,0.013590140268206596,0,0,143,143,-1,weighted,,,0,0,0,0.0,0.0033777328208088875,0,0.0,0.0,0.0,0.0,0,none,0,1,0,overconfident,0.95,0,mild_drift,0.9592306391514135,0.0013107039204265877,0.7954056266524191,0.8543401552898454,1768042055.8042889,0.009352763183414936,0.1112910658121109
765,48960,48959,sea_abrupt4,sea,ts_drift_adapt,3,"error_divergence_ph_meta@error.threshold=0.10,error.min_instances=5",error_divergence_ph_meta,"{""divergence"": {""alpha"": 0.1, ""delta"": 0.005, ""min_instances"": 30, ""threshold"": 0.05}, ""error_rate"": {""alpha"": 0.15, ""delta"": 0.005, ""min_instances"": 5, ""threshold"": 0.1}}","{""error_rate"": {""min_instances"": 5, ""threshold"": 0.1}}",0.1,0.005,0.15,5,0.05,0.005,0.1,30,,,,-1,two_stage,2,0.5,"__confirm_cooldown=200,divergence=0.3,error_rate=0.5,teacher_entropy=0.2",3,0,200,0.0,0,10000,10.0,25.0,200,500,0,0,1.0,0.8859272875816994,0.7253860941063971,0.0,0.17066986858844757,0.018312260508537292,0,0,143,143,-1,weighted,,,0,0,0,0.0,0.004722120240330696,0,0.0,0.0,0.0,0.0,0,none,0,1,0,overconfident,0.95,0,mild_drift,0.9597653195757068,0.001305351960213294,0.7977028133262096,0.8546700776449228,1768042055.8186817,0.04055582359433174,0.13949339091777802
766,49024,49023,sea_abrupt4,sea,ts_drift_adapt,3,"error_divergence_ph_meta@error.threshold=0.10,error.min_instances=5",error_divergence_ph_meta,"{""divergence"": {""alpha"": 0.1, ""delta"": 0.005, ""min_instances"": 30, ""threshold"": 0.05}, ""error_rate"": {""alpha"": 0.15, ""delta"": 0.005, ""min_instances"": 5, ""threshold"": 0.1}}","{""error_rate"": {""min_instances"": 5, ""threshold"": 0.1}}",0.1,0.005,0.15,5,0.05,0.005,0.1,30,,,,-1,two_stage,2,0.5,"__confirm_cooldown=200,divergence=0.3,error_rate=0.5,teacher_entropy=0.2",3,0,200,0.0,0,10000,10.0,25.0,200,500,0,0,1.0,0.8860762075718016,0.7257675542673259,0.0,0.1518702507019043,0.020596353337168694,0,0,143,143,-1,weighted,,,0,0,0,0.0,0.002284092828631401,0,0.0,0.0,0.0,0.0,0,none,0,1,0,overconfident,0.95,0,mild_drift,0.9600326597878533,0.001302675980106647,0.7988514066631048,0.8548350388224614,1768042055.831572,0.08047562092542648,0.16467225551605225
767,49088,49087,sea_abrupt4,sea,ts_drift_adapt,3,"error_divergence_ph_meta@error.threshold=0.10,error.min_instances=5",error_divergence_ph_meta,"{""divergence"": {""alpha"": 0.1, ""delta"": 0.005, ""min_instances"": 30, ""threshold"": 0.05}, ""error_rate"": {""alpha"": 0.15, ""delta"": 0.005, ""min_instances"": 5, ""threshold"": 0.1}}","{""error_rate"": {""min_instances"": 5, ""threshold"": 0.1}}",0.1,0.005,0.15,5,0.05,0.005,0.1,30,,,,-1,two_stage,2,0.5,"__confirm_cooldown=200,divergence=0.3,error_rate=0.5,teacher_entropy=0.2",3,0,200,0.0,0,10000,10.0,25.0,200,500,0,0,1.0,0.8861636245110821,0.7260168497117815,0.16666666666666666,0.16286493837833405,0.013976284302771091,1,1,144,144,0,weighted,,,0,0,0,0.16666666666666666,0.16666666666666666,1,0.5,0.0,0.0,0.0,0,none,1,1,0,overconfident,0.95,0,severe_drift,0.9255163298939266,0.0016513379900533235,0.6494257033315525,0.8324175194112307,1768042055.8431008,0.27173396944999695,0.0910174548625946
768,49152,49151,sea_abrupt4,sea,ts_drift_adapt,3,"error_divergence_ph_meta@error.threshold=0.10,error.min_instances=5",error_divergence_ph_meta,"{""divergence"": {""alpha"": 0.1, ""delta"": 0.005, ""min_instances"": 30, ""threshold"": 0.05}, ""error_rate"": {""alpha"": 0.15, ""delta"": 0.005, ""min_instances"": 5, ""threshold"": 0.1}}","{""error_rate"": {""min_instances"": 5, ""threshold"": 0.1}}",0.1,0.005,0.15,5,0.05,0.005,0.1,30,,,,-1,two_stage,2,0.5,"__confirm_cooldown=200,divergence=0.3,error_rate=0.5,teacher_entropy=0.2",3,0,200,0.0,0,10000,10.0,25.0,200,500,1,136,1.0,0.8862711588541666,0.7262442785924155,0.0,0.1504916250705719,0.00888833124190569,0,0,144,144,-1,weighted,,,0,0,0,0.0,0.16666666666666666,0,0.0,0.0,0.0,0.0,0,none,0,1,0,overconfident,0.95,0,mild_drift,0.9429081649469633,0.0014756689950266618,0.7247128516657763,0.8437087597056153,1768042055.8550131,0.006646687630563974,0.06833112239837646
769,49216,49215,sea_abrupt4,sea,ts_drift_adapt,3,"error_divergence_ph_meta@error.threshold=0.10,error.min_instances=5",error_divergence_ph_meta,"{""divergence"": {""alpha"": 0.1, ""delta"": 0.005, ""min_instances"": 30, ""threshold"": 0.05}, ""error_rate"": {""alpha"": 0.15, ""delta"": 0.005, ""min_instances"": 5, ""threshold"": 0.1}}","{""error_rate"": {""min_instances"": 5, ""threshold"": 0.1}}",0.1,0.005,0.15,5,0.05,0.005,0.1,30,,,,-1,two_stage,2,0.5,"__confirm_cooldown=200,divergence=0.3,error_rate=0.5,teacher_entropy=0.2",3,0,200,0.0,0,10000,10.0,25.0,200,500,1,72,1.0,0.8863987321196359,0.7266025329108201,0.0,0.14009810984134674,0.011491341516375542,0,0,144,144,-1,weighted,,,0,0,0,0.0,0.0026030102744698524,0,0.0,0.0,0.0,0.0,0,none,0,1,0,overconfident,0.95,0,mild_drift,0.9516040824734816,0.001387834497513331,0.7623564258328881,0.8493543798528076,1768042055.8666918,0.13712762296199799,0.10710902512073517
770,49280,49279,sea_abrupt4,sea,ts_drift_adapt,3,"error_divergence_ph_meta@error.threshold=0.10,error.min_instances=5",error_divergence_ph_meta,"{""divergence"": {""alpha"": 0.1, ""delta"": 0.005, ""min_instances"": 30, ""threshold"": 0.05}, ""error_rate"": {""alpha"": 0.15, ""delta"": 0.005, ""min_instances"": 5, ""threshold"": 0.1}}","{""error_rate"": {""min_instances"": 5, ""threshold"": 0.1}}",0.1,0.005,0.15,5,0.05,0.005,0.1,30,,,,-1,two_stage,2,0.5,"__confirm_cooldown=200,divergence=0.3,error_rate=0.5,teacher_entropy=0.2",3,0,200,0.0,0,10000,10.0,25.0,200,500,1,8,1.0,0.8864448051948052,0.7267658017058847,0.0,0.18988387286663055,0.014714349992573261,0,0,144,144,-1,weighted,,,0,0,0,0.0,0.0032230084761977196,0,0.0,0.0,0.0,0.0,0,none,0,1,0,overconfident,0.95,0,mild_drift,0.9559520412367408,0.0013439172487566655,0.7811782129164441,0.8521771899264038,1768042055.87857,0.03583719953894615,0.13790424168109894
771,49344,49343,sea_abrupt4,sea,ts_drift_adapt,3,"error_divergence_ph_meta@error.threshold=0.10,error.min_instances=5",error_divergence_ph_meta,"{""divergence"": {""alpha"": 0.1, ""delta"": 0.005, ""min_instances"": 30, ""threshold"": 0.05}, ""error_rate"": {""alpha"": 0.15, ""delta"": 0.005, ""min_instances"": 5, ""threshold"": 0.1}}","{""error_rate"": {""min_instances"": 5, ""threshold"": 0.1}}",0.1,0.005,0.15,5,0.05,0.005,0.1,30,,,,-1,two_stage,2,0.5,"__confirm_cooldown=200,divergence=0.3,error_rate=0.5,teacher_entropy=0.2",3,0,200,0.0,0,10000,10.0,25.0,200,500,0,0,1.0,0.8864907587548638,0.7268748192857468,0.0,0.23083674907684326,0.013501150533556938,0,0,144,144,-1,weighted,,,0,0,0,0.0,0.001213199459016323,0,0.0,0.0,0.0,0.0,0,none,0,1,0,overconfident,0.95,0,mild_drift,0.9581260206183704,0.0013219586243783327,0.790589106458222,0.8535885949632018,1768042055.8906527,0.021458106115460396,0.11906372755765915
772,49408,49407,sea_abrupt4,sea,ts_drift_adapt,3,"error_divergence_ph_meta@error.threshold=0.10,error.min_instances=5",error_divergence_ph_meta,"{""divergence"": {""alpha"": 0.1, ""delta"": 0.005, ""min_instances"": 30, ""threshold"": 0.05}, ""error_rate"": {""alpha"": 0.15, ""delta"": 0.005, ""min_instances"": 5, ""threshold"": 0.1}}","{""error_rate"": {""min_instances"": 5, ""threshold"": 0.1}}",0.1,0.005,0.15,5,0.05,0.005,0.1,30,,,,-1,two_stage,2,0.5,"__confirm_cooldown=200,divergence=0.3,error_rate=0.5,teacher_entropy=0.2",3,0,200,0.0,0,10000,10.0,25.0,200,500,0,0,1.0,0.8865365932642487,0.7269490920948377,0.0,0.17193585634231567,0.01943250745534897,0,0,144,144,-1,weighted,,,0,0,0,0.0,0.00593135692179203,0,0.0,0.0,0.0,0.0,0,none,0,1,0,overconfident,0.95,0,mild_drift,0.9592130103091852,0.0013109793121891663,0.795294553229111,0.8542942974816009,1768042055.9023857,0.01600753143429756,0.14341165125370026
773,49472,49471,sea_abrupt4,sea,ts_drift_adapt,3,"error_divergence_ph_meta@error.threshold=0.10,error.min_instances=5",error_divergence_ph_meta,"{""divergence"": {""alpha"": 0.1, ""delta"": 0.005, ""min_instances"": 30, ""threshold"": 0.05}, ""error_rate"": {""alpha"": 0.15, ""delta"": 0.005, ""min_instances"": 5, ""threshold"": 0.1}}","{""error_rate"": {""min_instances"": 5, ""threshold"": 0.1}}",0.1,0.005,0.15,5,0.05,0.005,0.1,30,,,,-1,two_stage,2,0.5,"__confirm_cooldown=200,divergence=0.3,error_rate=0.5,teacher_entropy=0.2",3,0,200,0.0,0,10000,10.0,25.0,200,500,0,0,1.0,0.8866227360931436,0.7271314866171371,0.16666666666666666,0.13253255188465118,0.011476332321763039,1,1,145,145,0,weighted,,,0,0,0,0.0,0.16666666666666666,1,0.5,0.0,0.0,0.0,0,none,1,1,0,overconfident,0.95,0,stable,0.9746065051545926,0.0010554896560945831,0.8976472766145556,0.8996471487408004,1768042055.9139893,0.40390264987945557,0.10769620537757874
774,49536,49535,sea_abrupt4,sea,ts_drift_adapt,3,"error_divergence_ph_meta@error.threshold=0.10,error.min_instances=5",error_divergence_ph_meta,"{""divergence"": {""alpha"": 0.1, ""delta"": 0.005, ""min_instances"": 30, ""threshold"": 0.05}, ""error_rate"": {""alpha"": 0.15, ""delta"": 0.005, ""min_instances"": 5, ""threshold"": 0.1}}","{""error_rate"": {""min_instances"": 5, ""threshold"": 0.1}}",0.1,0.005,0.15,5,0.05,0.005,0.1,30,,,,-1,two_stage,2,0.5,"__confirm_cooldown=200,divergence=0.3,error_rate=0.5,teacher_entropy=0.2",3,0,200,0.0,0,10000,10.0,25.0,200,500,1,136,1.0,0.8866077196382429,0.7271110642406077,0.3333333333333333,0.1582975834608078,0.011836639605462551,0,0,145,145,-1,weighted,,,0,0,0,0.0,0.16666666666666666,0,0.0,0.0,0.0,0.0,0,none,0,1,0,overconfident,0.95,0,mild_drift,0.9674532525772963,0.0011777448280472916,0.8488236383072778,0.8773235743704002,1768042055.9257076,0.5622668862342834,0.1006242036819458
775,49600,49599,sea_abrupt4,sea,ts_drift_adapt,3,"error_divergence_ph_meta@error.threshold=0.10,error.min_instances=5",error_divergence_ph_meta,"{""divergence"": {""alpha"": 0.1, ""delta"": 0.005, ""min_instances"": 30, ""threshold"": 0.05}, ""error_rate"": {""alpha"": 0.15, ""delta"": 0.005, ""min_instances"": 5, ""threshold"": 0.1}}","{""error_rate"": {""min_instances"": 5, ""threshold"": 0.1}}",0.1,0.005,0.15,5,0.05,0.005,0.1,30,,,,-1,two_stage,2,0.5,"__confirm_cooldown=200,divergence=0.3,error_rate=0.5,teacher_entropy=0.2",3,0,200,0.0,0,10000,10.0,25.0,200,500,1,72,1.0,0.8866935483870968,0.7272818257883794,0.0,0.14577233791351318,0.006337760016322136,0,0,145,145,-1,weighted,,,0,0,0,0.0,0.3333333333333333,0,0.0,0.0,0.0,0.0,0,none,0,1,0,overconfident,0.95,0,mild_drift,0.9638766262886481,0.001238872414023646,0.8244118191536389,0.8661617871852001,1768042055.9375749,0.037379901856184006,0.06181452423334122
776,49664,49663,sea_abrupt4,sea,ts_drift_adapt,3,"error_divergence_ph_meta@error.threshold=0.10,error.min_instances=5",error_divergence_ph_meta,"{""divergence"": {""alpha"": 0.1, ""delta"": 0.005, ""min_instances"": 30, ""threshold"": 0.05}, ""error_rate"": {""alpha"": 0.15, ""delta"": 0.005, ""min_instances"": 5, ""threshold"": 0.1}}","{""error_rate"": {""min_instances"": 5, ""threshold"": 0.1}}",0.1,0.005,0.15,5,0.05,0.005,0.1,30,,,,-1,two_stage,2,0.5,"__confirm_cooldown=200,divergence=0.3,error_rate=0.5,teacher_entropy=0.2",3,0,200,0.0,0,10000,10.0,25.0,200,500,1,8,1.0,0.8868395618556701,0.7276556968304924,0.0,0.13309729099273682,0.005049498286098242,0,0,145,145,-1,weighted,,,0,0,0,0.0,0.0012882617302238941,0,0.0,0.0,0.0,0.0,0,none,0,1,0,overconfident,0.95,0,mild_drift,0.9620883131443241,0.0012694362070118231,0.8122059095768195,0.8605808935926,1768042055.9525726,0.05216558650135994,0.04297688603401184
777,49728,49727,sea_abrupt4,sea,ts_drift_adapt,3,"error_divergence_ph_meta@error.threshold=0.10,error.min_instances=5",error_divergence_ph_meta,"{""divergence"": {""alpha"": 0.1, ""delta"": 0.005, ""min_instances"": 30, ""threshold"": 0.05}, ""error_rate"": {""alpha"": 0.15, ""delta"": 0.005, ""min_instances"": 5, ""threshold"": 0.1}}","{""error_rate"": {""min_instances"": 5, ""threshold"": 0.1}}",0.1,0.005,0.15,5,0.05,0.005,0.1,30,,,,-1,two_stage,2,0.5,"__confirm_cooldown=200,divergence=0.3,error_rate=0.5,teacher_entropy=0.2",3,0,200,0.0,0,10000,10.0,25.0,200,500,0,0,1.0,0.8868645431145431,0.7277572371839116,0.16666666666666666,0.18429818749427795,0.012568213045597076,0,0,145,145,-1,weighted,,,0,0,0,0.0,0.16666666666666666,0,0.0,0.0,0.0,0.0,0,none,0,1,0,overconfident,0.95,0,mild_drift,0.961194156572162,0.0012847181035059115,0.8061029547884098,0.8577904467963,1768042055.9647787,0.23326177895069122,0.08540543913841248
778,49792,49791,sea_abrupt4,sea,ts_drift_adapt,3,"error_divergence_ph_meta@error.threshold=0.10,error.min_instances=5",error_divergence_ph_meta,"{""divergence"": {""alpha"": 0.1, ""delta"": 0.005, ""min_instances"": 30, ""threshold"": 0.05}, ""error_rate"": {""alpha"": 0.15, ""delta"": 0.005, ""min_instances"": 5, ""threshold"": 0.1}}","{""error_rate"": {""min_instances"": 5, ""threshold"": 0.1}}",0.1,0.005,0.15,5,0.05,0.005,0.1,30,,,,-1,two_stage,2,0.5,"__confirm_cooldown=200,divergence=0.3,error_rate=0.5,teacher_entropy=0.2",3,0,200,0.0,0,10000,10.0,25.0,200,500,0,0,1.0,0.886969794344473,0.7280000853225341,0.0,0.18764518201351166,0.014692225493490696,1,1,146,146,0,weighted,,,0,0,0,0.16666666666666666,0.16666666666666666,1,0.5,0.0,0.0,0.0,0,none,1,1,0,overconfident,0.95,0,severe_drift,0.926097078286081,0.0016423590517529558,0.6530514773942049,0.83389522339815,1768042055.9763637,0.027805814519524574,0.10030646622180939
779,49856,49855,sea_abrupt4,sea,ts_drift_adapt,3,"error_divergence_ph_meta@error.threshold=0.10,error.min_instances=5",error_divergence_ph_meta,"{""divergence"": {""alpha"": 0.1, ""delta"": 0.005, ""min_instances"": 30, ""threshold"": 0.05}, ""error_rate"": {""alpha"": 0.15, ""delta"": 0.005, ""min_instances"": 5, ""threshold"": 0.1}}","{""error_rate"": {""min_instances"": 5, ""threshold"": 0.1}}",0.1,0.005,0.15,5,0.05,0.005,0.1,30,,,,-1,two_stage,2,0.5,"__confirm_cooldown=200,divergence=0.3,error_rate=0.5,teacher_entropy=0.2",3,0,200,0.0,0,10000,10.0,25.0,200,500,1,136,1.0,0.8870146020539152,0.7281145245027072,0.0,0.11897706985473633,0.01934308372437954,0,0,146,146,-1,weighted,,,0,0,0,0.0,0.0046508582308888435,0,0.0,0.0,0.0,0.0,0,none,0,1,0,overconfident,0.95,0,mild_drift,0.9431985391430404,0.001471179525876478,0.7265257386971025,0.844447611699075,1768042055.9881184,0.015351739712059498,0.17811152338981628
780,49920,49919,sea_abrupt4,sea,ts_drift_adapt,3,"error_divergence_ph_meta@error.threshold=0.10,error.min_instances=5",error_divergence_ph_meta,"{""divergence"": {""alpha"": 0.1, ""delta"": 0.005, ""min_instances"": 30, ""threshold"": 0.05}, ""error_rate"": {""alpha"": 0.15, ""delta"": 0.005, ""min_instances"": 5, ""threshold"": 0.1}}","{""error_rate"": {""min_instances"": 5, ""threshold"": 0.1}}",0.1,0.005,0.15,5,0.05,0.005,0.1,30,,,,-1,two_stage,2,0.5,"__confirm_cooldown=200,divergence=0.3,error_rate=0.5,teacher_entropy=0.2",3,0,200,0.0,0,10000,10.0,25.0,200,500,1,72,1.0,0.887099358974359,0.728303368521307,0.16666666666666666,0.153500035405159,0.015810851007699966,0,0,146,146,-1,weighted,,,0,0,0,0.0,0.16666666666666666,0,0.0,0.0,0.0,0.0,0,none,0,1,0,overconfident,0.95,0,mild_drift,0.9517492695715202,0.001385589762938239,0.7632628693485513,0.8497238058495376,1768042056.0029564,0.3752860128879547,0.13728848099708557
781,49984,49983,sea_abrupt4,sea,ts_drift_adapt,3,"error_divergence_ph_meta@error.threshold=0.10,error.min_instances=5",error_divergence_ph_meta,"{""divergence"": {""alpha"": 0.1, ""delta"": 0.005, ""min_instances"": 30, ""threshold"": 0.05}, ""error_rate"": {""alpha"": 0.15, ""delta"": 0.005, ""min_instances"": 5, ""threshold"": 0.1}}","{""error_rate"": {""min_instances"": 5, ""threshold"": 0.1}}",0.1,0.005,0.15,5,0.05,0.005,0.1,30,,,,-1,two_stage,2,0.5,"__confirm_cooldown=200,divergence=0.3,error_rate=0.5,teacher_entropy=0.2",3,0,200,0.0,0,10000,10.0,25.0,200,500,1,8,1.0,0.8871438860435339,0.7284577067120376,0.3333333333333333,0.19203874468803406,0.014637073501944542,0,0,146,146,-1,weighted,,,0,0,0,0.0,0.16666666666666666,0,0.0,0.0,0.0,0.0,0,none,0,1,0,overconfident,0.95,0,mild_drift,0.95602463478576,0.0013427948814691195,0.7816314346742756,0.8523619029247688,1768042056.017394,0.496610164642334,0.10489721596240997
782,50048,50047,sea_abrupt4,sea,ts_drift_adapt,3,"error_divergence_ph_meta@error.threshold=0.10,error.min_instances=5",error_divergence_ph_meta,"{""divergence"": {""alpha"": 0.1, ""delta"": 0.005, ""min_instances"": 30, ""threshold"": 0.05}, ""error_rate"": {""alpha"": 0.15, ""delta"": 0.005, ""min_instances"": 5, ""threshold"": 0.1}}","{""error_rate"": {""min_instances"": 5, ""threshold"": 0.1}}",0.1,0.005,0.15,5,0.05,0.005,0.1,30,,,,-1,two_stage,2,0.5,"__confirm_cooldown=200,divergence=0.3,error_rate=0.5,teacher_entropy=0.2",3,0,200,0.0,0,10000,10.0,25.0,200,500,0,0,1.0,0.8872282608695652,0.7287644041412885,0.16666666666666666,0.11999513953924179,0.008261602371931076,0,0,146,146,-1,weighted,,,0,0,0,0.0,0.16666666666666666,0,0.0,0.0,0.0,0.0,0,none,0,1,0,overconfident,0.95,0,mild_drift,0.9581623173928799,0.0013213974407345597,0.7908157173371378,0.8536809514623844,1768042056.0312793,0.3979484736919403,0.0750223696231842
783,50112,50111,sea_abrupt4,sea,ts_drift_adapt,3,"error_divergence_ph_meta@error.threshold=0.10,error.min_instances=5",error_divergence_ph_meta,"{""divergence"": {""alpha"": 0.1, ""delta"": 0.005, ""min_instances"": 30, ""threshold"": 0.05}, ""error_rate"": {""alpha"": 0.15, ""delta"": 0.005, ""min_instances"": 5, ""threshold"": 0.1}}","{""error_rate"": {""min_instances"": 5, ""threshold"": 0.1}}",0.1,0.005,0.15,5,0.05,0.005,0.1,30,,,,-1,two_stage,2,0.5,"__confirm_cooldown=200,divergence=0.3,error_rate=0.5,teacher_entropy=0.2",3,0,200,0.0,0,10000,10.0,25.0,200,500,0,0,1.0,0.8872924648786717,0.7289433855772972,0.16666666666666666,0.11958561837673187,0.012981271371245384,1,1,147,147,0,weighted,,,0,0,0,0.16666666666666666,0.004719668999314308,1,0.5,0.0,0.0,0.0,0,none,1,1,0,overconfident,0.95,0,severe_drift,0.92458115869644,0.0016606987203672799,0.645407858668569,0.8318404757311922,1768042056.0433195,0.26160576939582825,0.12310120463371277
784,50176,50175,sea_abrupt4,sea,ts_drift_adapt,3,"error_divergence_ph_meta@error.threshold=0.10,error.min_instances=5",error_divergence_ph_meta,"{""divergence"": {""alpha"": 0.1, ""delta"": 0.005, ""min_instances"": 30, ""threshold"": 0.05}, ""error_rate"": {""alpha"": 0.15, ""delta"": 0.005, ""min_instances"": 5, ""threshold"": 0.1}}","{""error_rate"": {""min_instances"": 5, ""threshold"": 0.1}}",0.1,0.005,0.15,5,0.05,0.005,0.1,30,,,,-1,two_stage,2,0.5,"__confirm_cooldown=200,divergence=0.3,error_rate=0.5,teacher_entropy=0.2",3,0,200,0.0,0,10000,10.0,25.0,200,500,1,136,1.0,0.8873565051020408,0.729111133700035,0.0,0.16026292741298676,0.015330744907259941,0,0,147,147,-1,weighted,,,0,0,0,0.0,0.16666666666666666,0,0.0,0.0,0.0,0.0,0,none,0,1,0,overconfident,0.95,0,mild_drift,0.94244057934822,0.00148034936018364,0.7227039293342845,0.8434202378655962,1768042056.0553885,0.19380028545856476,0.15897858142852783
785,50240,50239,sea_abrupt4,sea,ts_drift_adapt,3,"error_divergence_ph_meta@error.threshold=0.10,error.min_instances=5",error_divergence_ph_meta,"{""divergence"": {""alpha"": 0.1, ""delta"": 0.005, ""min_instances"": 30, ""threshold"": 0.05}, ""error_rate"": {""alpha"": 0.15, ""delta"": 0.005, ""min_instances"": 5, ""threshold"": 0.1}}","{""error_rate"": {""min_instances"": 5, ""threshold"": 0.1}}",0.1,0.005,0.15,5,0.05,0.005,0.1,30,,,,-1,two_stage,2,0.5,"__confirm_cooldown=200,divergence=0.3,error_rate=0.5,teacher_entropy=0.2",3,0,200,0.0,0,10000,10.0,25.0,200,500,1,72,1.0,0.8874601910828025,0.7293942335064029,0.3333333333333333,0.13458041846752167,0.00985962525010109,0,0,147,147,-1,weighted,,,0,0,0,0.0,0.3333333333333333,0,0.0,0.0,0.0,0.0,0,none,0,1,0,overconfident,0.95,0,mild_drift,0.95137028967411,0.0013901746800918202,0.7613519646671423,0.8492101189327981,1768042056.0667822,0.45775139331817627,0.08072087168693542
786,50304,50303,sea_abrupt4,sea,ts_drift_adapt,3,"error_divergence_ph_meta@error.threshold=0.10,error.min_instances=5",error_divergence_ph_meta,"{""divergence"": {""alpha"": 0.1, ""delta"": 0.005, ""min_instances"": 30, ""threshold"": 0.05}, ""error_rate"": {""alpha"": 0.15, ""delta"": 0.005, ""min_instances"": 5, ""threshold"": 0.1}}","{""error_rate"": {""min_instances"": 5, ""threshold"": 0.1}}",0.1,0.005,0.15,5,0.05,0.005,0.1,30,,,,-1,two_stage,2,0.5,"__confirm_cooldown=200,divergence=0.3,error_rate=0.5,teacher_entropy=0.2",3,0,200,0.0,0,10000,10.0,25.0,200,500,1,8,1.0,0.8875238549618321,0.7295822971027948,0.0,0.1448705643415451,0.017376240342855453,0,0,147,147,-1,weighted,,,0,0,0,0.0,0.3333333333333333,0,0.0,0.0,0.0,0.0,0,none,0,1,0,overconfident,0.95,0,mild_drift,0.955835144837055,0.0013450873400459103,0.7806759823335712,0.852105059466399,1768042056.077916,0.021510370075702667,0.13730336725711823
787,50368,50367,sea_abrupt4,sea,ts_drift_adapt,3,"error_divergence_ph_meta@error.threshold=0.10,error.min_instances=5",error_divergence_ph_meta,"{""divergence"": {""alpha"": 0.1, ""delta"": 0.005, ""min_instances"": 30, ""threshold"": 0.05}, ""error_rate"": {""alpha"": 0.15, ""delta"": 0.005, ""min_instances"": 5, ""threshold"": 0.1}}","{""error_rate"": {""min_instances"": 5, ""threshold"": 0.1}}",0.1,0.005,0.15,5,0.05,0.005,0.1,30,,,,-1,two_stage,2,0.5,"__confirm_cooldown=200,divergence=0.3,error_rate=0.5,teacher_entropy=0.2",3,0,200,0.0,0,10000,10.0,25.0,200,500,0,0,1.0,0.8874682337992376,0.7294768524125786,0.16666666666666666,0.21082545816898346,0.011387795209884644,0,0,147,147,-1,weighted,,,0,0,0,0.0,0.16666666666666666,0,0.0,0.0,0.0,0.0,0,none,0,1,0,overconfident,0.95,0,mild_drift,0.9580675724185275,0.0013225436700229553,0.7903379911667856,0.8535525297331995,1768042056.089894,0.1497088074684143,0.1018361896276474
788,50432,50431,sea_abrupt4,sea,ts_drift_adapt,3,"error_divergence_ph_meta@error.threshold=0.10,error.min_instances=5",error_divergence_ph_meta,"{""divergence"": {""alpha"": 0.1, ""delta"": 0.005, ""min_instances"": 30, ""threshold"": 0.05}, ""error_rate"": {""alpha"": 0.15, ""delta"": 0.005, ""min_instances"": 5, ""threshold"": 0.1}}","{""error_rate"": {""min_instances"": 5, ""threshold"": 0.1}}",0.1,0.005,0.15,5,0.05,0.005,0.1,30,,,,-1,two_stage,2,0.5,"__confirm_cooldown=200,divergence=0.3,error_rate=0.5,teacher_entropy=0.2",3,0,200,0.0,0,10000,10.0,25.0,200,500,0,0,1.0,0.8875118972081218,0.729643893106131,0.16666666666666666,0.16847684979438782,0.02244677022099495,1,1,148,148,0,weighted,,,0,0,0,0.0,0.011058975011110306,1,0.5,0.0,0.0,0.0,0,none,1,1,0,overconfident,0.95,0,stable,0.9740337862092637,0.0010612718350114776,0.8951689955833928,0.8992762648665997,1768042056.101948,0.30619385838508606,0.2342260777950287
789,50496,50495,sea_abrupt4,sea,ts_drift_adapt,3,"error_divergence_ph_meta@error.threshold=0.10,error.min_instances=5",error_divergence_ph_meta,"{""divergence"": {""alpha"": 0.1, ""delta"": 0.005, ""min_instances"": 30, ""threshold"": 0.05}, ""error_rate"": {""alpha"": 0.15, ""delta"": 0.005, ""min_instances"": 5, ""threshold"": 0.1}}","{""error_rate"": {""min_instances"": 5, ""threshold"": 0.1}}",0.1,0.005,0.15,5,0.05,0.005,0.1,30,,,,-1,two_stage,2,0.5,"__confirm_cooldown=200,divergence=0.3,error_rate=0.5,teacher_entropy=0.2",3,0,200,0.0,0,10000,10.0,25.0,200,500,1,136,1.0,0.8875158428390367,0.7297244975259182,0.16666666666666666,0.20988619327545166,0.028372427448630333,0,0,148,148,-1,weighted,,,0,0,0,0.0,0.005925657227635384,0,0.0,0.0,0.0,0.0,0,none,0,1,0,overconfident,0.95,0,mild_drift,0.9671668931046318,0.001180635917505739,0.8475844977916964,0.8771381324332999,1768042056.1135328,0.15006108582019806,0.20494842529296875
790,50560,50559,sea_abrupt4,sea,ts_drift_adapt,3,"error_divergence_ph_meta@error.threshold=0.10,error.min_instances=5",error_divergence_ph_meta,"{""divergence"": {""alpha"": 0.1, ""delta"": 0.005, ""min_instances"": 30, ""threshold"": 0.05}, ""error_rate"": {""alpha"": 0.15, ""delta"": 0.005, ""min_instances"": 5, ""threshold"": 0.1}}","{""error_rate"": {""min_instances"": 5, ""threshold"": 0.1}}",0.1,0.005,0.15,5,0.05,0.005,0.1,30,,,,-1,two_stage,2,0.5,"__confirm_cooldown=200,divergence=0.3,error_rate=0.5,teacher_entropy=0.2",3,0,200,0.0,0,10000,10.0,25.0,200,500,1,72,1.0,0.8875791139240506,0.7300260102692218,0.16666666666666666,0.18431654572486877,0.03932401165366173,0,0,148,148,-1,weighted,,,0,0,0,0.0,0.010951584205031395,0,0.0,0.0,0.0,0.0,0,none,0,1,0,overconfident,0.95,0,mild_drift,0.9637334465523159,0.0012403179587528695,0.8237922488958482,0.8660690662166499,1768042056.12506,0.16192872822284698,0.3159235715866089
791,50624,50623,sea_abrupt4,sea,ts_drift_adapt,3,"error_divergence_ph_meta@error.threshold=0.10,error.min_instances=5",error_divergence_ph_meta,"{""divergence"": {""alpha"": 0.1, ""delta"": 0.005, ""min_instances"": 30, ""threshold"": 0.05}, ""error_rate"": {""alpha"": 0.15, ""delta"": 0.005, ""min_instances"": 5, ""threshold"": 0.1}}","{""error_rate"": {""min_instances"": 5, ""threshold"": 0.1}}",0.1,0.005,0.15,5,0.05,0.005,0.1,30,,,,-1,two_stage,2,0.5,"__confirm_cooldown=200,divergence=0.3,error_rate=0.5,teacher_entropy=0.2",3,0,200,0.0,0,10000,10.0,25.0,200,500,1,8,1.0,0.8876817319848294,0.7303157263042739,0.0,0.17746542394161224,0.029467523097991943,0,0,148,148,-1,weighted,,,0,0,0,0.0,0.16666666666666666,0,0.0,0.0,0.0,0.0,0,none,0,1,0,overconfident,0.95,0,mild_drift,0.9620167232761578,0.001270158979376435,0.8118961244479241,0.860534533108325,1768042056.136781,0.1648239940404892,0.28015193343162537
792,50688,50687,sea_abrupt4,sea,ts_drift_adapt,3,"error_divergence_ph_meta@error.threshold=0.10,error.min_instances=5",error_divergence_ph_meta,"{""divergence"": {""alpha"": 0.1, ""delta"": 0.005, ""min_instances"": 30, ""threshold"": 0.05}, ""error_rate"": {""alpha"": 0.15, ""delta"": 0.005, ""min_instances"": 5, ""threshold"": 0.1}}","{""error_rate"": {""min_instances"": 5, ""threshold"": 0.1}}",0.1,0.005,0.15,5,0.05,0.005,0.1,30,,,,-1,two_stage,2,0.5,"__confirm_cooldown=200,divergence=0.3,error_rate=0.5,teacher_entropy=0.2",3,0,200,0.0,0,10000,10.0,25.0,200,500,0,0,1.0,0.8877051767676768,0.7304256699244,0.16666666666666666,0.18957029283046722,0.025890152901411057,0,0,148,148,-1,weighted,,,0,0,0,0.0,0.16666666666666666,0,0.0,0.0,0.0,0.0,0,none,0,1,0,overconfident,0.95,0,mild_drift,0.9611583616380789,0.0012850794896882177,0.8059480622239621,0.8577672665541625,1768042056.148392,0.1348394900560379,0.20906688272953033
793,50752,50751,sea_abrupt4,sea,ts_drift_adapt,3,"error_divergence_ph_meta@error.threshold=0.10,error.min_instances=5",error_divergence_ph_meta,"{""divergence"": {""alpha"": 0.1, ""delta"": 0.005, ""min_instances"": 30, ""threshold"": 0.05}, ""error_rate"": {""alpha"": 0.15, ""delta"": 0.005, ""min_instances"": 5, ""threshold"": 0.1}}","{""error_rate"": {""min_instances"": 5, ""threshold"": 0.1}}",0.1,0.005,0.15,5,0.05,0.005,0.1,30,,,,-1,two_stage,2,0.5,"__confirm_cooldown=200,divergence=0.3,error_rate=0.5,teacher_entropy=0.2",3,0,200,0.0,0,10000,10.0,25.0,200,500,0,0,1.0,0.8877088587641866,0.7305385187306961,0.0,0.16446040570735931,0.014070358127355576,1,1,149,149,0,weighted,,,0,0,0,0.16666666666666666,0.16666666666666666,1,0.5,0.0,0.0,0.0,0,none,1,1,0,overconfident,0.95,0,severe_drift,0.9260791808190394,0.0016425397448441089,0.652974031111981,0.8338836332770813,1768042056.160165,0.03505776450037956,0.12283867597579956
794,50816,50815,sea_abrupt4,sea,ts_drift_adapt,3,"error_divergence_ph_meta@error.threshold=0.10,error.min_instances=5",error_divergence_ph_meta,"{""divergence"": {""alpha"": 0.1, ""delta"": 0.005, ""min_instances"": 30, ""threshold"": 0.05}, ""error_rate"": {""alpha"": 0.15, ""delta"": 0.005, ""min_instances"": 5, ""threshold"": 0.1}}","{""error_rate"": {""min_instances"": 5, ""threshold"": 0.1}}",0.1,0.005,0.15,5,0.05,0.005,0.1,30,,,,-1,two_stage,2,0.5,"__confirm_cooldown=200,divergence=0.3,error_rate=0.5,teacher_entropy=0.2",3,0,200,0.0,0,10000,10.0,25.0,200,500,1,136,1.0,0.8876928526448362,0.7306200515664901,0.0,0.22300083935260773,0.016347724944353104,0,0,149,149,-1,weighted,,,0,0,0,0.0,0.002277366816997528,0,0.0,0.0,0.0,0.0,0,none,0,1,0,overconfident,0.95,0,mild_drift,0.9431895904095197,0.0014712698724220546,0.7264870155559906,0.8444418166385406,1768042056.1720064,0.07913629710674286,0.1897915005683899
795,50880,50879,sea_abrupt4,sea,ts_drift_adapt,3,"error_divergence_ph_meta@error.threshold=0.10,error.min_instances=5",error_divergence_ph_meta,"{""divergence"": {""alpha"": 0.1, ""delta"": 0.005, ""min_instances"": 30, ""threshold"": 0.05}, ""error_rate"": {""alpha"": 0.15, ""delta"": 0.005, ""min_instances"": 5, ""threshold"": 0.1}}","{""error_rate"": {""min_instances"": 5, ""threshold"": 0.1}}",0.1,0.005,0.15,5,0.05,0.005,0.1,30,,,,-1,two_stage,2,0.5,"__confirm_cooldown=200,divergence=0.3,error_rate=0.5,teacher_entropy=0.2",3,0,200,0.0,0,10000,10.0,25.0,200,500,1,72,1.0,0.8876572327044026,0.7306703672262185,0.16666666666666666,0.1852242648601532,0.01540230493992567,0,0,149,149,-1,weighted,,,0,0,0,0.0,0.16666666666666666,0,0.0,0.0,0.0,0.0,0,none,0,1,0,overconfident,0.95,0,mild_drift,0.9517447952047597,0.0013856349362110273,0.7632435077779953,0.8497209083192703,1768042056.1838415,0.5559327602386475,0.11013444513082504
796,50944,50943,sea_abrupt4,sea,ts_drift_adapt,3,"error_divergence_ph_meta@error.threshold=0.10,error.min_instances=5",error_divergence_ph_meta,"{""divergence"": {""alpha"": 0.1, ""delta"": 0.005, ""min_instances"": 30, ""threshold"": 0.05}, ""error_rate"": {""alpha"": 0.15, ""delta"": 0.005, ""min_instances"": 5, ""threshold"": 0.1}}","{""error_rate"": {""min_instances"": 5, ""threshold"": 0.1}}",0.1,0.005,0.15,5,0.05,0.005,0.1,30,,,,-1,two_stage,2,0.5,"__confirm_cooldown=200,divergence=0.3,error_rate=0.5,teacher_entropy=0.2",3,0,200,0.0,0,10000,10.0,25.0,200,500,1,8,1.0,0.8875628140703518,0.7304824499314703,0.16666666666666666,0.2022184133529663,0.018656784668564796,0,0,149,149,-1,weighted,,,0,0,0,0.0,0.003254479728639126,0,0.0,0.0,0.0,0.0,0,none,0,1,0,overconfident,0.95,0,mild_drift,0.9560223976023798,0.0013428174681055136,0.7816217538889977,0.8523604541596351,1768042056.1950247,0.42375263571739197,0.1252262145280838
797,51008,51007,sea_abrupt4,sea,ts_drift_adapt,3,"error_divergence_ph_meta@error.threshold=0.10,error.min_instances=5",error_divergence_ph_meta,"{""divergence"": {""alpha"": 0.1, ""delta"": 0.005, ""min_instances"": 30, ""threshold"": 0.05}, ""error_rate"": {""alpha"": 0.15, ""delta"": 0.005, ""min_instances"": 5, ""threshold"": 0.1}}","{""error_rate"": {""min_instances"": 5, ""threshold"": 0.1}}",0.1,0.005,0.15,5,0.05,0.005,0.1,30,,,,-1,two_stage,2,0.5,"__confirm_cooldown=200,divergence=0.3,error_rate=0.5,teacher_entropy=0.2",3,0,200,0.0,0,10000,10.0,25.0,200,500,0,0,1.0,0.88758626097867,0.7305521825430166,0.0,0.15928563475608826,0.0063601527363061905,0,0,149,149,-1,weighted,,,0,0,0,0.0,0.16666666666666666,0,0.0,0.0,0.0,0.0,0,none,0,1,0,overconfident,0.95,0,mild_drift,0.9581611988011899,0.001321408734052757,0.7908108769444988,0.8536802270798176,1768042056.2066793,0.013083086349070072,0.06542754173278809
798,51072,51071,sea_abrupt4,sea,ts_drift_adapt,3,"error_divergence_ph_meta@error.threshold=0.10,error.min_instances=5",error_divergence_ph_meta,"{""divergence"": {""alpha"": 0.1, ""delta"": 0.005, ""min_instances"": 30, ""threshold"": 0.05}, ""error_rate"": {""alpha"": 0.15, ""delta"": 0.005, ""min_instances"": 5, ""threshold"": 0.1}}","{""error_rate"": {""min_instances"": 5, ""threshold"": 0.1}}",0.1,0.005,0.15,5,0.05,0.005,0.1,30,,,,-1,two_stage,2,0.5,"__confirm_cooldown=200,divergence=0.3,error_rate=0.5,teacher_entropy=0.2",3,0,200,0.0,0,10000,10.0,25.0,200,500,0,0,1.0,0.887609649122807,0.7306632176705136,0.0,0.167613685131073,0.008943784050643444,1,1,150,150,0,weighted,,,0,0,0,0.0,0.0025836313143372536,1,0.5,0.0,0.0,0.0,0,none,1,1,0,overconfident,0.95,0,stable,0.974080599400595,0.0010607043670263785,0.8954054384722494,0.8993401135399088,1768042056.2205725,0.049297939985990524,0.09336518496274948
799,51136,51135,sea_abrupt4,sea,ts_drift_adapt,3,"error_divergence_ph_meta@error.threshold=0.10,error.min_instances=5",error_divergence_ph_meta,"{""divergence"": {""alpha"": 0.1, ""delta"": 0.005, ""min_instances"": 30, ""threshold"": 0.05}, ""error_rate"": {""alpha"": 0.15, ""delta"": 0.005, ""min_instances"": 5, ""threshold"": 0.1}}","{""error_rate"": {""min_instances"": 5, ""threshold"": 0.1}}",0.1,0.005,0.15,5,0.05,0.005,0.1,30,,,,-1,two_stage,2,0.5,"__confirm_cooldown=200,divergence=0.3,error_rate=0.5,teacher_entropy=0.2",3,0,200,0.0,0,10000,10.0,25.0,200,500,1,136,1.0,0.8876329787234043,0.73075321591004,0.16666666666666666,0.18578436970710754,0.00826153252273798,0,0,150,150,-1,weighted,,,0,0,0,0.0,0.16666666666666666,0,0.0,0.0,0.0,0.0,0,none,0,1,0,overconfident,0.95,0,mild_drift,0.9671902997002975,0.0011803521835131894,0.8477027192361247,0.8771700567699544,1768042056.2350118,0.5907166600227356,0.07010285556316376
800,51200,51199,sea_abrupt4,sea,ts_drift_adapt,3,"error_divergence_ph_meta@error.threshold=0.10,error.min_instances=5",error_divergence_ph_meta,"{""divergence"": {""alpha"": 0.1, ""delta"": 0.005, ""min_instances"": 30, ""threshold"": 0.05}, ""error_rate"": {""alpha"": 0.15, ""delta"": 0.005, ""min_instances"": 5, ""threshold"": 0.1}}","{""error_rate"": {""min_instances"": 5, ""threshold"": 0.1}}",0.1,0.005,0.15,5,0.05,0.005,0.1,30,,,,-1,two_stage,2,0.5,"__confirm_cooldown=200,divergence=0.3,error_rate=0.5,teacher_entropy=0.2",3,0,200,0.0,0,10000,10.0,25.0,200,500,1,72,1.0,0.88771484375,0.7309658529226302,0.16666666666666666,0.17782433331012726,0.01093822531402111,0,0,150,150,-1,weighted,,,0,0,0,0.0,0.0026766927912831306,0,0.0,0.0,0.0,0.0,0,none,0,1,0,overconfident,0.95,0,mild_drift,0.9637451498501487,0.001240176091756595,0.8238513596180623,0.8660850283849773,1768042056.2494073,0.5348200798034668,0.10541671514511108
