step,seen_samples,sample_idx,dataset_name,dataset_type,model_variant,seed,monitor_preset,monitor_preset_base,monitor_ph_params,monitor_ph_overrides,ph_error_threshold,ph_error_delta,ph_error_alpha,ph_error_min_instances,ph_divergence_threshold,ph_divergence_delta,ph_divergence_alpha,ph_divergence_min_instances,ph_entropy_threshold,ph_entropy_delta,ph_entropy_alpha,ph_entropy_min_instances,trigger_mode,trigger_k,trigger_threshold,trigger_weights,confirm_window,confirm_cooldown,effective_confirm_cooldown,confirm_rate_per10k,adaptive_cooldown_enabled,adaptive_window,adaptive_lower_per10k,adaptive_upper_per10k,adaptive_cooldown_low,adaptive_cooldown_high,confirm_cooldown_active,confirm_cooldown_remaining,severity_scheduler_scale,metric_accuracy,metric_kappa,student_error_rate,teacher_entropy,divergence_js,drift_flag,candidate_flag,candidate_count_total,confirmed_count_total,confirm_delay,confirm_rule_effective,last_perm_pvalue,last_perm_effect,perm_test_count_total,perm_accept_count_total,perm_reject_count_total,monitor_severity,monitor_fused_severity,monitor_vote_count,monitor_vote_score,drift_severity_raw,drift_severity,severity_carry,use_severity_v2,severity_gate,severity_confirmed,severity_gate_min_streak,severity_confirmed_streak,entropy_mode,decay,freeze_baseline_steps,regime,alpha,lr,lambda_u,tau,timestamp,supervised_loss,unsupervised_loss
1,64,63,sine_nodrift,sine,ts_drift_adapt,3,"error_divergence_ph_meta@error.threshold=0.10,error.min_instances=5",error_divergence_ph_meta,"{""divergence"": {""alpha"": 0.1, ""delta"": 0.005, ""min_instances"": 30, ""threshold"": 0.05}, ""error_rate"": {""alpha"": 0.15, ""delta"": 0.005, ""min_instances"": 5, ""threshold"": 0.1}}","{""error_rate"": {""min_instances"": 5, ""threshold"": 0.1}}",0.1,0.005,0.15,5,0.05,0.005,0.1,30,,,,-1,two_stage,2,0.5,"__confirm_cooldown=200,divergence=0.3,error_rate=0.5,teacher_entropy=0.2",3,0,200,0.0,0,10000,10.0,25.0,200,500,0,0,1.0,0.40625,0.0,0.5,0.6186069250106812,0.001965054078027606,0,0,0,0,-1,weighted,,,0,0,0,0.0,0.0,0,0.0,0.0,0.0,0.0,0,none,0,1,0,overconfident,0.95,0,mild_drift,0.97515,0.00115,0.9,0.8775,1768232348.6663446,0.7207348942756653,0.007795406971126795
2,128,127,sine_nodrift,sine,ts_drift_adapt,3,"error_divergence_ph_meta@error.threshold=0.10,error.min_instances=5",error_divergence_ph_meta,"{""divergence"": {""alpha"": 0.1, ""delta"": 0.005, ""min_instances"": 30, ""threshold"": 0.05}, ""error_rate"": {""alpha"": 0.15, ""delta"": 0.005, ""min_instances"": 5, ""threshold"": 0.1}}","{""error_rate"": {""min_instances"": 5, ""threshold"": 0.1}}",0.1,0.005,0.15,5,0.05,0.005,0.1,30,,,,-1,two_stage,2,0.5,"__confirm_cooldown=200,divergence=0.3,error_rate=0.5,teacher_entropy=0.2",3,0,200,0.0,0,10000,10.0,25.0,200,500,0,0,1.0,0.4453125,0.034424139396515084,0.5,0.6182280778884888,0.006504611577838659,0,0,0,0,-1,weighted,,,0,0,0,0.0,0.004539557499811053,0,0.0,0.0,0.0,0.0,0,none,0,1,0,overconfident,0.95,0,mild_drift,0.967725,0.001225,0.8500000000000001,0.86625,1768232348.6784775,0.7132289409637451,0.025407442823052406
3,192,191,sine_nodrift,sine,ts_drift_adapt,3,"error_divergence_ph_meta@error.threshold=0.10,error.min_instances=5",error_divergence_ph_meta,"{""divergence"": {""alpha"": 0.1, ""delta"": 0.005, ""min_instances"": 30, ""threshold"": 0.05}, ""error_rate"": {""alpha"": 0.15, ""delta"": 0.005, ""min_instances"": 5, ""threshold"": 0.1}}","{""error_rate"": {""min_instances"": 5, ""threshold"": 0.1}}",0.1,0.005,0.15,5,0.05,0.005,0.1,30,,,,-1,two_stage,2,0.5,"__confirm_cooldown=200,divergence=0.3,error_rate=0.5,teacher_entropy=0.2",3,0,200,0.0,0,10000,10.0,25.0,200,500,0,0,1.0,0.5104166666666666,0.07389162561576346,0.6666666666666666,0.6159103512763977,0.00763558829203248,0,0,0,0,-1,weighted,,,0,0,0,0.0,0.16666666666666663,0,0.0,0.0,0.0,0.0,0,none,0,1,0,overconfident,0.95,0,mild_drift,0.9640124999999999,0.0012625000000000002,0.8250000000000001,0.860625,1768232348.691239,0.774667501449585,0.029880927875638008
4,256,255,sine_nodrift,sine,ts_drift_adapt,3,"error_divergence_ph_meta@error.threshold=0.10,error.min_instances=5",error_divergence_ph_meta,"{""divergence"": {""alpha"": 0.1, ""delta"": 0.005, ""min_instances"": 30, ""threshold"": 0.05}, ""error_rate"": {""alpha"": 0.15, ""delta"": 0.005, ""min_instances"": 5, ""threshold"": 0.1}}","{""error_rate"": {""min_instances"": 5, ""threshold"": 0.1}}",0.1,0.005,0.15,5,0.05,0.005,0.1,30,,,,-1,two_stage,2,0.5,"__confirm_cooldown=200,divergence=0.3,error_rate=0.5,teacher_entropy=0.2",3,0,200,0.0,0,10000,10.0,25.0,200,500,0,0,1.0,0.5703125,0.1638458340756577,0.3333333333333333,0.6266933679580688,0.017455996945500374,0,0,0,0,-1,weighted,,,0,0,0,0.0,0.3333333333333333,0,0.0,0.0,0.0,0.0,0,none,0,1,0,overconfident,0.95,0,mild_drift,0.9621562499999999,0.0012812500000000003,0.8125,0.8578125,1768232348.7023487,0.64373379945755,0.06899265199899673
5,320,319,sine_nodrift,sine,ts_drift_adapt,3,"error_divergence_ph_meta@error.threshold=0.10,error.min_instances=5",error_divergence_ph_meta,"{""divergence"": {""alpha"": 0.1, ""delta"": 0.005, ""min_instances"": 30, ""threshold"": 0.05}, ""error_rate"": {""alpha"": 0.15, ""delta"": 0.005, ""min_instances"": 5, ""threshold"": 0.1}}","{""error_rate"": {""min_instances"": 5, ""threshold"": 0.1}}",0.1,0.005,0.15,5,0.05,0.005,0.1,30,,,,-1,two_stage,2,0.5,"__confirm_cooldown=200,divergence=0.3,error_rate=0.5,teacher_entropy=0.2",3,0,200,0.0,0,10000,10.0,25.0,200,500,0,0,1.0,0.609375,0.25788497217068646,0.5,0.6369361877441406,0.015131517313420773,1,1,1,1,0,weighted,,,0,0,0,0.0,0.16666666666666669,1,0.5,0.0,0.0,0.0,0,none,1,1,0,overconfident,0.95,0,stable,0.9760781249999999,0.001040625,0.90625,0.90140625,1768232348.7129493,0.6424670219421387,0.059747785329818726
6,384,383,sine_nodrift,sine,ts_drift_adapt,3,"error_divergence_ph_meta@error.threshold=0.10,error.min_instances=5",error_divergence_ph_meta,"{""divergence"": {""alpha"": 0.1, ""delta"": 0.005, ""min_instances"": 30, ""threshold"": 0.05}, ""error_rate"": {""alpha"": 0.15, ""delta"": 0.005, ""min_instances"": 5, ""threshold"": 0.1}}","{""error_rate"": {""min_instances"": 5, ""threshold"": 0.1}}",0.1,0.005,0.15,5,0.05,0.005,0.1,30,,,,-1,two_stage,2,0.5,"__confirm_cooldown=200,divergence=0.3,error_rate=0.5,teacher_entropy=0.2",3,0,200,0.0,0,10000,10.0,25.0,200,500,1,136,1.0,0.6380208333333334,0.30985259891388683,0.3333333333333333,0.6459429264068604,0.017263589426875114,0,0,1,1,-1,weighted,,,0,0,0,0.0,0.16666666666666669,0,0.0,0.0,0.0,0.0,0,none,0,1,0,overconfident,0.95,0,mild_drift,0.9681890624999999,0.0011703125000000001,0.853125,0.878203125,1768232348.7235236,0.6371346712112427,0.06917540729045868
7,448,447,sine_nodrift,sine,ts_drift_adapt,3,"error_divergence_ph_meta@error.threshold=0.10,error.min_instances=5",error_divergence_ph_meta,"{""divergence"": {""alpha"": 0.1, ""delta"": 0.005, ""min_instances"": 30, ""threshold"": 0.05}, ""error_rate"": {""alpha"": 0.15, ""delta"": 0.005, ""min_instances"": 5, ""threshold"": 0.1}}","{""error_rate"": {""min_instances"": 5, ""threshold"": 0.1}}",0.1,0.005,0.15,5,0.05,0.005,0.1,30,,,,-1,two_stage,2,0.5,"__confirm_cooldown=200,divergence=0.3,error_rate=0.5,teacher_entropy=0.2",3,0,200,0.0,0,10000,10.0,25.0,200,500,1,72,1.0,0.6517857142857143,0.33262032085561505,0.3333333333333333,0.6380223631858826,0.016607744619250298,0,0,1,1,-1,weighted,,,0,0,0,0.0,0.0006558448076248169,0,0.0,0.0,0.0,0.0,0,none,0,1,0,overconfident,0.95,0,mild_drift,0.9642445312499999,0.0012351562500000001,0.8265625000000001,0.8666015625,1768232348.734471,0.6153716444969177,0.0658990740776062
8,512,511,sine_nodrift,sine,ts_drift_adapt,3,"error_divergence_ph_meta@error.threshold=0.10,error.min_instances=5",error_divergence_ph_meta,"{""divergence"": {""alpha"": 0.1, ""delta"": 0.005, ""min_instances"": 30, ""threshold"": 0.05}, ""error_rate"": {""alpha"": 0.15, ""delta"": 0.005, ""min_instances"": 5, ""threshold"": 0.1}}","{""error_rate"": {""min_instances"": 5, ""threshold"": 0.1}}",0.1,0.005,0.15,5,0.05,0.005,0.1,30,,,,-1,two_stage,2,0.5,"__confirm_cooldown=200,divergence=0.3,error_rate=0.5,teacher_entropy=0.2",3,0,200,0.0,0,10000,10.0,25.0,200,500,1,8,1.0,0.671875,0.366457980408043,0.3333333333333333,0.6472859382629395,0.021615631878376007,0,0,1,1,-1,weighted,,,0,0,0,0.0,0.0050078872591257095,0,0.0,0.0,0.0,0.0,0,none,0,1,0,overconfident,0.95,0,mild_drift,0.9622722656249999,0.001267578125,0.8132812500000001,0.86080078125,1768232348.7454295,0.5730166435241699,0.08767381310462952
9,576,575,sine_nodrift,sine,ts_drift_adapt,3,"error_divergence_ph_meta@error.threshold=0.10,error.min_instances=5",error_divergence_ph_meta,"{""divergence"": {""alpha"": 0.1, ""delta"": 0.005, ""min_instances"": 30, ""threshold"": 0.05}, ""error_rate"": {""alpha"": 0.15, ""delta"": 0.005, ""min_instances"": 5, ""threshold"": 0.1}}","{""error_rate"": {""min_instances"": 5, ""threshold"": 0.1}}",0.1,0.005,0.15,5,0.05,0.005,0.1,30,,,,-1,two_stage,2,0.5,"__confirm_cooldown=200,divergence=0.3,error_rate=0.5,teacher_entropy=0.2",3,0,200,0.0,0,10000,10.0,25.0,200,500,0,0,1.0,0.6805555555555556,0.3754478597020554,0.16666666666666666,0.6405231356620789,0.027794476598501205,0,0,1,1,-1,weighted,,,0,0,0,0.0,0.16666666666666666,0,0.0,0.0,0.0,0.0,0,none,0,1,0,overconfident,0.95,0,mild_drift,0.9612861328125,0.0012837890625,0.806640625,0.857900390625,1768232348.756916,0.5823957920074463,0.11252140998840332
10,640,639,sine_nodrift,sine,ts_drift_adapt,3,"error_divergence_ph_meta@error.threshold=0.10,error.min_instances=5",error_divergence_ph_meta,"{""divergence"": {""alpha"": 0.1, ""delta"": 0.005, ""min_instances"": 30, ""threshold"": 0.05}, ""error_rate"": {""alpha"": 0.15, ""delta"": 0.005, ""min_instances"": 5, ""threshold"": 0.1}}","{""error_rate"": {""min_instances"": 5, ""threshold"": 0.1}}",0.1,0.005,0.15,5,0.05,0.005,0.1,30,,,,-1,two_stage,2,0.5,"__confirm_cooldown=200,divergence=0.3,error_rate=0.5,teacher_entropy=0.2",3,0,200,0.0,0,10000,10.0,25.0,200,500,0,0,1.0,0.678125,0.36452237957062844,0.0,0.6535834074020386,0.03532813861966133,1,1,2,2,0,weighted,,,0,0,0,0.5,0.16666666666666666,1,0.5,0.0,0.0,0.0,0,none,1,1,0,overconfident,0.95,0,severe_drift,0.92614306640625,0.00164189453125,0.6533203125,0.8339501953125,1768232348.7684429,0.3980289399623871,0.14585117995738983
11,704,703,sine_nodrift,sine,ts_drift_adapt,3,"error_divergence_ph_meta@error.threshold=0.10,error.min_instances=5",error_divergence_ph_meta,"{""divergence"": {""alpha"": 0.1, ""delta"": 0.005, ""min_instances"": 30, ""threshold"": 0.05}, ""error_rate"": {""alpha"": 0.15, ""delta"": 0.005, ""min_instances"": 5, ""threshold"": 0.1}}","{""error_rate"": {""min_instances"": 5, ""threshold"": 0.1}}",0.1,0.005,0.15,5,0.05,0.005,0.1,30,,,,-1,two_stage,2,0.5,"__confirm_cooldown=200,divergence=0.3,error_rate=0.5,teacher_entropy=0.2",3,0,200,0.0,0,10000,10.0,25.0,200,500,1,136,1.0,0.6832386363636364,0.3703899770601729,0.3333333333333333,0.6570321917533875,0.04222644865512848,0,0,2,2,-1,weighted,,,0,0,0,0.0,0.3333333333333333,0,0.0,0.0,0.0,0.0,0,none,0,1,0,overconfident,0.95,0,mild_drift,0.943221533203125,0.001470947265625,0.72666015625,0.8444750976562501,1768232348.7797198,0.6986715793609619,0.17709118127822876
12,768,767,sine_nodrift,sine,ts_drift_adapt,3,"error_divergence_ph_meta@error.threshold=0.10,error.min_instances=5",error_divergence_ph_meta,"{""divergence"": {""alpha"": 0.1, ""delta"": 0.005, ""min_instances"": 30, ""threshold"": 0.05}, ""error_rate"": {""alpha"": 0.15, ""delta"": 0.005, ""min_instances"": 5, ""threshold"": 0.1}}","{""error_rate"": {""min_instances"": 5, ""threshold"": 0.1}}",0.1,0.005,0.15,5,0.05,0.005,0.1,30,,,,-1,two_stage,2,0.5,"__confirm_cooldown=200,divergence=0.3,error_rate=0.5,teacher_entropy=0.2",3,0,200,0.0,0,10000,10.0,25.0,200,500,1,72,1.0,0.6809895833333334,0.3621262458471761,0.6666666666666666,0.6604213714599609,0.033168330788612366,0,0,2,2,-1,weighted,,,0,0,0,0.0,0.3333333333333333,0,0.0,0.0,0.0,0.0,0,none,0,1,0,overconfident,0.95,0,mild_drift,0.9517607666015624,0.0013854736328125002,0.7633300781250001,0.849737548828125,1768232348.7911496,0.8085648417472839,0.13852322101593018
13,832,831,sine_nodrift,sine,ts_drift_adapt,3,"error_divergence_ph_meta@error.threshold=0.10,error.min_instances=5",error_divergence_ph_meta,"{""divergence"": {""alpha"": 0.1, ""delta"": 0.005, ""min_instances"": 30, ""threshold"": 0.05}, ""error_rate"": {""alpha"": 0.15, ""delta"": 0.005, ""min_instances"": 5, ""threshold"": 0.1}}","{""error_rate"": {""min_instances"": 5, ""threshold"": 0.1}}",0.1,0.005,0.15,5,0.05,0.005,0.1,30,,,,-1,two_stage,2,0.5,"__confirm_cooldown=200,divergence=0.3,error_rate=0.5,teacher_entropy=0.2",3,0,200,0.0,0,10000,10.0,25.0,200,500,1,8,1.0,0.7007211538461539,0.4000208519166387,0.0,0.665141224861145,0.023870669305324554,0,0,2,2,-1,weighted,,,0,0,0,0.0,0.6666666666666666,0,0.0,0.0,0.0,0.0,0,none,0,1,0,overconfident,0.95,0,mild_drift,0.9560303833007812,0.00134273681640625,0.7816650390625001,0.8523687744140624,1768232348.8028347,0.40872183442115784,0.09996636211872101
14,896,895,sine_nodrift,sine,ts_drift_adapt,3,"error_divergence_ph_meta@error.threshold=0.10,error.min_instances=5",error_divergence_ph_meta,"{""divergence"": {""alpha"": 0.1, ""delta"": 0.005, ""min_instances"": 30, ""threshold"": 0.05}, ""error_rate"": {""alpha"": 0.15, ""delta"": 0.005, ""min_instances"": 5, ""threshold"": 0.1}}","{""error_rate"": {""min_instances"": 5, ""threshold"": 0.1}}",0.1,0.005,0.15,5,0.05,0.005,0.1,30,,,,-1,two_stage,2,0.5,"__confirm_cooldown=200,divergence=0.3,error_rate=0.5,teacher_entropy=0.2",3,0,200,0.0,0,10000,10.0,25.0,200,500,0,0,1.0,0.7165178571428571,0.429190577471006,0.0,0.6721271872520447,0.019917715340852737,0,0,2,2,-1,weighted,,,0,0,0,0.0,0.003952953964471817,0,0.0,0.0,0.0,0.0,0,none,0,1,0,overconfident,0.95,0,mild_drift,0.9581651916503906,0.0013213684082031252,0.79083251953125,0.8536843872070312,1768232348.8145351,0.44775891304016113,0.0829278975725174
15,960,959,sine_nodrift,sine,ts_drift_adapt,3,"error_divergence_ph_meta@error.threshold=0.10,error.min_instances=5",error_divergence_ph_meta,"{""divergence"": {""alpha"": 0.1, ""delta"": 0.005, ""min_instances"": 30, ""threshold"": 0.05}, ""error_rate"": {""alpha"": 0.15, ""delta"": 0.005, ""min_instances"": 5, ""threshold"": 0.1}}","{""error_rate"": {""min_instances"": 5, ""threshold"": 0.1}}",0.1,0.005,0.15,5,0.05,0.005,0.1,30,,,,-1,two_stage,2,0.5,"__confirm_cooldown=200,divergence=0.3,error_rate=0.5,teacher_entropy=0.2",3,0,200,0.0,0,10000,10.0,25.0,200,500,0,0,1.0,0.7291666666666666,0.4533293033890955,0.0,0.6683300137519836,0.016520094126462936,1,1,3,3,0,weighted,,,0,0,0,0.0,0.003397621214389801,1,0.5,0.0,0.0,0.0,0,none,1,1,0,overconfident,0.95,0,stable,0.9740825958251953,0.0010606842041015626,0.895416259765625,0.8993421936035156,1768232348.8260589,0.43170133233070374,0.0685492604970932
16,1024,1023,sine_nodrift,sine,ts_drift_adapt,3,"error_divergence_ph_meta@error.threshold=0.10,error.min_instances=5",error_divergence_ph_meta,"{""divergence"": {""alpha"": 0.1, ""delta"": 0.005, ""min_instances"": 30, ""threshold"": 0.05}, ""error_rate"": {""alpha"": 0.15, ""delta"": 0.005, ""min_instances"": 5, ""threshold"": 0.1}}","{""error_rate"": {""min_instances"": 5, ""threshold"": 0.1}}",0.1,0.005,0.15,5,0.05,0.005,0.1,30,,,,-1,two_stage,2,0.5,"__confirm_cooldown=200,divergence=0.3,error_rate=0.5,teacher_entropy=0.2",3,0,200,0.0,0,10000,10.0,25.0,200,500,1,136,1.0,0.73828125,0.4731458586106802,0.0,0.663560152053833,0.008610961958765984,0,0,3,3,-1,weighted,,,0,0,0,0.0,0.007909132167696953,0,0.0,0.0,0.0,0.0,0,none,0,1,0,overconfident,0.95,0,mild_drift,0.9671912979125976,0.0011803421020507815,0.8477081298828125,0.8771710968017579,1768232348.8376691,0.4500774145126343,0.03517135977745056
17,1088,1087,sine_nodrift,sine,ts_drift_adapt,3,"error_divergence_ph_meta@error.threshold=0.10,error.min_instances=5",error_divergence_ph_meta,"{""divergence"": {""alpha"": 0.1, ""delta"": 0.005, ""min_instances"": 30, ""threshold"": 0.05}, ""error_rate"": {""alpha"": 0.15, ""delta"": 0.005, ""min_instances"": 5, ""threshold"": 0.1}}","{""error_rate"": {""min_instances"": 5, ""threshold"": 0.1}}",0.1,0.005,0.15,5,0.05,0.005,0.1,30,,,,-1,two_stage,2,0.5,"__confirm_cooldown=200,divergence=0.3,error_rate=0.5,teacher_entropy=0.2",3,0,200,0.0,0,10000,10.0,25.0,200,500,1,72,1.0,0.75,0.49696584407328204,0.16666666666666666,0.6650538444519043,0.00976787693798542,0,0,3,3,-1,weighted,,,0,0,0,0.0,0.16666666666666666,0,0.0,0.0,0.0,0.0,0,none,0,1,0,overconfident,0.95,0,mild_drift,0.9637456489562988,0.001240171051025391,0.8238540649414063,0.8660855484008789,1768232348.8491747,0.4435720145702362,0.04023916274309158
18,1152,1151,sine_nodrift,sine,ts_drift_adapt,3,"error_divergence_ph_meta@error.threshold=0.10,error.min_instances=5",error_divergence_ph_meta,"{""divergence"": {""alpha"": 0.1, ""delta"": 0.005, ""min_instances"": 30, ""threshold"": 0.05}, ""error_rate"": {""alpha"": 0.15, ""delta"": 0.005, ""min_instances"": 5, ""threshold"": 0.1}}","{""error_rate"": {""min_instances"": 5, ""threshold"": 0.1}}",0.1,0.005,0.15,5,0.05,0.005,0.1,30,,,,-1,two_stage,2,0.5,"__confirm_cooldown=200,divergence=0.3,error_rate=0.5,teacher_entropy=0.2",3,0,200,0.0,0,10000,10.0,25.0,200,500,1,8,1.0,0.7604166666666666,0.5181391908972147,0.0,0.6659305691719055,0.010563204064965248,0,0,3,3,-1,weighted,,,0,0,0,0.0,0.16666666666666666,0,0.0,0.0,0.0,0.0,0,none,0,1,0,overconfident,0.95,0,mild_drift,0.9620228244781494,0.0012700855255126956,0.8119270324707032,0.8605427742004395,1768232348.860675,0.45960649847984314,0.04380229115486145
19,1216,1215,sine_nodrift,sine,ts_drift_adapt,3,"error_divergence_ph_meta@error.threshold=0.10,error.min_instances=5",error_divergence_ph_meta,"{""divergence"": {""alpha"": 0.1, ""delta"": 0.005, ""min_instances"": 30, ""threshold"": 0.05}, ""error_rate"": {""alpha"": 0.15, ""delta"": 0.005, ""min_instances"": 5, ""threshold"": 0.1}}","{""error_rate"": {""min_instances"": 5, ""threshold"": 0.1}}",0.1,0.005,0.15,5,0.05,0.005,0.1,30,,,,-1,two_stage,2,0.5,"__confirm_cooldown=200,divergence=0.3,error_rate=0.5,teacher_entropy=0.2",3,0,200,0.0,0,10000,10.0,25.0,200,500,0,0,1.0,0.7697368421052632,0.5374177017072396,0.0,0.6649622321128845,0.009558003395795822,0,0,3,3,-1,weighted,,,0,0,0,0.0,0.001005200669169426,0,0.0,0.0,0.0,0.0,0,none,0,1,0,overconfident,0.95,0,mild_drift,0.9611614122390746,0.0012850427627563478,0.8059635162353516,0.8577713871002197,1768232348.8743892,0.46734508872032166,0.04008663445711136
20,1280,1279,sine_nodrift,sine,ts_drift_adapt,3,"error_divergence_ph_meta@error.threshold=0.10,error.min_instances=5",error_divergence_ph_meta,"{""divergence"": {""alpha"": 0.1, ""delta"": 0.005, ""min_instances"": 30, ""threshold"": 0.05}, ""error_rate"": {""alpha"": 0.15, ""delta"": 0.005, ""min_instances"": 5, ""threshold"": 0.1}}","{""error_rate"": {""min_instances"": 5, ""threshold"": 0.1}}",0.1,0.005,0.15,5,0.05,0.005,0.1,30,,,,-1,two_stage,2,0.5,"__confirm_cooldown=200,divergence=0.3,error_rate=0.5,teacher_entropy=0.2",3,0,200,0.0,0,10000,10.0,25.0,200,500,0,0,1.0,0.77109375,0.5402704637502085,0.3333333333333333,0.6721920967102051,0.006904530338943005,1,1,4,4,0,weighted,,,0,0,0,0.3333333333333333,0.3333333333333333,1,0.5,0.0,0.0,0.0,0,none,1,1,0,overconfident,0.95,0,severe_drift,0.9260807061195373,0.001642521381378174,0.6529817581176758,0.8338856935501099,1768232348.8882115,0.5442495346069336,0.02874772623181343
21,1344,1343,sine_nodrift,sine,ts_drift_adapt,3,"error_divergence_ph_meta@error.threshold=0.10,error.min_instances=5",error_divergence_ph_meta,"{""divergence"": {""alpha"": 0.1, ""delta"": 0.005, ""min_instances"": 30, ""threshold"": 0.05}, ""error_rate"": {""alpha"": 0.15, ""delta"": 0.005, ""min_instances"": 5, ""threshold"": 0.1}}","{""error_rate"": {""min_instances"": 5, ""threshold"": 0.1}}",0.1,0.005,0.15,5,0.05,0.005,0.1,30,,,,-1,two_stage,2,0.5,"__confirm_cooldown=200,divergence=0.3,error_rate=0.5,teacher_entropy=0.2",3,0,200,0.0,0,10000,10.0,25.0,200,500,1,136,1.0,0.7797619047619048,0.5577689243027889,0.0,0.6684285998344421,0.009281909093260765,0,0,4,4,-1,weighted,,,0,0,0,0.0,0.3333333333333333,0,0.0,0.0,0.0,0.0,0,none,0,1,0,overconfident,0.95,0,mild_drift,0.9431903530597686,0.001471260690689087,0.7264908790588379,0.8444428467750549,1768232348.902063,0.42235562205314636,0.03882530704140663
22,1408,1407,sine_nodrift,sine,ts_drift_adapt,3,"error_divergence_ph_meta@error.threshold=0.10,error.min_instances=5",error_divergence_ph_meta,"{""divergence"": {""alpha"": 0.1, ""delta"": 0.005, ""min_instances"": 30, ""threshold"": 0.05}, ""error_rate"": {""alpha"": 0.15, ""delta"": 0.005, ""min_instances"": 5, ""threshold"": 0.1}}","{""error_rate"": {""min_instances"": 5, ""threshold"": 0.1}}",0.1,0.005,0.15,5,0.05,0.005,0.1,30,,,,-1,two_stage,2,0.5,"__confirm_cooldown=200,divergence=0.3,error_rate=0.5,teacher_entropy=0.2",3,0,200,0.0,0,10000,10.0,25.0,200,500,1,72,1.0,0.78125,0.5616642172272076,0.0,0.6655148863792419,0.009309775196015835,0,0,4,4,-1,weighted,,,0,0,0,0.0,2.7866102755069733e-05,0,0.0,0.0,0.0,0.0,0,none,0,1,0,overconfident,0.95,0,mild_drift,0.9517451765298843,0.0013856303453445434,0.763245439529419,0.8497214233875274,1768232348.9137516,0.4196706712245941,0.039414916187524796
23,1472,1471,sine_nodrift,sine,ts_drift_adapt,3,"error_divergence_ph_meta@error.threshold=0.10,error.min_instances=5",error_divergence_ph_meta,"{""divergence"": {""alpha"": 0.1, ""delta"": 0.005, ""min_instances"": 30, ""threshold"": 0.05}, ""error_rate"": {""alpha"": 0.15, ""delta"": 0.005, ""min_instances"": 5, ""threshold"": 0.1}}","{""error_rate"": {""min_instances"": 5, ""threshold"": 0.1}}",0.1,0.005,0.15,5,0.05,0.005,0.1,30,,,,-1,two_stage,2,0.5,"__confirm_cooldown=200,divergence=0.3,error_rate=0.5,teacher_entropy=0.2",3,0,200,0.0,0,10000,10.0,25.0,200,500,1,8,1.0,0.782608695652174,0.564589630533448,0.0,0.6611920595169067,0.00892707984894514,0,0,4,4,-1,weighted,,,0,0,0,0.0,0.00038269534707069397,0,0.0,0.0,0.0,0.0,0,none,0,1,0,overconfident,0.95,0,mild_drift,0.9560225882649421,0.0013428151726722717,0.7816227197647095,0.8523607116937637,1768232348.9251587,0.2454117387533188,0.037231773138046265
24,1536,1535,sine_nodrift,sine,ts_drift_adapt,3,"error_divergence_ph_meta@error.threshold=0.10,error.min_instances=5",error_divergence_ph_meta,"{""divergence"": {""alpha"": 0.1, ""delta"": 0.005, ""min_instances"": 30, ""threshold"": 0.05}, ""error_rate"": {""alpha"": 0.15, ""delta"": 0.005, ""min_instances"": 5, ""threshold"": 0.1}}","{""error_rate"": {""min_instances"": 5, ""threshold"": 0.1}}",0.1,0.005,0.15,5,0.05,0.005,0.1,30,,,,-1,two_stage,2,0.5,"__confirm_cooldown=200,divergence=0.3,error_rate=0.5,teacher_entropy=0.2",3,0,200,0.0,0,10000,10.0,25.0,200,500,0,0,1.0,0.7845052083333334,0.5689577992105157,0.0,0.6675258874893188,0.01047725509852171,0,0,4,4,-1,weighted,,,0,0,0,0.0,0.0015501752495765686,0,0.0,0.0,0.0,0.0,0,none,0,1,0,overconfident,0.95,0,mild_drift,0.9581612941324711,0.001321407586336136,0.7908113598823547,0.8536803558468818,1768232348.9367454,0.3446347415447235,0.044812437146902084
25,1600,1599,sine_nodrift,sine,ts_drift_adapt,3,"error_divergence_ph_meta@error.threshold=0.10,error.min_instances=5",error_divergence_ph_meta,"{""divergence"": {""alpha"": 0.1, ""delta"": 0.005, ""min_instances"": 30, ""threshold"": 0.05}, ""error_rate"": {""alpha"": 0.15, ""delta"": 0.005, ""min_instances"": 5, ""threshold"": 0.1}}","{""error_rate"": {""min_instances"": 5, ""threshold"": 0.1}}",0.1,0.005,0.15,5,0.05,0.005,0.1,30,,,,-1,two_stage,2,0.5,"__confirm_cooldown=200,divergence=0.3,error_rate=0.5,teacher_entropy=0.2",3,0,200,0.0,0,10000,10.0,25.0,200,500,0,0,1.0,0.79,0.5800000000000001,0.0,0.6629729866981506,0.012220400385558605,0,0,4,4,-1,weighted,,,0,0,0,0.0,0.0017431452870368958,0,0.0,0.0,0.0,0.0,0,none,0,1,0,overconfident,0.95,0,mild_drift,0.9592306470662355,0.001310703793168068,0.7954056799411774,0.854340177923441,1768232348.94862,0.29772868752479553,0.05284097418189049
26,1664,1663,sine_nodrift,sine,ts_drift_adapt,3,"error_divergence_ph_meta@error.threshold=0.10,error.min_instances=5",error_divergence_ph_meta,"{""divergence"": {""alpha"": 0.1, ""delta"": 0.005, ""min_instances"": 30, ""threshold"": 0.05}, ""error_rate"": {""alpha"": 0.15, ""delta"": 0.005, ""min_instances"": 5, ""threshold"": 0.1}}","{""error_rate"": {""min_instances"": 5, ""threshold"": 0.1}}",0.1,0.005,0.15,5,0.05,0.005,0.1,30,,,,-1,two_stage,2,0.5,"__confirm_cooldown=200,divergence=0.3,error_rate=0.5,teacher_entropy=0.2",3,0,200,0.0,0,10000,10.0,25.0,200,500,0,0,1.0,0.7902644230769231,0.5811303226402086,0.16666666666666666,0.6415399312973022,0.01599590852856636,1,1,5,5,0,weighted,,,0,0,0,0.16666666666666666,0.16666666666666666,1,0.5,0.0,0.0,0.0,0,none,1,1,0,overconfident,0.95,0,severe_drift,0.9251153235331178,0.001655351896584034,0.6477028399705886,0.8321700889617205,1768232348.9602308,0.35559239983558655,0.07088019698858261
27,1728,1727,sine_nodrift,sine,ts_drift_adapt,3,"error_divergence_ph_meta@error.threshold=0.10,error.min_instances=5",error_divergence_ph_meta,"{""divergence"": {""alpha"": 0.1, ""delta"": 0.005, ""min_instances"": 30, ""threshold"": 0.05}, ""error_rate"": {""alpha"": 0.15, ""delta"": 0.005, ""min_instances"": 5, ""threshold"": 0.1}}","{""error_rate"": {""min_instances"": 5, ""threshold"": 0.1}}",0.1,0.005,0.15,5,0.05,0.005,0.1,30,,,,-1,two_stage,2,0.5,"__confirm_cooldown=200,divergence=0.3,error_rate=0.5,teacher_entropy=0.2",3,0,200,0.0,0,10000,10.0,25.0,200,500,1,136,1.0,0.7910879629629629,0.583097416814365,0.16666666666666666,0.648052453994751,0.014193905517458916,0,0,5,5,-1,weighted,,,0,0,0,0.0,0.0018020030111074448,0,0.0,0.0,0.0,0.0,0,none,0,1,0,overconfident,0.95,0,mild_drift,0.9427076617665588,0.001477675948292017,0.7238514199852943,0.8435850444808602,1768232348.971921,0.3875441551208496,0.06196991726756096
28,1792,1791,sine_nodrift,sine,ts_drift_adapt,3,"error_divergence_ph_meta@error.threshold=0.10,error.min_instances=5",error_divergence_ph_meta,"{""divergence"": {""alpha"": 0.1, ""delta"": 0.005, ""min_instances"": 30, ""threshold"": 0.05}, ""error_rate"": {""alpha"": 0.15, ""delta"": 0.005, ""min_instances"": 5, ""threshold"": 0.1}}","{""error_rate"": {""min_instances"": 5, ""threshold"": 0.1}}",0.1,0.005,0.15,5,0.05,0.005,0.1,30,,,,-1,two_stage,2,0.5,"__confirm_cooldown=200,divergence=0.3,error_rate=0.5,teacher_entropy=0.2",3,0,200,0.0,0,10000,10.0,25.0,200,500,1,72,1.0,0.7885044642857143,0.5784550070136674,0.0,0.636100172996521,0.01354229636490345,0,0,5,5,-1,weighted,,,0,0,0,0.0,0.16666666666666666,0,0.0,0.0,0.0,0.0,0,none,0,1,0,overconfident,0.95,0,mild_drift,0.9515038308832794,0.0013888379741460086,0.7619257099926472,0.8492925222404302,1768232348.9848514,0.2709178626537323,0.13216868042945862
29,1856,1855,sine_nodrift,sine,ts_drift_adapt,3,"error_divergence_ph_meta@error.threshold=0.10,error.min_instances=5",error_divergence_ph_meta,"{""divergence"": {""alpha"": 0.1, ""delta"": 0.005, ""min_instances"": 30, ""threshold"": 0.05}, ""error_rate"": {""alpha"": 0.15, ""delta"": 0.005, ""min_instances"": 5, ""threshold"": 0.1}}","{""error_rate"": {""min_instances"": 5, ""threshold"": 0.1}}",0.1,0.005,0.15,5,0.05,0.005,0.1,30,,,,-1,two_stage,2,0.5,"__confirm_cooldown=200,divergence=0.3,error_rate=0.5,teacher_entropy=0.2",3,0,200,0.0,0,10000,10.0,25.0,200,500,1,8,1.0,0.787176724137931,0.5763301518027004,0.16666666666666666,0.6294307112693787,0.010271541774272919,0,0,5,5,-1,weighted,,,0,0,0,0.0,0.16666666666666666,0,0.0,0.0,0.0,0.0,0,none,0,1,0,overconfident,0.95,0,mild_drift,0.9559019154416397,0.0013444189870730045,0.7809628549963237,0.8521462611202151,1768232348.9980743,0.3586767613887787,0.09946567565202713
30,1920,1919,sine_nodrift,sine,ts_drift_adapt,3,"error_divergence_ph_meta@error.threshold=0.10,error.min_instances=5",error_divergence_ph_meta,"{""divergence"": {""alpha"": 0.1, ""delta"": 0.005, ""min_instances"": 30, ""threshold"": 0.05}, ""error_rate"": {""alpha"": 0.15, ""delta"": 0.005, ""min_instances"": 5, ""threshold"": 0.1}}","{""error_rate"": {""min_instances"": 5, ""threshold"": 0.1}}",0.1,0.005,0.15,5,0.05,0.005,0.1,30,,,,-1,two_stage,2,0.5,"__confirm_cooldown=200,divergence=0.3,error_rate=0.5,teacher_entropy=0.2",3,0,200,0.0,0,10000,10.0,25.0,200,500,0,0,1.0,0.7890625,0.5802157224759498,0.0,0.645448625087738,0.013158617541193962,0,0,5,5,-1,weighted,,,0,0,0,0.0,0.16666666666666666,0,0.0,0.0,0.0,0.0,0,none,0,1,0,overconfident,0.95,0,mild_drift,0.9581009577208198,0.0013222094935365024,0.7904814274981619,0.8535731305601075,1768232349.0101411,0.20149922370910645,0.05779523774981499
31,1984,1983,sine_nodrift,sine,ts_drift_adapt,3,"error_divergence_ph_meta@error.threshold=0.10,error.min_instances=5",error_divergence_ph_meta,"{""divergence"": {""alpha"": 0.1, ""delta"": 0.005, ""min_instances"": 30, ""threshold"": 0.05}, ""error_rate"": {""alpha"": 0.15, ""delta"": 0.005, ""min_instances"": 5, ""threshold"": 0.1}}","{""error_rate"": {""min_instances"": 5, ""threshold"": 0.1}}",0.1,0.005,0.15,5,0.05,0.005,0.1,30,,,,-1,two_stage,2,0.5,"__confirm_cooldown=200,divergence=0.3,error_rate=0.5,teacher_entropy=0.2",3,0,200,0.0,0,10000,10.0,25.0,200,500,0,0,1.0,0.7923387096774194,0.5868688869930172,0.16666666666666666,0.6210556626319885,0.01552607212215662,1,1,6,6,0,weighted,,,0,0,0,0.0,0.16666666666666666,1,0.5,0.0,0.0,0.0,0,none,1,1,0,overconfident,0.95,0,stable,0.9740504788604099,0.0010611047467682512,0.895240713749081,0.8992865652800538,1768232349.0233984,0.4703420400619507,0.13916805386543274
32,2048,2047,sine_nodrift,sine,ts_drift_adapt,3,"error_divergence_ph_meta@error.threshold=0.10,error.min_instances=5",error_divergence_ph_meta,"{""divergence"": {""alpha"": 0.1, ""delta"": 0.005, ""min_instances"": 30, ""threshold"": 0.05}, ""error_rate"": {""alpha"": 0.15, ""delta"": 0.005, ""min_instances"": 5, ""threshold"": 0.1}}","{""error_rate"": {""min_instances"": 5, ""threshold"": 0.1}}",0.1,0.005,0.15,5,0.05,0.005,0.1,30,,,,-1,two_stage,2,0.5,"__confirm_cooldown=200,divergence=0.3,error_rate=0.5,teacher_entropy=0.2",3,0,200,0.0,0,10000,10.0,25.0,200,500,1,136,1.0,0.79638671875,0.5950120071473826,0.0,0.6007689237594604,0.016881274059414864,0,0,6,6,-1,weighted,,,0,0,0,0.0,0.16666666666666666,0,0.0,0.0,0.0,0.0,0,none,0,1,0,overconfident,0.95,0,mild_drift,0.9671752394302049,0.0011805523733841258,0.8476203568745405,0.8771432826400269,1768232349.0353816,0.26401954889297485,0.07721282541751862
33,2112,2111,sine_nodrift,sine,ts_drift_adapt,3,"error_divergence_ph_meta@error.threshold=0.10,error.min_instances=5",error_divergence_ph_meta,"{""divergence"": {""alpha"": 0.1, ""delta"": 0.005, ""min_instances"": 30, ""threshold"": 0.05}, ""error_rate"": {""alpha"": 0.15, ""delta"": 0.005, ""min_instances"": 5, ""threshold"": 0.1}}","{""error_rate"": {""min_instances"": 5, ""threshold"": 0.1}}",0.1,0.005,0.15,5,0.05,0.005,0.1,30,,,,-1,two_stage,2,0.5,"__confirm_cooldown=200,divergence=0.3,error_rate=0.5,teacher_entropy=0.2",3,0,200,0.0,0,10000,10.0,25.0,200,500,1,72,1.0,0.8006628787878788,0.6034614705362923,0.0,0.5987372398376465,0.014325087890028954,0,0,6,6,-1,weighted,,,0,0,0,0.0,0.00255618616938591,0,0.0,0.0,0.0,0.0,0,none,0,1,0,overconfident,0.95,0,mild_drift,0.9637376197151024,0.001240276186692063,0.8238101784372702,0.8660716413200135,1768232349.0472443,0.1363493800163269,0.06374286860227585
34,2176,2175,sine_nodrift,sine,ts_drift_adapt,3,"error_divergence_ph_meta@error.threshold=0.10,error.min_instances=5",error_divergence_ph_meta,"{""divergence"": {""alpha"": 0.1, ""delta"": 0.005, ""min_instances"": 30, ""threshold"": 0.05}, ""error_rate"": {""alpha"": 0.15, ""delta"": 0.005, ""min_instances"": 5, ""threshold"": 0.1}}","{""error_rate"": {""min_instances"": 5, ""threshold"": 0.1}}",0.1,0.005,0.15,5,0.05,0.005,0.1,30,,,,-1,two_stage,2,0.5,"__confirm_cooldown=200,divergence=0.3,error_rate=0.5,teacher_entropy=0.2",3,0,200,0.0,0,10000,10.0,25.0,200,500,1,8,1.0,0.8056066176470589,0.6132246407261115,0.0,0.6158050894737244,0.016593769192695618,0,0,6,6,-1,weighted,,,0,0,0,0.0,0.002268681302666664,0,0.0,0.0,0.0,0.0,0,none,0,1,0,overconfident,0.95,0,mild_drift,0.9620188098575512,0.0012701380933460315,0.8119050892186351,0.8605358206600067,1768232349.0594718,0.27097031474113464,0.07415424287319183
35,2240,2239,sine_nodrift,sine,ts_drift_adapt,3,"error_divergence_ph_meta@error.threshold=0.10,error.min_instances=5",error_divergence_ph_meta,"{""divergence"": {""alpha"": 0.1, ""delta"": 0.005, ""min_instances"": 30, ""threshold"": 0.05}, ""error_rate"": {""alpha"": 0.15, ""delta"": 0.005, ""min_instances"": 5, ""threshold"": 0.1}}","{""error_rate"": {""min_instances"": 5, ""threshold"": 0.1}}",0.1,0.005,0.15,5,0.05,0.005,0.1,30,,,,-1,two_stage,2,0.5,"__confirm_cooldown=200,divergence=0.3,error_rate=0.5,teacher_entropy=0.2",3,0,200,0.0,0,10000,10.0,25.0,200,500,0,0,1.0,0.8084821428571428,0.6189291821189846,0.0,0.61101233959198,0.01680937223136425,0,0,6,6,-1,weighted,,,0,0,0,0.0,0.0002156030386686325,0,0.0,0.0,0.0,0.0,0,none,0,1,0,overconfident,0.95,0,mild_drift,0.9611594049287755,0.001285069046673016,0.8059525446093176,0.8577679103300033,1768232349.0743248,0.21322697401046753,0.13798236846923828
36,2304,2303,sine_nodrift,sine,ts_drift_adapt,3,"error_divergence_ph_meta@error.threshold=0.10,error.min_instances=5",error_divergence_ph_meta,"{""divergence"": {""alpha"": 0.1, ""delta"": 0.005, ""min_instances"": 30, ""threshold"": 0.05}, ""error_rate"": {""alpha"": 0.15, ""delta"": 0.005, ""min_instances"": 5, ""threshold"": 0.1}}","{""error_rate"": {""min_instances"": 5, ""threshold"": 0.1}}",0.1,0.005,0.15,5,0.05,0.005,0.1,30,,,,-1,two_stage,2,0.5,"__confirm_cooldown=200,divergence=0.3,error_rate=0.5,teacher_entropy=0.2",3,0,200,0.0,0,10000,10.0,25.0,200,500,0,0,1.0,0.8125,0.6268803531585135,0.16666666666666666,0.5967392325401306,0.019456520676612854,1,1,7,7,0,weighted,,,0,0,0,0.0,0.16666666666666666,1,0.5,0.0,0.0,0.0,0,none,1,1,0,overconfident,0.95,0,stable,0.9755797024643877,0.001042534523336508,0.9029762723046588,0.9013839551650017,1768232349.090435,0.2809615433216095,0.16093727946281433
37,2368,2367,sine_nodrift,sine,ts_drift_adapt,3,"error_divergence_ph_meta@error.threshold=0.10,error.min_instances=5",error_divergence_ph_meta,"{""divergence"": {""alpha"": 0.1, ""delta"": 0.005, ""min_instances"": 30, ""threshold"": 0.05}, ""error_rate"": {""alpha"": 0.15, ""delta"": 0.005, ""min_instances"": 5, ""threshold"": 0.1}}","{""error_rate"": {""min_instances"": 5, ""threshold"": 0.1}}",0.1,0.005,0.15,5,0.05,0.005,0.1,30,,,,-1,two_stage,2,0.5,"__confirm_cooldown=200,divergence=0.3,error_rate=0.5,teacher_entropy=0.2",3,0,200,0.0,0,10000,10.0,25.0,200,500,1,136,1.0,0.815456081081081,0.6327241029776286,0.16666666666666666,0.5975095629692078,0.020868441089987755,0,0,7,7,-1,weighted,,,0,0,0,0.0,0.0014119204133749008,0,0.0,0.0,0.0,0.0,0,none,0,1,0,overconfident,0.95,0,mild_drift,0.9679398512321938,0.001171267261668254,0.8514881361523294,0.8781919775825009,1768232349.1048152,0.38008806109428406,0.09605184197425842
38,2432,2431,sine_nodrift,sine,ts_drift_adapt,3,"error_divergence_ph_meta@error.threshold=0.10,error.min_instances=5",error_divergence_ph_meta,"{""divergence"": {""alpha"": 0.1, ""delta"": 0.005, ""min_instances"": 30, ""threshold"": 0.05}, ""error_rate"": {""alpha"": 0.15, ""delta"": 0.005, ""min_instances"": 5, ""threshold"": 0.1}}","{""error_rate"": {""min_instances"": 5, ""threshold"": 0.1}}",0.1,0.005,0.15,5,0.05,0.005,0.1,30,,,,-1,two_stage,2,0.5,"__confirm_cooldown=200,divergence=0.3,error_rate=0.5,teacher_entropy=0.2",3,0,200,0.0,0,10000,10.0,25.0,200,500,1,72,1.0,0.8170230263157895,0.6358811068912893,0.3333333333333333,0.5815688967704773,0.017311204224824905,0,0,7,7,-1,weighted,,,0,0,0,0.0,0.16666666666666666,0,0.0,0.0,0.0,0.0,0,none,0,1,0,overconfident,0.95,0,mild_drift,0.9641199256160968,0.001235633630834127,0.8257440680761647,0.8665959887912504,1768232349.1177824,0.5128011703491211,0.1418214738368988
39,2496,2495,sine_nodrift,sine,ts_drift_adapt,3,"error_divergence_ph_meta@error.threshold=0.10,error.min_instances=5",error_divergence_ph_meta,"{""divergence"": {""alpha"": 0.1, ""delta"": 0.005, ""min_instances"": 30, ""threshold"": 0.05}, ""error_rate"": {""alpha"": 0.15, ""delta"": 0.005, ""min_instances"": 5, ""threshold"": 0.1}}","{""error_rate"": {""min_instances"": 5, ""threshold"": 0.1}}",0.1,0.005,0.15,5,0.05,0.005,0.1,30,,,,-1,two_stage,2,0.5,"__confirm_cooldown=200,divergence=0.3,error_rate=0.5,teacher_entropy=0.2",3,0,200,0.0,0,10000,10.0,25.0,200,500,1,8,1.0,0.8193108974358975,0.6403242173820801,0.16666666666666666,0.5971789360046387,0.02458597533404827,0,0,7,7,-1,weighted,,,0,0,0,0.0,0.16666666666666666,0,0.0,0.0,0.0,0.0,0,none,0,1,0,overconfident,0.95,0,mild_drift,0.9622099628080484,0.0012678168154170635,0.8128720340380824,0.8607979943956252,1768232349.1308208,0.3252466917037964,0.19884377717971802
40,2560,2559,sine_nodrift,sine,ts_drift_adapt,3,"error_divergence_ph_meta@error.threshold=0.10,error.min_instances=5",error_divergence_ph_meta,"{""divergence"": {""alpha"": 0.1, ""delta"": 0.005, ""min_instances"": 30, ""threshold"": 0.05}, ""error_rate"": {""alpha"": 0.15, ""delta"": 0.005, ""min_instances"": 5, ""threshold"": 0.1}}","{""error_rate"": {""min_instances"": 5, ""threshold"": 0.1}}",0.1,0.005,0.15,5,0.05,0.005,0.1,30,,,,-1,two_stage,2,0.5,"__confirm_cooldown=200,divergence=0.3,error_rate=0.5,teacher_entropy=0.2",3,0,200,0.0,0,10000,10.0,25.0,200,500,0,0,1.0,0.82265625,0.646821441594749,0.16666666666666666,0.5752565264701843,0.024373134598135948,0,0,7,7,-1,weighted,,,0,0,0,0.0,0.000212840735912323,0,0.0,0.0,0.0,0.0,0,none,0,1,0,overconfident,0.95,0,mild_drift,0.9612549814040241,0.0012839084077085317,0.8064360170190412,0.8578989971978126,1768232349.1439207,0.22738516330718994,0.2118913233280182
41,2624,2623,sine_nodrift,sine,ts_drift_adapt,3,"error_divergence_ph_meta@error.threshold=0.10,error.min_instances=5",error_divergence_ph_meta,"{""divergence"": {""alpha"": 0.1, ""delta"": 0.005, ""min_instances"": 30, ""threshold"": 0.05}, ""error_rate"": {""alpha"": 0.15, ""delta"": 0.005, ""min_instances"": 5, ""threshold"": 0.1}}","{""error_rate"": {""min_instances"": 5, ""threshold"": 0.1}}",0.1,0.005,0.15,5,0.05,0.005,0.1,30,,,,-1,two_stage,2,0.5,"__confirm_cooldown=200,divergence=0.3,error_rate=0.5,teacher_entropy=0.2",3,0,200,0.0,0,10000,10.0,25.0,200,500,0,0,1.0,0.8258384146341463,0.6530598782783996,0.0,0.5694771409034729,0.02003113180398941,1,1,8,8,0,weighted,,,0,0,0,0.16666666666666666,0.16666666666666666,1,0.5,0.0,0.0,0.0,0,none,1,1,0,overconfident,0.95,0,severe_drift,0.9261274907020121,0.0016419542038542659,0.6532180085095206,0.8339494985989063,1768232349.1571295,0.17323851585388184,0.15611249208450317
42,2688,2687,sine_nodrift,sine,ts_drift_adapt,3,"error_divergence_ph_meta@error.threshold=0.10,error.min_instances=5",error_divergence_ph_meta,"{""divergence"": {""alpha"": 0.1, ""delta"": 0.005, ""min_instances"": 30, ""threshold"": 0.05}, ""error_rate"": {""alpha"": 0.15, ""delta"": 0.005, ""min_instances"": 5, ""threshold"": 0.1}}","{""error_rate"": {""min_instances"": 5, ""threshold"": 0.1}}",0.1,0.005,0.15,5,0.05,0.005,0.1,30,,,,-1,two_stage,2,0.5,"__confirm_cooldown=200,divergence=0.3,error_rate=0.5,teacher_entropy=0.2",3,0,200,0.0,0,10000,10.0,25.0,200,500,1,136,1.0,0.8292410714285714,0.6597434573686509,0.0,0.5839717388153076,0.020339852198958397,0,0,8,8,-1,weighted,,,0,0,0,0.0,0.0003087203949689865,0,0.0,0.0,0.0,0.0,0,none,0,1,0,overconfident,0.95,0,mild_drift,0.943213745351006,0.001470977101927133,0.7266090042547604,0.8444747492994531,1768232349.170409,0.14075665175914764,0.15691356360912323
43,2752,2751,sine_nodrift,sine,ts_drift_adapt,3,"error_divergence_ph_meta@error.threshold=0.10,error.min_instances=5",error_divergence_ph_meta,"{""divergence"": {""alpha"": 0.1, ""delta"": 0.005, ""min_instances"": 30, ""threshold"": 0.05}, ""error_rate"": {""alpha"": 0.15, ""delta"": 0.005, ""min_instances"": 5, ""threshold"": 0.1}}","{""error_rate"": {""min_instances"": 5, ""threshold"": 0.1}}",0.1,0.005,0.15,5,0.05,0.005,0.1,30,,,,-1,two_stage,2,0.5,"__confirm_cooldown=200,divergence=0.3,error_rate=0.5,teacher_entropy=0.2",3,0,200,0.0,0,10000,10.0,25.0,200,500,1,72,1.0,0.8328488372093024,0.666855442968153,0.0,0.572403073310852,0.020316997542977333,0,0,8,8,-1,weighted,,,0,0,0,0.0,2.2854655981063843e-05,0,0.0,0.0,0.0,0.0,0,none,0,1,0,overconfident,0.95,0,mild_drift,0.951756872675503,0.0013854885509635667,0.7633045021273802,0.8497373746497265,1768232349.1839168,0.2156957983970642,0.15247461199760437
44,2816,2815,sine_nodrift,sine,ts_drift_adapt,3,"error_divergence_ph_meta@error.threshold=0.10,error.min_instances=5",error_divergence_ph_meta,"{""divergence"": {""alpha"": 0.1, ""delta"": 0.005, ""min_instances"": 30, ""threshold"": 0.05}, ""error_rate"": {""alpha"": 0.15, ""delta"": 0.005, ""min_instances"": 5, ""threshold"": 0.1}}","{""error_rate"": {""min_instances"": 5, ""threshold"": 0.1}}",0.1,0.005,0.15,5,0.05,0.005,0.1,30,,,,-1,two_stage,2,0.5,"__confirm_cooldown=200,divergence=0.3,error_rate=0.5,teacher_entropy=0.2",3,0,200,0.0,0,10000,10.0,25.0,200,500,1,8,1.0,0.8348721590909091,0.6708560397353656,0.0,0.5787252187728882,0.019008684903383255,0,0,8,8,-1,weighted,,,0,0,0,0.0,0.001308312639594078,0,0.0,0.0,0.0,0.0,0,none,0,1,0,overconfident,0.95,0,mild_drift,0.9560284363377515,0.0013427442754817835,0.7816522510636901,0.8523686873248633,1768232349.1973102,0.11320417374372482,0.14506372809410095
45,2880,2879,sine_nodrift,sine,ts_drift_adapt,3,"error_divergence_ph_meta@error.threshold=0.10,error.min_instances=5",error_divergence_ph_meta,"{""divergence"": {""alpha"": 0.1, ""delta"": 0.005, ""min_instances"": 30, ""threshold"": 0.05}, ""error_rate"": {""alpha"": 0.15, ""delta"": 0.005, ""min_instances"": 5, ""threshold"": 0.1}}","{""error_rate"": {""min_instances"": 5, ""threshold"": 0.1}}",0.1,0.005,0.15,5,0.05,0.005,0.1,30,,,,-1,two_stage,2,0.5,"__confirm_cooldown=200,divergence=0.3,error_rate=0.5,teacher_entropy=0.2",3,0,200,0.0,0,10000,10.0,25.0,200,500,0,0,1.0,0.8378472222222222,0.6767606852396607,0.0,0.5367376804351807,0.01563175395131111,0,0,8,8,-1,weighted,,,0,0,0,0.0,0.0033769309520721436,0,0.0,0.0,0.0,0.0,0,none,0,1,0,overconfident,0.95,0,mild_drift,0.9581642181688756,0.001321372137740892,0.7908261255318451,0.8536843436624316,1768232349.2106144,0.23353250324726105,0.1444549262523651
46,2944,2943,sine_nodrift,sine,ts_drift_adapt,3,"error_divergence_ph_meta@error.threshold=0.10,error.min_instances=5",error_divergence_ph_meta,"{""divergence"": {""alpha"": 0.1, ""delta"": 0.005, ""min_instances"": 30, ""threshold"": 0.05}, ""error_rate"": {""alpha"": 0.15, ""delta"": 0.005, ""min_instances"": 5, ""threshold"": 0.1}}","{""error_rate"": {""min_instances"": 5, ""threshold"": 0.1}}",0.1,0.005,0.15,5,0.05,0.005,0.1,30,,,,-1,two_stage,2,0.5,"__confirm_cooldown=200,divergence=0.3,error_rate=0.5,teacher_entropy=0.2",3,0,200,0.0,0,10000,10.0,25.0,200,500,0,0,1.0,0.8413722826086957,0.6837592053496836,0.0,0.5665079355239868,0.017634054645895958,0,0,8,8,-1,weighted,,,0,0,0,0.0,0.0020023006945848465,0,0.0,0.0,0.0,0.0,0,none,0,1,0,overconfident,0.95,0,mild_drift,0.9592321090844378,0.001310686068870446,0.7954130627659226,0.8543421718312159,1768232349.2239747,0.143162801861763,0.11941967904567719
47,3008,3007,sine_nodrift,sine,ts_drift_adapt,3,"error_divergence_ph_meta@error.threshold=0.10,error.min_instances=5",error_divergence_ph_meta,"{""divergence"": {""alpha"": 0.1, ""delta"": 0.005, ""min_instances"": 30, ""threshold"": 0.05}, ""error_rate"": {""alpha"": 0.15, ""delta"": 0.005, ""min_instances"": 5, ""threshold"": 0.1}}","{""error_rate"": {""min_instances"": 5, ""threshold"": 0.1}}",0.1,0.005,0.15,5,0.05,0.005,0.1,30,,,,-1,two_stage,2,0.5,"__confirm_cooldown=200,divergence=0.3,error_rate=0.5,teacher_entropy=0.2",3,0,200,0.0,0,10000,10.0,25.0,200,500,0,0,1.0,0.84375,0.6884783528416303,0.0,0.5274097323417664,0.017296453937888145,0,0,8,8,-1,weighted,,,0,0,0,0.0,0.0003376007080078125,0,0.0,0.0,0.0,0.0,0,none,0,1,0,overconfident,0.95,0,mild_drift,0.9597660545422189,0.001305343034435223,0.7977065313829613,0.8546710859156079,1768232349.2374375,0.09569516777992249,0.14600452780723572
48,3072,3071,sine_nodrift,sine,ts_drift_adapt,3,"error_divergence_ph_meta@error.threshold=0.10,error.min_instances=5",error_divergence_ph_meta,"{""divergence"": {""alpha"": 0.1, ""delta"": 0.005, ""min_instances"": 30, ""threshold"": 0.05}, ""error_rate"": {""alpha"": 0.15, ""delta"": 0.005, ""min_instances"": 5, ""threshold"": 0.1}}","{""error_rate"": {""min_instances"": 5, ""threshold"": 0.1}}",0.1,0.005,0.15,5,0.05,0.005,0.1,30,,,,-1,two_stage,2,0.5,"__confirm_cooldown=200,divergence=0.3,error_rate=0.5,teacher_entropy=0.2",3,0,200,0.0,0,10000,10.0,25.0,200,500,0,0,1.0,0.8450520833333334,0.6910344827586208,0.0,0.5206076502799988,0.014434846118092537,0,0,8,8,-1,weighted,,,0,0,0,0.0,0.0028616078197956085,0,0.0,0.0,0.0,0.0,0,none,0,1,0,overconfident,0.95,0,mild_drift,0.9600330272711094,0.0013026715172176117,0.7988532656914806,0.854835542957804,1768232349.2510674,0.14534498751163483,0.12707343697547913
49,3136,3135,sine_nodrift,sine,ts_drift_adapt,3,"error_divergence_ph_meta@error.threshold=0.10,error.min_instances=5",error_divergence_ph_meta,"{""divergence"": {""alpha"": 0.1, ""delta"": 0.005, ""min_instances"": 30, ""threshold"": 0.05}, ""error_rate"": {""alpha"": 0.15, ""delta"": 0.005, ""min_instances"": 5, ""threshold"": 0.1}}","{""error_rate"": {""min_instances"": 5, ""threshold"": 0.1}}",0.1,0.005,0.15,5,0.05,0.005,0.1,30,,,,-1,two_stage,2,0.5,"__confirm_cooldown=200,divergence=0.3,error_rate=0.5,teacher_entropy=0.2",3,0,200,0.0,0,10000,10.0,25.0,200,500,0,0,1.0,0.8482142857142857,0.6972825646100682,0.0,0.500482976436615,0.01661853678524494,0,0,8,8,-1,weighted,,,0,0,0,0.0,0.002183690667152405,0,0.0,0.0,0.0,0.0,0,none,0,1,0,overconfident,0.95,0,mild_drift,0.9601665136355546,0.0013013357586088058,0.7994266328457403,0.854917771478902,1768232349.2648273,0.34378767013549805,0.12912115454673767
50,3200,3199,sine_nodrift,sine,ts_drift_adapt,3,"error_divergence_ph_meta@error.threshold=0.10,error.min_instances=5",error_divergence_ph_meta,"{""divergence"": {""alpha"": 0.1, ""delta"": 0.005, ""min_instances"": 30, ""threshold"": 0.05}, ""error_rate"": {""alpha"": 0.15, ""delta"": 0.005, ""min_instances"": 5, ""threshold"": 0.1}}","{""error_rate"": {""min_instances"": 5, ""threshold"": 0.1}}",0.1,0.005,0.15,5,0.05,0.005,0.1,30,,,,-1,two_stage,2,0.5,"__confirm_cooldown=200,divergence=0.3,error_rate=0.5,teacher_entropy=0.2",3,0,200,0.0,0,10000,10.0,25.0,200,500,0,0,1.0,0.8503125,0.7014457908297422,0.16666666666666666,0.5166380405426025,0.015185543335974216,1,1,9,9,0,weighted,,,0,0,0,0.16666666666666666,0.16666666666666666,1,0.5,0.0,0.0,0.0,0,none,1,1,0,overconfident,0.95,0,severe_drift,0.9255832568177773,0.001650667879304403,0.6497133164228701,0.832458885739451,1768232349.2792056,0.29206275939941406,0.1312301605939865
51,3264,3263,sine_nodrift,sine,ts_drift_adapt,3,"error_divergence_ph_meta@error.threshold=0.10,error.min_instances=5",error_divergence_ph_meta,"{""divergence"": {""alpha"": 0.1, ""delta"": 0.005, ""min_instances"": 30, ""threshold"": 0.05}, ""error_rate"": {""alpha"": 0.15, ""delta"": 0.005, ""min_instances"": 5, ""threshold"": 0.1}}","{""error_rate"": {""min_instances"": 5, ""threshold"": 0.1}}",0.1,0.005,0.15,5,0.05,0.005,0.1,30,,,,-1,two_stage,2,0.5,"__confirm_cooldown=200,divergence=0.3,error_rate=0.5,teacher_entropy=0.2",3,0,200,0.0,0,10000,10.0,25.0,200,500,1,136,1.0,0.8520220588235294,0.7047557834839789,0.0,0.5178866982460022,0.02037884294986725,0,0,9,9,-1,weighted,,,0,0,0,0.0,0.16666666666666666,0,0.0,0.0,0.0,0.0,0,none,0,1,0,overconfident,0.95,0,mild_drift,0.9429416284088886,0.0014753339396522016,0.7248566582114351,0.8437294428697255,1768232349.295532,0.176801398396492,0.1587247997522354
52,3328,3327,sine_nodrift,sine,ts_drift_adapt,3,"error_divergence_ph_meta@error.threshold=0.10,error.min_instances=5",error_divergence_ph_meta,"{""divergence"": {""alpha"": 0.1, ""delta"": 0.005, ""min_instances"": 30, ""threshold"": 0.05}, ""error_rate"": {""alpha"": 0.15, ""delta"": 0.005, ""min_instances"": 5, ""threshold"": 0.1}}","{""error_rate"": {""min_instances"": 5, ""threshold"": 0.1}}",0.1,0.005,0.15,5,0.05,0.005,0.1,30,,,,-1,two_stage,2,0.5,"__confirm_cooldown=200,divergence=0.3,error_rate=0.5,teacher_entropy=0.2",3,0,200,0.0,0,10000,10.0,25.0,200,500,1,72,1.0,0.8539663461538461,0.7085579111702457,0.16666666666666666,0.45723679661750793,0.012648449279367924,0,0,9,9,-1,weighted,,,0,0,0,0.0,0.16666666666666666,0,0.0,0.0,0.0,0.0,0,none,0,1,0,overconfident,0.95,0,mild_drift,0.9516208142044442,0.001387666969826101,0.7624283291057176,0.8493647214348627,1768232349.3117757,0.214694082736969,0.12462739646434784
53,3392,3391,sine_nodrift,sine,ts_drift_adapt,3,"error_divergence_ph_meta@error.threshold=0.10,error.min_instances=5",error_divergence_ph_meta,"{""divergence"": {""alpha"": 0.1, ""delta"": 0.005, ""min_instances"": 30, ""threshold"": 0.05}, ""error_rate"": {""alpha"": 0.15, ""delta"": 0.005, ""min_instances"": 5, ""threshold"": 0.1}}","{""error_rate"": {""min_instances"": 5, ""threshold"": 0.1}}",0.1,0.005,0.15,5,0.05,0.005,0.1,30,,,,-1,two_stage,2,0.5,"__confirm_cooldown=200,divergence=0.3,error_rate=0.5,teacher_entropy=0.2",3,0,200,0.0,0,10000,10.0,25.0,200,500,1,8,1.0,0.8561320754716981,0.7128678797029209,0.0,0.48511022329330444,0.01998584158718586,0,0,9,9,-1,weighted,,,0,0,0,0.0,0.16666666666666666,0,0.0,0.0,0.0,0.0,0,none,0,1,0,overconfident,0.95,0,mild_drift,0.9559604071022221,0.0013438334849130507,0.7812141645528587,0.8521823607174314,1768232349.3260648,0.23192818462848663,0.14715884625911713
54,3456,3455,sine_nodrift,sine,ts_drift_adapt,3,"error_divergence_ph_meta@error.threshold=0.10,error.min_instances=5",error_divergence_ph_meta,"{""divergence"": {""alpha"": 0.1, ""delta"": 0.005, ""min_instances"": 30, ""threshold"": 0.05}, ""error_rate"": {""alpha"": 0.15, ""delta"": 0.005, ""min_instances"": 5, ""threshold"": 0.1}}","{""error_rate"": {""min_instances"": 5, ""threshold"": 0.1}}",0.1,0.005,0.15,5,0.05,0.005,0.1,30,,,,-1,two_stage,2,0.5,"__confirm_cooldown=200,divergence=0.3,error_rate=0.5,teacher_entropy=0.2",3,0,200,0.0,0,10000,10.0,25.0,200,500,0,0,1.0,0.8579282407407407,0.7164238268050553,0.16666666666666666,0.45748913288116455,0.0151744419708848,0,0,9,9,-1,weighted,,,0,0,0,0.0,0.16666666666666666,0,0.0,0.0,0.0,0.0,0,none,0,1,0,overconfident,0.95,0,mild_drift,0.958130203551111,0.0013219167424565253,0.7906070822764294,0.8535911803587157,1768232349.3393862,0.34865543246269226,0.1370159089565277
55,3520,3519,sine_nodrift,sine,ts_drift_adapt,3,"error_divergence_ph_meta@error.threshold=0.10,error.min_instances=5",error_divergence_ph_meta,"{""divergence"": {""alpha"": 0.1, ""delta"": 0.005, ""min_instances"": 30, ""threshold"": 0.05}, ""error_rate"": {""alpha"": 0.15, ""delta"": 0.005, ""min_instances"": 5, ""threshold"": 0.1}}","{""error_rate"": {""min_instances"": 5, ""threshold"": 0.1}}",0.1,0.005,0.15,5,0.05,0.005,0.1,30,,,,-1,two_stage,2,0.5,"__confirm_cooldown=200,divergence=0.3,error_rate=0.5,teacher_entropy=0.2",3,0,200,0.0,0,10000,10.0,25.0,200,500,0,0,1.0,0.8599431818181819,0.7204255480939072,0.0,0.46059709787368774,0.013881806284189224,1,1,10,10,0,weighted,,,0,0,0,0.16666666666666666,0.16666666666666666,1,0.5,0.0,0.0,0.0,0,none,1,1,0,overconfident,0.95,0,severe_drift,0.9245651017755555,0.0016609583712282627,0.6453035411382146,0.8317955901793579,1768232349.3526795,0.1273660510778427,0.11643308401107788
56,3584,3583,sine_nodrift,sine,ts_drift_adapt,3,"error_divergence_ph_meta@error.threshold=0.10,error.min_instances=5",error_divergence_ph_meta,"{""divergence"": {""alpha"": 0.1, ""delta"": 0.005, ""min_instances"": 30, ""threshold"": 0.05}, ""error_rate"": {""alpha"": 0.15, ""delta"": 0.005, ""min_instances"": 5, ""threshold"": 0.1}}","{""error_rate"": {""min_instances"": 5, ""threshold"": 0.1}}",0.1,0.005,0.15,5,0.05,0.005,0.1,30,,,,-1,two_stage,2,0.5,"__confirm_cooldown=200,divergence=0.3,error_rate=0.5,teacher_entropy=0.2",3,0,200,0.0,0,10000,10.0,25.0,200,500,1,136,1.0,0.8618861607142857,0.7242728997038943,0.0,0.47125041484832764,0.012210389599204063,0,0,10,10,-1,weighted,,,0,0,0,0.0,0.0016714166849851608,0,0.0,0.0,0.0,0.0,0,none,0,1,0,overconfident,0.95,0,mild_drift,0.9424325508877778,0.0014804791856141315,0.7226517705691073,0.8433977950896789,1768232349.3662162,0.12653228640556335,0.11543121933937073
57,3648,3647,sine_nodrift,sine,ts_drift_adapt,3,"error_divergence_ph_meta@error.threshold=0.10,error.min_instances=5",error_divergence_ph_meta,"{""divergence"": {""alpha"": 0.1, ""delta"": 0.005, ""min_instances"": 30, ""threshold"": 0.05}, ""error_rate"": {""alpha"": 0.15, ""delta"": 0.005, ""min_instances"": 5, ""threshold"": 0.1}}","{""error_rate"": {""min_instances"": 5, ""threshold"": 0.1}}",0.1,0.005,0.15,5,0.05,0.005,0.1,30,,,,-1,two_stage,2,0.5,"__confirm_cooldown=200,divergence=0.3,error_rate=0.5,teacher_entropy=0.2",3,0,200,0.0,0,10000,10.0,25.0,200,500,1,72,1.0,0.8637609649122807,0.7280072201126223,0.0,0.4712268114089966,0.01063792034983635,0,0,10,10,-1,weighted,,,0,0,0,0.0,0.001572469249367714,0,0.0,0.0,0.0,0.0,0,none,0,1,0,overconfident,0.95,0,mild_drift,0.9513662754438889,0.0013902395928070657,0.7613258852845537,0.8491988975448395,1768232349.3797202,0.21417081356048584,0.1193964034318924
58,3712,3711,sine_nodrift,sine,ts_drift_adapt,3,"error_divergence_ph_meta@error.threshold=0.10,error.min_instances=5",error_divergence_ph_meta,"{""divergence"": {""alpha"": 0.1, ""delta"": 0.005, ""min_instances"": 30, ""threshold"": 0.05}, ""error_rate"": {""alpha"": 0.15, ""delta"": 0.005, ""min_instances"": 5, ""threshold"": 0.1}}","{""error_rate"": {""min_instances"": 5, ""threshold"": 0.1}}",0.1,0.005,0.15,5,0.05,0.005,0.1,30,,,,-1,two_stage,2,0.5,"__confirm_cooldown=200,divergence=0.3,error_rate=0.5,teacher_entropy=0.2",3,0,200,0.0,0,10000,10.0,25.0,200,500,1,8,1.0,0.865301724137931,0.7310930603464263,0.0,0.4854510724544525,0.017716240137815475,0,0,10,10,-1,weighted,,,0,0,0,0.0,0.007078319787979126,0,0.0,0.0,0.0,0.0,0,none,0,1,0,overconfident,0.95,0,mild_drift,0.9558331377219444,0.001345119796403533,0.7806629426422769,0.8520994487724197,1768232349.3931303,0.14342238008975983,0.14222458004951477
59,3776,3775,sine_nodrift,sine,ts_drift_adapt,3,"error_divergence_ph_meta@error.threshold=0.10,error.min_instances=5",error_divergence_ph_meta,"{""divergence"": {""alpha"": 0.1, ""delta"": 0.005, ""min_instances"": 30, ""threshold"": 0.05}, ""error_rate"": {""alpha"": 0.15, ""delta"": 0.005, ""min_instances"": 5, ""threshold"": 0.1}}","{""error_rate"": {""min_instances"": 5, ""threshold"": 0.1}}",0.1,0.005,0.15,5,0.05,0.005,0.1,30,,,,-1,two_stage,2,0.5,"__confirm_cooldown=200,divergence=0.3,error_rate=0.5,teacher_entropy=0.2",3,0,200,0.0,0,10000,10.0,25.0,200,500,0,0,1.0,0.8667902542372882,0.7340608269658039,0.0,0.45569539070129395,0.009096208028495312,0,0,10,10,-1,weighted,,,0,0,0,0.0,0.008620032109320164,0,0.0,0.0,0.0,0.0,0,none,0,1,0,overconfident,0.95,0,mild_drift,0.9580665688609722,0.0013225598982017665,0.7903314713211385,0.8535497243862098,1768232349.4064453,0.16007781028747559,0.1038014143705368
60,3840,3839,sine_nodrift,sine,ts_drift_adapt,3,"error_divergence_ph_meta@error.threshold=0.10,error.min_instances=5",error_divergence_ph_meta,"{""divergence"": {""alpha"": 0.1, ""delta"": 0.005, ""min_instances"": 30, ""threshold"": 0.05}, ""error_rate"": {""alpha"": 0.15, ""delta"": 0.005, ""min_instances"": 5, ""threshold"": 0.1}}","{""error_rate"": {""min_instances"": 5, ""threshold"": 0.1}}",0.1,0.005,0.15,5,0.05,0.005,0.1,30,,,,-1,two_stage,2,0.5,"__confirm_cooldown=200,divergence=0.3,error_rate=0.5,teacher_entropy=0.2",3,0,200,0.0,0,10000,10.0,25.0,200,500,0,0,1.0,0.86875,0.7379655121151145,0.0,0.4014177620410919,0.015711352229118347,0,0,10,10,-1,weighted,,,0,0,0,0.0,0.006615144200623035,0,0.0,0.0,0.0,0.0,0,none,0,1,0,overconfident,0.95,0,mild_drift,0.9591832844304861,0.0013112799491008832,0.7951657356605693,0.8542748621931049,1768232349.4197762,0.17661063373088837,0.11483315378427505
61,3904,3903,sine_nodrift,sine,ts_drift_adapt,3,"error_divergence_ph_meta@error.threshold=0.10,error.min_instances=5",error_divergence_ph_meta,"{""divergence"": {""alpha"": 0.1, ""delta"": 0.005, ""min_instances"": 30, ""threshold"": 0.05}, ""error_rate"": {""alpha"": 0.15, ""delta"": 0.005, ""min_instances"": 5, ""threshold"": 0.1}}","{""error_rate"": {""min_instances"": 5, ""threshold"": 0.1}}",0.1,0.005,0.15,5,0.05,0.005,0.1,30,,,,-1,two_stage,2,0.5,"__confirm_cooldown=200,divergence=0.3,error_rate=0.5,teacher_entropy=0.2",3,0,200,0.0,0,10000,10.0,25.0,200,500,0,0,1.0,0.8685963114754098,0.7376664380514861,0.16666666666666666,0.4619109034538269,0.007908374071121216,1,1,11,11,0,weighted,,,0,0,0,0.16666666666666666,0.16666666666666666,1,0.5,0.0,0.0,0.0,0,none,1,1,0,overconfident,0.95,0,severe_drift,0.9250916422152431,0.0016556399745504416,0.6475828678302846,0.8321374310965525,1768232349.4330606,0.1875707358121872,0.10245096683502197
62,3968,3967,sine_nodrift,sine,ts_drift_adapt,3,"error_divergence_ph_meta@error.threshold=0.10,error.min_instances=5",error_divergence_ph_meta,"{""divergence"": {""alpha"": 0.1, ""delta"": 0.005, ""min_instances"": 30, ""threshold"": 0.05}, ""error_rate"": {""alpha"": 0.15, ""delta"": 0.005, ""min_instances"": 5, ""threshold"": 0.1}}","{""error_rate"": {""min_instances"": 5, ""threshold"": 0.1}}",0.1,0.005,0.15,5,0.05,0.005,0.1,30,,,,-1,two_stage,2,0.5,"__confirm_cooldown=200,divergence=0.3,error_rate=0.5,teacher_entropy=0.2",3,0,200,0.0,0,10000,10.0,25.0,200,500,1,136,1.0,0.8699596774193549,0.7404086948319284,0.16666666666666666,0.42530930042266846,0.01473290380090475,0,0,11,11,-1,weighted,,,0,0,0,0.0,0.006824529729783535,0,0.0,0.0,0.0,0.0,0,none,0,1,0,overconfident,0.95,0,mild_drift,0.9426958211076215,0.0014778199872752208,0.7237914339151423,0.8435687155482763,1768232349.4465203,0.27559468150138855,0.11785644292831421
63,4032,4031,sine_nodrift,sine,ts_drift_adapt,3,"error_divergence_ph_meta@error.threshold=0.10,error.min_instances=5",error_divergence_ph_meta,"{""divergence"": {""alpha"": 0.1, ""delta"": 0.005, ""min_instances"": 30, ""threshold"": 0.05}, ""error_rate"": {""alpha"": 0.15, ""delta"": 0.005, ""min_instances"": 5, ""threshold"": 0.1}}","{""error_rate"": {""min_instances"": 5, ""threshold"": 0.1}}",0.1,0.005,0.15,5,0.05,0.005,0.1,30,,,,-1,two_stage,2,0.5,"__confirm_cooldown=200,divergence=0.3,error_rate=0.5,teacher_entropy=0.2",3,0,200,0.0,0,10000,10.0,25.0,200,500,1,72,1.0,0.8705357142857143,0.7415795894552591,0.16666666666666666,0.4057862460613251,0.011098867282271385,0,0,11,11,-1,weighted,,,0,0,0,0.0,0.0036340365186333656,0,0.0,0.0,0.0,0.0,0,none,0,1,0,overconfident,0.95,0,mild_drift,0.9514979105538107,0.0013889099936376104,0.7618957169575712,0.8492843577741381,1768232349.4598255,0.23958031833171844,0.1156894788146019
64,4096,4095,sine_nodrift,sine,ts_drift_adapt,3,"error_divergence_ph_meta@error.threshold=0.10,error.min_instances=5",error_divergence_ph_meta,"{""divergence"": {""alpha"": 0.1, ""delta"": 0.005, ""min_instances"": 30, ""threshold"": 0.05}, ""error_rate"": {""alpha"": 0.15, ""delta"": 0.005, ""min_instances"": 5, ""threshold"": 0.1}}","{""error_rate"": {""min_instances"": 5, ""threshold"": 0.1}}",0.1,0.005,0.15,5,0.05,0.005,0.1,30,,,,-1,two_stage,2,0.5,"__confirm_cooldown=200,divergence=0.3,error_rate=0.5,teacher_entropy=0.2",3,0,200,0.0,0,10000,10.0,25.0,200,500,1,8,1.0,0.87109375,0.7427042625646961,0.16666666666666666,0.4035186767578125,0.01001083292067051,0,0,11,11,-1,weighted,,,0,0,0,0.0,0.0010880343616008759,0,0.0,0.0,0.0,0.0,0,none,0,1,0,overconfident,0.95,0,mild_drift,0.9558989552769053,0.0013444549968188052,0.7809478584787857,0.8521421788870691,1768232349.4736116,0.2968207895755768,0.10775149613618851
65,4160,4159,sine_nodrift,sine,ts_drift_adapt,3,"error_divergence_ph_meta@error.threshold=0.10,error.min_instances=5",error_divergence_ph_meta,"{""divergence"": {""alpha"": 0.1, ""delta"": 0.005, ""min_instances"": 30, ""threshold"": 0.05}, ""error_rate"": {""alpha"": 0.15, ""delta"": 0.005, ""min_instances"": 5, ""threshold"": 0.1}}","{""error_rate"": {""min_instances"": 5, ""threshold"": 0.1}}",0.1,0.005,0.15,5,0.05,0.005,0.1,30,,,,-1,two_stage,2,0.5,"__confirm_cooldown=200,divergence=0.3,error_rate=0.5,teacher_entropy=0.2",3,0,200,0.0,0,10000,10.0,25.0,200,500,0,0,1.0,0.871875,0.7442591880902806,0.0,0.4047991931438446,0.0104752779006958,0,0,11,11,-1,weighted,,,0,0,0,0.0,0.16666666666666666,0,0.0,0.0,0.0,0.0,0,none,0,1,0,overconfident,0.95,0,mild_drift,0.9580994776384526,0.0013222274984094028,0.7904739292393929,0.8535710894435345,1768232349.4897985,0.1030365526676178,0.09791610389947891
66,4224,4223,sine_nodrift,sine,ts_drift_adapt,3,"error_divergence_ph_meta@error.threshold=0.10,error.min_instances=5",error_divergence_ph_meta,"{""divergence"": {""alpha"": 0.1, ""delta"": 0.005, ""min_instances"": 30, ""threshold"": 0.05}, ""error_rate"": {""alpha"": 0.15, ""delta"": 0.005, ""min_instances"": 5, ""threshold"": 0.1}}","{""error_rate"": {""min_instances"": 5, ""threshold"": 0.1}}",0.1,0.005,0.15,5,0.05,0.005,0.1,30,,,,-1,two_stage,2,0.5,"__confirm_cooldown=200,divergence=0.3,error_rate=0.5,teacher_entropy=0.2",3,0,200,0.0,0,10000,10.0,25.0,200,500,0,0,1.0,0.8731060606060606,0.7467104048737625,0.0,0.3793843686580658,0.0071809422224760056,1,1,12,12,0,weighted,,,0,0,0,0.16666666666666666,0.0032943356782197952,1,0.5,0.0,0.0,0.0,0,none,1,1,0,overconfident,0.95,0,severe_drift,0.9245497388192263,0.0016611137492047014,0.6452369646196965,0.8317855447217672,1768232349.506375,0.09546822309494019,0.08256327360868454
67,4288,4287,sine_nodrift,sine,ts_drift_adapt,3,"error_divergence_ph_meta@error.threshold=0.10,error.min_instances=5",error_divergence_ph_meta,"{""divergence"": {""alpha"": 0.1, ""delta"": 0.005, ""min_instances"": 30, ""threshold"": 0.05}, ""error_rate"": {""alpha"": 0.15, ""delta"": 0.005, ""min_instances"": 5, ""threshold"": 0.1}}","{""error_rate"": {""min_instances"": 5, ""threshold"": 0.1}}",0.1,0.005,0.15,5,0.05,0.005,0.1,30,,,,-1,two_stage,2,0.5,"__confirm_cooldown=200,divergence=0.3,error_rate=0.5,teacher_entropy=0.2",3,0,200,0.0,0,10000,10.0,25.0,200,500,1,136,1.0,0.8743003731343284,0.7490709718045316,0.0,0.393573135137558,0.011917554773390293,0,0,12,12,-1,weighted,,,0,0,0,0.0,0.004736612550914288,0,0.0,0.0,0.0,0.0,0,none,0,1,0,overconfident,0.95,0,mild_drift,0.9424248694096131,0.0014805568746023507,0.7226184823098483,0.8433927723608836,1768232349.5222397,0.1287803202867508,0.11679551750421524
68,4352,4351,sine_nodrift,sine,ts_drift_adapt,3,"error_divergence_ph_meta@error.threshold=0.10,error.min_instances=5",error_divergence_ph_meta,"{""divergence"": {""alpha"": 0.1, ""delta"": 0.005, ""min_instances"": 30, ""threshold"": 0.05}, ""error_rate"": {""alpha"": 0.15, ""delta"": 0.005, ""min_instances"": 5, ""threshold"": 0.1}}","{""error_rate"": {""min_instances"": 5, ""threshold"": 0.1}}",0.1,0.005,0.15,5,0.05,0.005,0.1,30,,,,-1,two_stage,2,0.5,"__confirm_cooldown=200,divergence=0.3,error_rate=0.5,teacher_entropy=0.2",3,0,200,0.0,0,10000,10.0,25.0,200,500,1,72,1.0,0.8754595588235294,0.7513776143050964,0.16666666666666666,0.40023544430732727,0.009782099165022373,0,0,12,12,-1,weighted,,,0,0,0,0.0,0.16666666666666666,0,0.0,0.0,0.0,0.0,0,none,0,1,0,overconfident,0.95,0,mild_drift,0.9513624347048065,0.0013902784373011753,0.7613092411549242,0.8491963861804418,1768232349.5360413,0.31927868723869324,0.09208297729492188
69,4416,4415,sine_nodrift,sine,ts_drift_adapt,3,"error_divergence_ph_meta@error.threshold=0.10,error.min_instances=5",error_divergence_ph_meta,"{""divergence"": {""alpha"": 0.1, ""delta"": 0.005, ""min_instances"": 30, ""threshold"": 0.05}, ""error_rate"": {""alpha"": 0.15, ""delta"": 0.005, ""min_instances"": 5, ""threshold"": 0.1}}","{""error_rate"": {""min_instances"": 5, ""threshold"": 0.1}}",0.1,0.005,0.15,5,0.05,0.005,0.1,30,,,,-1,two_stage,2,0.5,"__confirm_cooldown=200,divergence=0.3,error_rate=0.5,teacher_entropy=0.2",3,0,200,0.0,0,10000,10.0,25.0,200,500,1,8,1.0,0.8765851449275363,0.7536078586021644,0.0,0.36328232288360596,0.012210647575557232,0,0,12,12,-1,weighted,,,0,0,0,0.0,0.16666666666666666,0,0.0,0.0,0.0,0.0,0,none,0,1,0,overconfident,0.95,0,mild_drift,0.9558312173524033,0.0013451392186505876,0.780654620577462,0.852098193090221,1768232349.5499141,0.32383599877357483,0.11843004822731018
70,4480,4479,sine_nodrift,sine,ts_drift_adapt,3,"error_divergence_ph_meta@error.threshold=0.10,error.min_instances=5",error_divergence_ph_meta,"{""divergence"": {""alpha"": 0.1, ""delta"": 0.005, ""min_instances"": 30, ""threshold"": 0.05}, ""error_rate"": {""alpha"": 0.15, ""delta"": 0.005, ""min_instances"": 5, ""threshold"": 0.1}}","{""error_rate"": {""min_instances"": 5, ""threshold"": 0.1}}",0.1,0.005,0.15,5,0.05,0.005,0.1,30,,,,-1,two_stage,2,0.5,"__confirm_cooldown=200,divergence=0.3,error_rate=0.5,teacher_entropy=0.2",3,0,200,0.0,0,10000,10.0,25.0,200,500,0,0,1.0,0.8779017857142857,0.7561861826367025,0.16666666666666666,0.3922041952610016,0.013576139695942402,0,0,12,12,-1,weighted,,,0,0,0,0.0,0.16666666666666666,0,0.0,0.0,0.0,0.0,0,none,0,1,0,overconfident,0.95,0,mild_drift,0.9580656086762016,0.0013225696093252938,0.790327310288731,0.8535490965451105,1768232349.563686,0.28348004817962646,0.11627115309238434
71,4544,4543,sine_nodrift,sine,ts_drift_adapt,3,"error_divergence_ph_meta@error.threshold=0.10,error.min_instances=5",error_divergence_ph_meta,"{""divergence"": {""alpha"": 0.1, ""delta"": 0.005, ""min_instances"": 30, ""threshold"": 0.05}, ""error_rate"": {""alpha"": 0.15, ""delta"": 0.005, ""min_instances"": 5, ""threshold"": 0.1}}","{""error_rate"": {""min_instances"": 5, ""threshold"": 0.1}}",0.1,0.005,0.15,5,0.05,0.005,0.1,30,,,,-1,two_stage,2,0.5,"__confirm_cooldown=200,divergence=0.3,error_rate=0.5,teacher_entropy=0.2",3,0,200,0.0,0,10000,10.0,25.0,200,500,0,0,1.0,0.8787411971830986,0.7578213142129318,0.16666666666666666,0.3454374074935913,0.013310822658240795,1,1,13,13,0,weighted,,,0,0,0,0.16666666666666666,0.00026531703770160675,1,0.5,0.0,0.0,0.0,0,none,1,1,0,overconfident,0.95,0,severe_drift,0.9245328043381008,0.001661284804662647,0.6451636551443656,0.8317745482725553,1768232349.577537,0.20569999516010284,0.1093558594584465
72,4608,4607,sine_nodrift,sine,ts_drift_adapt,3,"error_divergence_ph_meta@error.threshold=0.10,error.min_instances=5",error_divergence_ph_meta,"{""divergence"": {""alpha"": 0.1, ""delta"": 0.005, ""min_instances"": 30, ""threshold"": 0.05}, ""error_rate"": {""alpha"": 0.15, ""delta"": 0.005, ""min_instances"": 5, ""threshold"": 0.1}}","{""error_rate"": {""min_instances"": 5, ""threshold"": 0.1}}",0.1,0.005,0.15,5,0.05,0.005,0.1,30,,,,-1,two_stage,2,0.5,"__confirm_cooldown=200,divergence=0.3,error_rate=0.5,teacher_entropy=0.2",3,0,200,0.0,0,10000,10.0,25.0,200,500,1,136,1.0,0.8797743055555556,0.759882975457353,0.0,0.3166009783744812,0.00747947720810771,0,0,13,13,-1,weighted,,,0,0,0,0.0,0.16666666666666666,0,0.0,0.0,0.0,0.0,0,none,0,1,0,overconfident,0.95,0,mild_drift,0.9424164021690504,0.0014806424023313235,0.7225818275721828,0.8433872741362776,1768232349.5915802,0.07609079033136368,0.078565314412117
73,4672,4671,sine_nodrift,sine,ts_drift_adapt,3,"error_divergence_ph_meta@error.threshold=0.10,error.min_instances=5",error_divergence_ph_meta,"{""divergence"": {""alpha"": 0.1, ""delta"": 0.005, ""min_instances"": 30, ""threshold"": 0.05}, ""error_rate"": {""alpha"": 0.15, ""delta"": 0.005, ""min_instances"": 5, ""threshold"": 0.1}}","{""error_rate"": {""min_instances"": 5, ""threshold"": 0.1}}",0.1,0.005,0.15,5,0.05,0.005,0.1,30,,,,-1,two_stage,2,0.5,"__confirm_cooldown=200,divergence=0.3,error_rate=0.5,teacher_entropy=0.2",3,0,200,0.0,0,10000,10.0,25.0,200,500,1,72,1.0,0.8809931506849316,0.7623165034824011,0.0,0.3515186011791229,0.011593136936426163,0,0,13,13,-1,weighted,,,0,0,0,0.0,0.004113659728318453,0,0.0,0.0,0.0,0.0,0,none,0,1,0,overconfident,0.95,0,mild_drift,0.9513582010845252,0.0013903212011656617,0.7612909137860915,0.8491936370681388,1768232349.6054032,0.1854838877916336,0.1103358119726181
74,4736,4735,sine_nodrift,sine,ts_drift_adapt,3,"error_divergence_ph_meta@error.threshold=0.10,error.min_instances=5",error_divergence_ph_meta,"{""divergence"": {""alpha"": 0.1, ""delta"": 0.005, ""min_instances"": 30, ""threshold"": 0.05}, ""error_rate"": {""alpha"": 0.15, ""delta"": 0.005, ""min_instances"": 5, ""threshold"": 0.1}}","{""error_rate"": {""min_instances"": 5, ""threshold"": 0.1}}",0.1,0.005,0.15,5,0.05,0.005,0.1,30,,,,-1,two_stage,2,0.5,"__confirm_cooldown=200,divergence=0.3,error_rate=0.5,teacher_entropy=0.2",3,0,200,0.0,0,10000,10.0,25.0,200,500,1,8,1.0,0.8817567567567568,0.7638273757069614,0.16666666666666666,0.38281023502349854,0.008815484121441841,0,0,13,13,-1,weighted,,,0,0,0,0.0,0.16666666666666666,0,0.0,0.0,0.0,0.0,0,none,0,1,0,overconfident,0.95,0,mild_drift,0.9558291005422626,0.001345160600582831,0.7806454568930458,0.8520968185340694,1768232349.6193132,0.21068055927753448,0.10214345157146454
75,4800,4799,sine_nodrift,sine,ts_drift_adapt,3,"error_divergence_ph_meta@error.threshold=0.10,error.min_instances=5",error_divergence_ph_meta,"{""divergence"": {""alpha"": 0.1, ""delta"": 0.005, ""min_instances"": 30, ""threshold"": 0.05}, ""error_rate"": {""alpha"": 0.15, ""delta"": 0.005, ""min_instances"": 5, ""threshold"": 0.1}}","{""error_rate"": {""min_instances"": 5, ""threshold"": 0.1}}",0.1,0.005,0.15,5,0.05,0.005,0.1,30,,,,-1,two_stage,2,0.5,"__confirm_cooldown=200,divergence=0.3,error_rate=0.5,teacher_entropy=0.2",3,0,200,0.0,0,10000,10.0,25.0,200,500,0,0,1.0,0.8820833333333333,0.7644846124398729,0.3333333333333333,0.3066261112689972,0.009449753910303116,0,0,13,13,-1,weighted,,,0,0,0,0.0,0.16666666666666666,0,0.0,0.0,0.0,0.0,0,none,0,1,0,overconfident,0.95,0,mild_drift,0.9580645502711312,0.0013225803002914157,0.7903227284465228,0.8535484092670347,1768232349.6333158,0.4331952631473541,0.08557041734457016
76,4864,4863,sine_nodrift,sine,ts_drift_adapt,3,"error_divergence_ph_meta@error.threshold=0.10,error.min_instances=5",error_divergence_ph_meta,"{""divergence"": {""alpha"": 0.1, ""delta"": 0.005, ""min_instances"": 30, ""threshold"": 0.05}, ""error_rate"": {""alpha"": 0.15, ""delta"": 0.005, ""min_instances"": 5, ""threshold"": 0.1}}","{""error_rate"": {""min_instances"": 5, ""threshold"": 0.1}}",0.1,0.005,0.15,5,0.05,0.005,0.1,30,,,,-1,two_stage,2,0.5,"__confirm_cooldown=200,divergence=0.3,error_rate=0.5,teacher_entropy=0.2",3,0,200,0.0,0,10000,10.0,25.0,200,500,0,0,1.0,0.8828125,0.7659017403357462,0.16666666666666666,0.36411646008491516,0.008224443532526493,1,1,14,14,0,weighted,,,0,0,0,0.0,0.16666666666666666,1,0.5,0.0,0.0,0.0,0,none,1,1,0,overconfident,0.95,0,stable,0.9740322751355657,0.0010612901501457078,0.8951613642232614,0.8992742046335174,1768232349.6473582,0.22993290424346924,0.0841657966375351
77,4928,4927,sine_nodrift,sine,ts_drift_adapt,3,"error_divergence_ph_meta@error.threshold=0.10,error.min_instances=5",error_divergence_ph_meta,"{""divergence"": {""alpha"": 0.1, ""delta"": 0.005, ""min_instances"": 30, ""threshold"": 0.05}, ""error_rate"": {""alpha"": 0.15, ""delta"": 0.005, ""min_instances"": 5, ""threshold"": 0.1}}","{""error_rate"": {""min_instances"": 5, ""threshold"": 0.1}}",0.1,0.005,0.15,5,0.05,0.005,0.1,30,,,,-1,two_stage,2,0.5,"__confirm_cooldown=200,divergence=0.3,error_rate=0.5,teacher_entropy=0.2",3,0,200,0.0,0,10000,10.0,25.0,200,500,1,136,1.0,0.8835227272727273,0.7672976163544002,0.0,0.32444697618484497,0.00879775919020176,0,0,14,14,-1,weighted,,,0,0,0,0.0,0.16666666666666666,0,0.0,0.0,0.0,0.0,0,none,0,1,0,overconfident,0.95,0,mild_drift,0.9671661375677828,0.0011806450750728539,0.8475806821116307,0.8771371023167587,1768232349.6616116,0.09670565277338028,0.07332704216241837
78,4992,4991,sine_nodrift,sine,ts_drift_adapt,3,"error_divergence_ph_meta@error.threshold=0.10,error.min_instances=5",error_divergence_ph_meta,"{""divergence"": {""alpha"": 0.1, ""delta"": 0.005, ""min_instances"": 30, ""threshold"": 0.05}, ""error_rate"": {""alpha"": 0.15, ""delta"": 0.005, ""min_instances"": 5, ""threshold"": 0.1}}","{""error_rate"": {""min_instances"": 5, ""threshold"": 0.1}}",0.1,0.005,0.15,5,0.05,0.005,0.1,30,,,,-1,two_stage,2,0.5,"__confirm_cooldown=200,divergence=0.3,error_rate=0.5,teacher_entropy=0.2",3,0,200,0.0,0,10000,10.0,25.0,200,500,1,72,1.0,0.8848157051282052,0.7698561601000626,0.0,0.32437455654144287,0.007916662842035294,0,0,14,14,-1,weighted,,,0,0,0,0.0,0.0008810963481664658,0,0.0,0.0,0.0,0.0,0,none,0,1,0,overconfident,0.95,0,mild_drift,0.9637330687838914,0.0012403225375364271,0.8237903410558154,0.8660685511583793,1768232349.6756325,0.1622370034456253,0.08759936690330505
79,5056,5055,sine_nodrift,sine,ts_drift_adapt,3,"error_divergence_ph_meta@error.threshold=0.10,error.min_instances=5",error_divergence_ph_meta,"{""divergence"": {""alpha"": 0.1, ""delta"": 0.005, ""min_instances"": 30, ""threshold"": 0.05}, ""error_rate"": {""alpha"": 0.15, ""delta"": 0.005, ""min_instances"": 5, ""threshold"": 0.1}}","{""error_rate"": {""min_instances"": 5, ""threshold"": 0.1}}",0.1,0.005,0.15,5,0.05,0.005,0.1,30,,,,-1,two_stage,2,0.5,"__confirm_cooldown=200,divergence=0.3,error_rate=0.5,teacher_entropy=0.2",3,0,200,0.0,0,10000,10.0,25.0,200,500,1,8,1.0,0.8860759493670886,0.7723271746159608,0.0,0.3096950352191925,0.009221085347235203,0,0,14,14,-1,weighted,,,0,0,0,0.0,0.0013044225051999092,0,0.0,0.0,0.0,0.0,0,none,0,1,0,overconfident,0.95,0,mild_drift,0.9620165343919457,0.0012701612687682135,0.8118951705279077,0.8605342755791896,1768232349.692126,0.2003614902496338,0.08601626753807068
80,5120,5119,sine_nodrift,sine,ts_drift_adapt,3,"error_divergence_ph_meta@error.threshold=0.10,error.min_instances=5",error_divergence_ph_meta,"{""divergence"": {""alpha"": 0.1, ""delta"": 0.005, ""min_instances"": 30, ""threshold"": 0.05}, ""error_rate"": {""alpha"": 0.15, ""delta"": 0.005, ""min_instances"": 5, ""threshold"": 0.1}}","{""error_rate"": {""min_instances"": 5, ""threshold"": 0.1}}",0.1,0.005,0.15,5,0.05,0.005,0.1,30,,,,-1,two_stage,2,0.5,"__confirm_cooldown=200,divergence=0.3,error_rate=0.5,teacher_entropy=0.2",3,0,200,0.0,0,10000,10.0,25.0,200,500,0,0,1.0,0.8869140625,0.7739808369223188,0.0,0.2829429805278778,0.016159938648343086,0,0,14,14,-1,weighted,,,0,0,0,0.0,0.0069388533011078835,0,0.0,0.0,0.0,0.0,0,none,0,1,0,overconfident,0.95,0,mild_drift,0.9611582671959729,0.001285080634384107,0.8059475852639539,0.8577671377895948,1768232349.7090468,0.13492006063461304,0.12570294737815857
81,5184,5183,sine_nodrift,sine,ts_drift_adapt,3,"error_divergence_ph_meta@error.threshold=0.10,error.min_instances=5",error_divergence_ph_meta,"{""divergence"": {""alpha"": 0.1, ""delta"": 0.005, ""min_instances"": 30, ""threshold"": 0.05}, ""error_rate"": {""alpha"": 0.15, ""delta"": 0.005, ""min_instances"": 5, ""threshold"": 0.1}}","{""error_rate"": {""min_instances"": 5, ""threshold"": 0.1}}",0.1,0.005,0.15,5,0.05,0.005,0.1,30,,,,-1,two_stage,2,0.5,"__confirm_cooldown=200,divergence=0.3,error_rate=0.5,teacher_entropy=0.2",3,0,200,0.0,0,10000,10.0,25.0,200,500,0,0,1.0,0.8881172839506173,0.7763943227575176,0.0,0.30058008432388306,0.011984331533312798,0,0,14,14,-1,weighted,,,0,0,0,0.0,0.004175607115030289,0,0.0,0.0,0.0,0.0,0,none,0,1,0,overconfident,0.95,0,mild_drift,0.9607291335979864,0.0012925403171920534,0.802973792631977,0.8563835688947974,1768232349.7251587,0.08009504526853561,0.12918183207511902
82,5248,5247,sine_nodrift,sine,ts_drift_adapt,3,"error_divergence_ph_meta@error.threshold=0.10,error.min_instances=5",error_divergence_ph_meta,"{""divergence"": {""alpha"": 0.1, ""delta"": 0.005, ""min_instances"": 30, ""threshold"": 0.05}, ""error_rate"": {""alpha"": 0.15, ""delta"": 0.005, ""min_instances"": 5, ""threshold"": 0.1}}","{""error_rate"": {""min_instances"": 5, ""threshold"": 0.1}}",0.1,0.005,0.15,5,0.05,0.005,0.1,30,,,,-1,two_stage,2,0.5,"__confirm_cooldown=200,divergence=0.3,error_rate=0.5,teacher_entropy=0.2",3,0,200,0.0,0,10000,10.0,25.0,200,500,0,0,1.0,0.8887195121951219,0.7775555872970528,0.0,0.3238956332206726,0.011096710339188576,0,0,14,14,-1,weighted,,,0,0,0,0.0,0.0008876211941242218,0,0.0,0.0,0.0,0.0,0,none,0,1,0,overconfident,0.95,0,mild_drift,0.9605145667989932,0.001296270158596027,0.8014868963159885,0.8556917844473987,1768232349.739391,0.07192427664995193,0.09384696185588837
83,5312,5311,sine_nodrift,sine,ts_drift_adapt,3,"error_divergence_ph_meta@error.threshold=0.10,error.min_instances=5",error_divergence_ph_meta,"{""divergence"": {""alpha"": 0.1, ""delta"": 0.005, ""min_instances"": 30, ""threshold"": 0.05}, ""error_rate"": {""alpha"": 0.15, ""delta"": 0.005, ""min_instances"": 5, ""threshold"": 0.1}}","{""error_rate"": {""min_instances"": 5, ""threshold"": 0.1}}",0.1,0.005,0.15,5,0.05,0.005,0.1,30,,,,-1,two_stage,2,0.5,"__confirm_cooldown=200,divergence=0.3,error_rate=0.5,teacher_entropy=0.2",3,0,200,0.0,0,10000,10.0,25.0,200,500,0,0,1.0,0.889683734939759,0.7794608834736793,0.0,0.32198747992515564,0.011176696047186852,0,0,14,14,-1,weighted,,,0,0,0,0.0,7.998570799827576e-05,0,0.0,0.0,0.0,0.0,0,none,0,1,0,overconfident,0.95,0,mild_drift,0.9604072833994965,0.0012981350792980136,0.8007434481579943,0.8553458922236994,1768232349.7536433,0.04449037089943886,0.10323929786682129
84,5376,5375,sine_nodrift,sine,ts_drift_adapt,3,"error_divergence_ph_meta@error.threshold=0.10,error.min_instances=5",error_divergence_ph_meta,"{""divergence"": {""alpha"": 0.1, ""delta"": 0.005, ""min_instances"": 30, ""threshold"": 0.05}, ""error_rate"": {""alpha"": 0.15, ""delta"": 0.005, ""min_instances"": 5, ""threshold"": 0.1}}","{""error_rate"": {""min_instances"": 5, ""threshold"": 0.1}}",0.1,0.005,0.15,5,0.05,0.005,0.1,30,,,,-1,two_stage,2,0.5,"__confirm_cooldown=200,divergence=0.3,error_rate=0.5,teacher_entropy=0.2",3,0,200,0.0,0,10000,10.0,25.0,200,500,0,0,1.0,0.8908110119047619,0.7816742986165631,0.0,0.27660349011421204,0.010345383547246456,0,0,14,14,-1,weighted,,,0,0,0,0.0,0.0008313124999403954,0,0.0,0.0,0.0,0.0,0,none,0,1,0,overconfident,0.95,0,mild_drift,0.9603536416997482,0.001299067539649007,0.8003717240789971,0.8551729461118497,1768232349.7681513,0.027677282691001892,0.10296633094549179
85,5440,5439,sine_nodrift,sine,ts_drift_adapt,3,"error_divergence_ph_meta@error.threshold=0.10,error.min_instances=5",error_divergence_ph_meta,"{""divergence"": {""alpha"": 0.1, ""delta"": 0.005, ""min_instances"": 30, ""threshold"": 0.05}, ""error_rate"": {""alpha"": 0.15, ""delta"": 0.005, ""min_instances"": 5, ""threshold"": 0.1}}","{""error_rate"": {""min_instances"": 5, ""threshold"": 0.1}}",0.1,0.005,0.15,5,0.05,0.005,0.1,30,,,,-1,two_stage,2,0.5,"__confirm_cooldown=200,divergence=0.3,error_rate=0.5,teacher_entropy=0.2",3,0,200,0.0,0,10000,10.0,25.0,200,500,0,0,1.0,0.8919117647058824,0.7838737750198647,0.0,0.3058130741119385,0.005146061070263386,0,0,14,14,-1,weighted,,,0,0,0,0.0,0.00519932247698307,0,0.0,0.0,0.0,0.0,0,none,0,1,0,overconfident,0.95,0,mild_drift,0.9603268208498741,0.0012995337698245035,0.8001858620394986,0.8550864730559249,1768232349.782389,0.022024458274245262,0.059878721833229065
86,5504,5503,sine_nodrift,sine,ts_drift_adapt,3,"error_divergence_ph_meta@error.threshold=0.10,error.min_instances=5",error_divergence_ph_meta,"{""divergence"": {""alpha"": 0.1, ""delta"": 0.005, ""min_instances"": 30, ""threshold"": 0.05}, ""error_rate"": {""alpha"": 0.15, ""delta"": 0.005, ""min_instances"": 5, ""threshold"": 0.1}}","{""error_rate"": {""min_instances"": 5, ""threshold"": 0.1}}",0.1,0.005,0.15,5,0.05,0.005,0.1,30,,,,-1,two_stage,2,0.5,"__confirm_cooldown=200,divergence=0.3,error_rate=0.5,teacher_entropy=0.2",3,0,200,0.0,0,10000,10.0,25.0,200,500,0,0,1.0,0.8926235465116279,0.7852816248569914,0.16666666666666666,0.34011954069137573,0.011010704562067986,1,1,15,15,0,weighted,,,0,0,0,0.0,0.16666666666666666,1,0.5,0.0,0.0,0.0,0,none,1,1,0,overconfident,0.95,0,stable,0.975163410424937,0.0010497668849122517,0.9000929310197493,0.9000432365279625,1768232349.796464,0.19858324527740479,0.10686959326267242
87,5568,5567,sine_nodrift,sine,ts_drift_adapt,3,"error_divergence_ph_meta@error.threshold=0.10,error.min_instances=5",error_divergence_ph_meta,"{""divergence"": {""alpha"": 0.1, ""delta"": 0.005, ""min_instances"": 30, ""threshold"": 0.05}, ""error_rate"": {""alpha"": 0.15, ""delta"": 0.005, ""min_instances"": 5, ""threshold"": 0.1}}","{""error_rate"": {""min_instances"": 5, ""threshold"": 0.1}}",0.1,0.005,0.15,5,0.05,0.005,0.1,30,,,,-1,two_stage,2,0.5,"__confirm_cooldown=200,divergence=0.3,error_rate=0.5,teacher_entropy=0.2",3,0,200,0.0,0,10000,10.0,25.0,200,500,1,136,1.0,0.8934985632183908,0.7870118007686563,0.0,0.35820329189300537,0.009822622872889042,0,0,15,15,-1,weighted,,,0,0,0,0.0,0.16666666666666666,0,0.0,0.0,0.0,0.0,0,none,0,1,0,overconfident,0.95,0,mild_drift,0.9677317052124685,0.0011748834424561258,0.8500464655098747,0.8775216182639812,1768232349.8101232,0.02947024442255497,0.07050036638975143
88,5632,5631,sine_nodrift,sine,ts_drift_adapt,3,"error_divergence_ph_meta@error.threshold=0.10,error.min_instances=5",error_divergence_ph_meta,"{""divergence"": {""alpha"": 0.1, ""delta"": 0.005, ""min_instances"": 30, ""threshold"": 0.05}, ""error_rate"": {""alpha"": 0.15, ""delta"": 0.005, ""min_instances"": 5, ""threshold"": 0.1}}","{""error_rate"": {""min_instances"": 5, ""threshold"": 0.1}}",0.1,0.005,0.15,5,0.05,0.005,0.1,30,,,,-1,two_stage,2,0.5,"__confirm_cooldown=200,divergence=0.3,error_rate=0.5,teacher_entropy=0.2",3,0,200,0.0,0,10000,10.0,25.0,200,500,1,72,1.0,0.8941761363636364,0.7883938208740359,0.0,0.28977149724960327,0.006292576435953379,0,0,15,15,-1,weighted,,,0,0,0,0.0,0.0035300464369356632,0,0.0,0.0,0.0,0.0,0,none,0,1,0,overconfident,0.95,0,mild_drift,0.9640158526062342,0.001237441721228063,0.8250232327549374,0.8662608091319906,1768232349.82419,0.08714953064918518,0.06076734513044357
89,5696,5695,sine_nodrift,sine,ts_drift_adapt,3,"error_divergence_ph_meta@error.threshold=0.10,error.min_instances=5",error_divergence_ph_meta,"{""divergence"": {""alpha"": 0.1, ""delta"": 0.005, ""min_instances"": 30, ""threshold"": 0.05}, ""error_rate"": {""alpha"": 0.15, ""delta"": 0.005, ""min_instances"": 5, ""threshold"": 0.1}}","{""error_rate"": {""min_instances"": 5, ""threshold"": 0.1}}",0.1,0.005,0.15,5,0.05,0.005,0.1,30,,,,-1,two_stage,2,0.5,"__confirm_cooldown=200,divergence=0.3,error_rate=0.5,teacher_entropy=0.2",3,0,200,0.0,0,10000,10.0,25.0,200,500,1,8,1.0,0.8950140449438202,0.79004214557167,0.0,0.2734390199184418,0.008476438000798225,0,0,15,15,-1,weighted,,,0,0,0,0.0,0.0021838615648448467,0,0.0,0.0,0.0,0.0,0,none,0,1,0,overconfident,0.95,0,mild_drift,0.962157926303117,0.0012687208606140315,0.8125116163774687,0.8606304045659953,1768232349.8379912,0.09857109189033508,0.08503462374210358
90,5760,5759,sine_nodrift,sine,ts_drift_adapt,3,"error_divergence_ph_meta@error.threshold=0.10,error.min_instances=5",error_divergence_ph_meta,"{""divergence"": {""alpha"": 0.1, ""delta"": 0.005, ""min_instances"": 30, ""threshold"": 0.05}, ""error_rate"": {""alpha"": 0.15, ""delta"": 0.005, ""min_instances"": 5, ""threshold"": 0.1}}","{""error_rate"": {""min_instances"": 5, ""threshold"": 0.1}}",0.1,0.005,0.15,5,0.05,0.005,0.1,30,,,,-1,two_stage,2,0.5,"__confirm_cooldown=200,divergence=0.3,error_rate=0.5,teacher_entropy=0.2",3,0,200,0.0,0,10000,10.0,25.0,200,500,0,0,1.0,0.8961805555555555,0.7923517981853931,0.0,0.2985219657421112,0.009336084127426147,0,0,15,15,-1,weighted,,,0,0,0,0.0,0.0008596461266279221,0,0.0,0.0,0.0,0.0,0,none,0,1,0,overconfident,0.95,0,mild_drift,0.9612289631515585,0.0012843604303070157,0.8062558081887343,0.8578152022829977,1768232349.8520906,0.05364939197897911,0.08366930484771729
91,5824,5823,sine_nodrift,sine,ts_drift_adapt,3,"error_divergence_ph_meta@error.threshold=0.10,error.min_instances=5",error_divergence_ph_meta,"{""divergence"": {""alpha"": 0.1, ""delta"": 0.005, ""min_instances"": 30, ""threshold"": 0.05}, ""error_rate"": {""alpha"": 0.15, ""delta"": 0.005, ""min_instances"": 5, ""threshold"": 0.1}}","{""error_rate"": {""min_instances"": 5, ""threshold"": 0.1}}",0.1,0.005,0.15,5,0.05,0.005,0.1,30,,,,-1,two_stage,2,0.5,"__confirm_cooldown=200,divergence=0.3,error_rate=0.5,teacher_entropy=0.2",3,0,200,0.0,0,10000,10.0,25.0,200,500,0,0,1.0,0.8971497252747253,0.7943126944951174,0.16666666666666666,0.21773800253868103,0.008203248493373394,1,1,16,16,0,weighted,,,0,0,0,0.0,0.16666666666666666,1,0.5,0.0,0.0,0.0,0,none,1,1,0,overconfident,0.95,0,stable,0.9756144815757792,0.0010421802151535078,0.9031279040943672,0.9014076011414989,1768232349.865898,0.14765790104866028,0.07427946478128433
92,5888,5887,sine_nodrift,sine,ts_drift_adapt,3,"error_divergence_ph_meta@error.threshold=0.10,error.min_instances=5",error_divergence_ph_meta,"{""divergence"": {""alpha"": 0.1, ""delta"": 0.005, ""min_instances"": 30, ""threshold"": 0.05}, ""error_rate"": {""alpha"": 0.15, ""delta"": 0.005, ""min_instances"": 5, ""threshold"": 0.1}}","{""error_rate"": {""min_instances"": 5, ""threshold"": 0.1}}",0.1,0.005,0.15,5,0.05,0.005,0.1,30,,,,-1,two_stage,2,0.5,"__confirm_cooldown=200,divergence=0.3,error_rate=0.5,teacher_entropy=0.2",3,0,200,0.0,0,10000,10.0,25.0,200,500,1,136,1.0,0.8977581521739131,0.7955029262445151,0.0,0.2967732846736908,0.018067361786961555,0,0,16,16,-1,weighted,,,0,0,0,0.0,0.16666666666666666,0,0.0,0.0,0.0,0.0,0,none,0,1,0,overconfident,0.95,0,mild_drift,0.9679572407878896,0.001171090107576754,0.8515639520471836,0.8782038005707494,1768232349.879965,0.08131682127714157,0.10736266523599625
93,5952,5951,sine_nodrift,sine,ts_drift_adapt,3,"error_divergence_ph_meta@error.threshold=0.10,error.min_instances=5",error_divergence_ph_meta,"{""divergence"": {""alpha"": 0.1, ""delta"": 0.005, ""min_instances"": 30, ""threshold"": 0.05}, ""error_rate"": {""alpha"": 0.15, ""delta"": 0.005, ""min_instances"": 5, ""threshold"": 0.1}}","{""error_rate"": {""min_instances"": 5, ""threshold"": 0.1}}",0.1,0.005,0.15,5,0.05,0.005,0.1,30,,,,-1,two_stage,2,0.5,"__confirm_cooldown=200,divergence=0.3,error_rate=0.5,teacher_entropy=0.2",3,0,200,0.0,0,10000,10.0,25.0,200,500,1,72,1.0,0.8985215053763441,0.7970070721562308,0.0,0.29311493039131165,0.010067063383758068,0,0,16,16,-1,weighted,,,0,0,0,0.0,0.008000298403203487,0,0.0,0.0,0.0,0.0,0,none,0,1,0,overconfident,0.95,0,mild_drift,0.9641286203939448,0.0012355450537883772,0.8257819760235918,0.8666019002853746,1768232349.8964427,0.031079808250069618,0.08975966274738312
94,6016,6015,sine_nodrift,sine,ts_drift_adapt,3,"error_divergence_ph_meta@error.threshold=0.10,error.min_instances=5",error_divergence_ph_meta,"{""divergence"": {""alpha"": 0.1, ""delta"": 0.005, ""min_instances"": 30, ""threshold"": 0.05}, ""error_rate"": {""alpha"": 0.15, ""delta"": 0.005, ""min_instances"": 5, ""threshold"": 0.1}}","{""error_rate"": {""min_instances"": 5, ""threshold"": 0.1}}",0.1,0.005,0.15,5,0.05,0.005,0.1,30,,,,-1,two_stage,2,0.5,"__confirm_cooldown=200,divergence=0.3,error_rate=0.5,teacher_entropy=0.2",3,0,200,0.0,0,10000,10.0,25.0,200,500,1,8,1.0,0.8994348404255319,0.7988207649374344,0.0,0.26070743799209595,0.01254790835082531,0,0,16,16,-1,weighted,,,0,0,0,0.0,0.0024808449670672417,0,0.0,0.0,0.0,0.0,0,none,0,1,0,overconfident,0.95,0,mild_drift,0.9622143101969723,0.0012677725268941888,0.8128909880117959,0.8608009501426873,1768232349.9130292,0.053755443543195724,0.08669745177030563
95,6080,6079,sine_nodrift,sine,ts_drift_adapt,3,"error_divergence_ph_meta@error.threshold=0.10,error.min_instances=5",error_divergence_ph_meta,"{""divergence"": {""alpha"": 0.1, ""delta"": 0.005, ""min_instances"": 30, ""threshold"": 0.05}, ""error_rate"": {""alpha"": 0.15, ""delta"": 0.005, ""min_instances"": 5, ""threshold"": 0.1}}","{""error_rate"": {""min_instances"": 5, ""threshold"": 0.1}}",0.1,0.005,0.15,5,0.05,0.005,0.1,30,,,,-1,two_stage,2,0.5,"__confirm_cooldown=200,divergence=0.3,error_rate=0.5,teacher_entropy=0.2",3,0,200,0.0,0,10000,10.0,25.0,200,500,0,0,1.0,0.8998355263157894,0.7995902520428401,0.16666666666666666,0.2557995319366455,0.012012564577162266,0,0,16,16,-1,weighted,,,0,0,0,0.0,0.16666666666666666,0,0.0,0.0,0.0,0.0,0,none,0,1,0,overconfident,0.95,0,mild_drift,0.9612571550984861,0.0012838862634470946,0.806445494005898,0.8579004750713437,1768232349.9284232,0.1969665139913559,0.09677611291408539
96,6144,6143,sine_nodrift,sine,ts_drift_adapt,3,"error_divergence_ph_meta@error.threshold=0.10,error.min_instances=5",error_divergence_ph_meta,"{""divergence"": {""alpha"": 0.1, ""delta"": 0.005, ""min_instances"": 30, ""threshold"": 0.05}, ""error_rate"": {""alpha"": 0.15, ""delta"": 0.005, ""min_instances"": 5, ""threshold"": 0.1}}","{""error_rate"": {""min_instances"": 5, ""threshold"": 0.1}}",0.1,0.005,0.15,5,0.05,0.005,0.1,30,,,,-1,two_stage,2,0.5,"__confirm_cooldown=200,divergence=0.3,error_rate=0.5,teacher_entropy=0.2",3,0,200,0.0,0,10000,10.0,25.0,200,500,0,0,1.0,0.9005533854166666,0.8010559237679511,0.16666666666666666,0.26627737283706665,0.01040633860975504,1,1,17,17,0,weighted,,,0,0,0,0.0,0.0016062259674072266,1,0.5,0.0,0.0,0.0,0,none,1,1,0,overconfident,0.95,0,stable,0.975628577549243,0.0010419431317235473,0.903222747002949,0.9014502375356719,1768232349.9419477,0.2064845710992813,0.07778902351856232
97,6208,6207,sine_nodrift,sine,ts_drift_adapt,3,"error_divergence_ph_meta@error.threshold=0.10,error.min_instances=5",error_divergence_ph_meta,"{""divergence"": {""alpha"": 0.1, ""delta"": 0.005, ""min_instances"": 30, ""threshold"": 0.05}, ""error_rate"": {""alpha"": 0.15, ""delta"": 0.005, ""min_instances"": 5, ""threshold"": 0.1}}","{""error_rate"": {""min_instances"": 5, ""threshold"": 0.1}}",0.1,0.005,0.15,5,0.05,0.005,0.1,30,,,,-1,two_stage,2,0.5,"__confirm_cooldown=200,divergence=0.3,error_rate=0.5,teacher_entropy=0.2",3,0,200,0.0,0,10000,10.0,25.0,200,500,1,136,1.0,0.9010953608247423,0.8021236868159981,0.0,0.2962786853313446,0.009206059388816357,0,0,17,17,-1,weighted,,,0,0,0,0.0,0.16666666666666666,0,0.0,0.0,0.0,0.0,0,none,0,1,0,overconfident,0.95,0,mild_drift,0.9679642887746215,0.0011709715658617737,0.8516113735014745,0.8782251187678359,1768232349.9553943,0.06650993973016739,0.07270002365112305
98,6272,6271,sine_nodrift,sine,ts_drift_adapt,3,"error_divergence_ph_meta@error.threshold=0.10,error.min_instances=5",error_divergence_ph_meta,"{""divergence"": {""alpha"": 0.1, ""delta"": 0.005, ""min_instances"": 30, ""threshold"": 0.05}, ""error_rate"": {""alpha"": 0.15, ""delta"": 0.005, ""min_instances"": 5, ""threshold"": 0.1}}","{""error_rate"": {""min_instances"": 5, ""threshold"": 0.1}}",0.1,0.005,0.15,5,0.05,0.005,0.1,30,,,,-1,two_stage,2,0.5,"__confirm_cooldown=200,divergence=0.3,error_rate=0.5,teacher_entropy=0.2",3,0,200,0.0,0,10000,10.0,25.0,200,500,1,72,1.0,0.9014668367346939,0.802851883379096,0.0,0.28722482919692993,0.011771567165851593,0,0,17,17,-1,weighted,,,0,0,0,0.0,0.0025655077770352364,0,0.0,0.0,0.0,0.0,0,none,0,1,0,overconfident,0.95,0,mild_drift,0.9641321443873108,0.001235485782930887,0.8258056867507373,0.866612559383918,1768232349.9689279,0.09502237290143967,0.0906880795955658
99,6336,6335,sine_nodrift,sine,ts_drift_adapt,3,"error_divergence_ph_meta@error.threshold=0.10,error.min_instances=5",error_divergence_ph_meta,"{""divergence"": {""alpha"": 0.1, ""delta"": 0.005, ""min_instances"": 30, ""threshold"": 0.05}, ""error_rate"": {""alpha"": 0.15, ""delta"": 0.005, ""min_instances"": 5, ""threshold"": 0.1}}","{""error_rate"": {""min_instances"": 5, ""threshold"": 0.1}}",0.1,0.005,0.15,5,0.05,0.005,0.1,30,,,,-1,two_stage,2,0.5,"__confirm_cooldown=200,divergence=0.3,error_rate=0.5,teacher_entropy=0.2",3,0,200,0.0,0,10000,10.0,25.0,200,500,1,8,1.0,0.9016729797979798,0.8032123132292553,0.0,0.2888340651988983,0.011442446149885654,0,0,17,17,-1,weighted,,,0,0,0,0.0,0.00032912101596593857,0,0.0,0.0,0.0,0.0,0,none,0,1,0,overconfident,0.95,0,mild_drift,0.9622160721936553,0.0012677428914654437,0.8129028433753687,0.860806279691959,1768232349.983827,0.12737497687339783,0.08604775369167328
100,6400,6399,sine_nodrift,sine,ts_drift_adapt,3,"error_divergence_ph_meta@error.threshold=0.10,error.min_instances=5",error_divergence_ph_meta,"{""divergence"": {""alpha"": 0.1, ""delta"": 0.005, ""min_instances"": 30, ""threshold"": 0.05}, ""error_rate"": {""alpha"": 0.15, ""delta"": 0.005, ""min_instances"": 5, ""threshold"": 0.1}}","{""error_rate"": {""min_instances"": 5, ""threshold"": 0.1}}",0.1,0.005,0.15,5,0.05,0.005,0.1,30,,,,-1,two_stage,2,0.5,"__confirm_cooldown=200,divergence=0.3,error_rate=0.5,teacher_entropy=0.2",3,0,200,0.0,0,10000,10.0,25.0,200,500,0,0,1.0,0.90234375,0.804585785374614,0.0,0.2856108844280243,0.008032795041799545,0,0,17,17,-1,weighted,,,0,0,0,0.0,0.003409651108086109,0,0.0,0.0,0.0,0.0,0,none,0,1,0,overconfident,0.95,0,mild_drift,0.9612580360968277,0.0012838714457327218,0.8064514216876844,0.8579031398459795,1768232349.9975815,0.13670411705970764,0.08847685158252716
101,6464,6463,sine_nodrift,sine,ts_drift_adapt,3,"error_divergence_ph_meta@error.threshold=0.10,error.min_instances=5",error_divergence_ph_meta,"{""divergence"": {""alpha"": 0.1, ""delta"": 0.005, ""min_instances"": 30, ""threshold"": 0.05}, ""error_rate"": {""alpha"": 0.15, ""delta"": 0.005, ""min_instances"": 5, ""threshold"": 0.1}}","{""error_rate"": {""min_instances"": 5, ""threshold"": 0.1}}",0.1,0.005,0.15,5,0.05,0.005,0.1,30,,,,-1,two_stage,2,0.5,"__confirm_cooldown=200,divergence=0.3,error_rate=0.5,teacher_entropy=0.2",3,0,200,0.0,0,10000,10.0,25.0,200,500,0,0,1.0,0.9026918316831684,0.8052420391660348,0.0,0.2559700906276703,0.012032069265842438,0,0,17,17,-1,weighted,,,0,0,0,0.0,0.0039992742240428925,0,0.0,0.0,0.0,0.0,0,none,0,1,0,overconfident,0.95,0,mild_drift,0.9607790180484138,0.001291935722866361,0.8032257108438422,0.8564515699229898,1768232350.011438,0.026579350233078003,0.08861963450908661
102,6528,6527,sine_nodrift,sine,ts_drift_adapt,3,"error_divergence_ph_meta@error.threshold=0.10,error.min_instances=5",error_divergence_ph_meta,"{""divergence"": {""alpha"": 0.1, ""delta"": 0.005, ""min_instances"": 30, ""threshold"": 0.05}, ""error_rate"": {""alpha"": 0.15, ""delta"": 0.005, ""min_instances"": 5, ""threshold"": 0.1}}","{""error_rate"": {""min_instances"": 5, ""threshold"": 0.1}}",0.1,0.005,0.15,5,0.05,0.005,0.1,30,,,,-1,two_stage,2,0.5,"__confirm_cooldown=200,divergence=0.3,error_rate=0.5,teacher_entropy=0.2",3,0,200,0.0,0,10000,10.0,25.0,200,500,0,0,1.0,0.9031862745098039,0.8062319021773794,0.0,0.27833548188209534,0.011760937049984932,0,0,17,17,-1,weighted,,,0,0,0,0.0,0.0002711322158575058,0,0.0,0.0,0.0,0.0,0,none,0,1,0,overconfident,0.95,0,mild_drift,0.9605395090242068,0.0012959678614331807,0.8016128554219211,0.8557257849614949,1768232350.025463,0.15585936605930328,0.09722767025232315
103,6592,6591,sine_nodrift,sine,ts_drift_adapt,3,"error_divergence_ph_meta@error.threshold=0.10,error.min_instances=5",error_divergence_ph_meta,"{""divergence"": {""alpha"": 0.1, ""delta"": 0.005, ""min_instances"": 30, ""threshold"": 0.05}, ""error_rate"": {""alpha"": 0.15, ""delta"": 0.005, ""min_instances"": 5, ""threshold"": 0.1}}","{""error_rate"": {""min_instances"": 5, ""threshold"": 0.1}}",0.1,0.005,0.15,5,0.05,0.005,0.1,30,,,,-1,two_stage,2,0.5,"__confirm_cooldown=200,divergence=0.3,error_rate=0.5,teacher_entropy=0.2",3,0,200,0.0,0,10000,10.0,25.0,200,500,0,0,1.0,0.904126213592233,0.8081026345501336,0.0,0.23955518007278442,0.006774634588509798,0,0,17,17,-1,weighted,,,0,0,0,0.0,0.004986302461475134,0,0.0,0.0,0.0,0.0,0,none,0,1,0,overconfident,0.95,0,mild_drift,0.9604197545121034,0.0012979839307165906,0.8008064277109606,0.8553628924807475,1768232350.0396643,0.03236117586493492,0.0731276273727417
104,6656,6655,sine_nodrift,sine,ts_drift_adapt,3,"error_divergence_ph_meta@error.threshold=0.10,error.min_instances=5",error_divergence_ph_meta,"{""divergence"": {""alpha"": 0.1, ""delta"": 0.005, ""min_instances"": 30, ""threshold"": 0.05}, ""error_rate"": {""alpha"": 0.15, ""delta"": 0.005, ""min_instances"": 5, ""threshold"": 0.1}}","{""error_rate"": {""min_instances"": 5, ""threshold"": 0.1}}",0.1,0.005,0.15,5,0.05,0.005,0.1,30,,,,-1,two_stage,2,0.5,"__confirm_cooldown=200,divergence=0.3,error_rate=0.5,teacher_entropy=0.2",3,0,200,0.0,0,10000,10.0,25.0,200,500,0,0,1.0,0.9041466346153846,0.8081331143027517,0.0,0.28905004262924194,0.014208098873496056,0,0,17,17,-1,weighted,,,0,0,0,0.0,0.0074334642849862576,0,0.0,0.0,0.0,0.0,0,none,0,1,0,overconfident,0.95,0,mild_drift,0.9603598772560517,0.0012989919653582952,0.8004032138554803,0.8551814462403737,1768232350.0539074,0.04877595975995064,0.0913546085357666
105,6720,6719,sine_nodrift,sine,ts_drift_adapt,3,"error_divergence_ph_meta@error.threshold=0.10,error.min_instances=5",error_divergence_ph_meta,"{""divergence"": {""alpha"": 0.1, ""delta"": 0.005, ""min_instances"": 30, ""threshold"": 0.05}, ""error_rate"": {""alpha"": 0.15, ""delta"": 0.005, ""min_instances"": 5, ""threshold"": 0.1}}","{""error_rate"": {""min_instances"": 5, ""threshold"": 0.1}}",0.1,0.005,0.15,5,0.05,0.005,0.1,30,,,,-1,two_stage,2,0.5,"__confirm_cooldown=200,divergence=0.3,error_rate=0.5,teacher_entropy=0.2",3,0,200,0.0,0,10000,10.0,25.0,200,500,0,0,1.0,0.9049107142857142,0.809664839057643,0.0,0.23060433566570282,0.0076878550462424755,0,0,17,17,-1,weighted,,,0,0,0,0.0,0.00652024382725358,0,0.0,0.0,0.0,0.0,0,none,0,1,0,overconfident,0.95,0,mild_drift,0.9603299386280257,0.0012994959826791476,0.8002016069277402,0.8550907231201869,1768232350.0681581,0.018186278641223907,0.08124782145023346
106,6784,6783,sine_nodrift,sine,ts_drift_adapt,3,"error_divergence_ph_meta@error.threshold=0.10,error.min_instances=5",error_divergence_ph_meta,"{""divergence"": {""alpha"": 0.1, ""delta"": 0.005, ""min_instances"": 30, ""threshold"": 0.05}, ""error_rate"": {""alpha"": 0.15, ""delta"": 0.005, ""min_instances"": 5, ""threshold"": 0.1}}","{""error_rate"": {""min_instances"": 5, ""threshold"": 0.1}}",0.1,0.005,0.15,5,0.05,0.005,0.1,30,,,,-1,two_stage,2,0.5,"__confirm_cooldown=200,divergence=0.3,error_rate=0.5,teacher_entropy=0.2",3,0,200,0.0,0,10000,10.0,25.0,200,500,0,0,1.0,0.9053655660377359,0.8105572598560222,0.0,0.24479947984218597,0.006897222716361284,0,0,17,17,-1,weighted,,,0,0,0,0.0,0.0007906323298811913,0,0.0,0.0,0.0,0.0,0,none,0,1,0,overconfident,0.95,0,mild_drift,0.9603149693140128,0.0012997479913395738,0.8001008034638701,0.8550453615600935,1768232350.0822992,0.0160698089748621,0.07152146846055984
107,6848,6847,sine_nodrift,sine,ts_drift_adapt,3,"error_divergence_ph_meta@error.threshold=0.10,error.min_instances=5",error_divergence_ph_meta,"{""divergence"": {""alpha"": 0.1, ""delta"": 0.005, ""min_instances"": 30, ""threshold"": 0.05}, ""error_rate"": {""alpha"": 0.15, ""delta"": 0.005, ""min_instances"": 5, ""threshold"": 0.1}}","{""error_rate"": {""min_instances"": 5, ""threshold"": 0.1}}",0.1,0.005,0.15,5,0.05,0.005,0.1,30,,,,-1,two_stage,2,0.5,"__confirm_cooldown=200,divergence=0.3,error_rate=0.5,teacher_entropy=0.2",3,0,200,0.0,0,10000,10.0,25.0,200,500,0,0,1.0,0.9061039719626168,0.8120307774637604,0.0,0.2289891093969345,0.007365738973021507,0,0,17,17,-1,weighted,,,0,0,0,0.0,0.000468516256660223,0,0.0,0.0,0.0,0.0,0,none,0,1,0,overconfident,0.95,0,mild_drift,0.9603074846570063,0.001299873995669787,0.8000504017319351,0.8550226807800467,1768232350.0991108,0.059748440980911255,0.05600898340344429
108,6912,6911,sine_nodrift,sine,ts_drift_adapt,3,"error_divergence_ph_meta@error.threshold=0.10,error.min_instances=5",error_divergence_ph_meta,"{""divergence"": {""alpha"": 0.1, ""delta"": 0.005, ""min_instances"": 30, ""threshold"": 0.05}, ""error_rate"": {""alpha"": 0.15, ""delta"": 0.005, ""min_instances"": 5, ""threshold"": 0.1}}","{""error_rate"": {""min_instances"": 5, ""threshold"": 0.1}}",0.1,0.005,0.15,5,0.05,0.005,0.1,30,,,,-1,two_stage,2,0.5,"__confirm_cooldown=200,divergence=0.3,error_rate=0.5,teacher_entropy=0.2",3,0,200,0.0,0,10000,10.0,25.0,200,500,0,0,1.0,0.9066840277777778,0.8131893770565661,0.0,0.24525770545005798,0.00881052203476429,0,0,17,17,-1,weighted,,,0,0,0,0.0,0.0014447830617427826,0,0.0,0.0,0.0,0.0,0,none,0,1,0,overconfident,0.95,0,mild_drift,0.9603037423285031,0.0012999369978348935,0.8000252008659676,0.8550113403900234,1768232350.1161118,0.1426684707403183,0.06927597522735596
109,6976,6975,sine_nodrift,sine,ts_drift_adapt,3,"error_divergence_ph_meta@error.threshold=0.10,error.min_instances=5",error_divergence_ph_meta,"{""divergence"": {""alpha"": 0.1, ""delta"": 0.005, ""min_instances"": 30, ""threshold"": 0.05}, ""error_rate"": {""alpha"": 0.15, ""delta"": 0.005, ""min_instances"": 5, ""threshold"": 0.1}}","{""error_rate"": {""min_instances"": 5, ""threshold"": 0.1}}",0.1,0.005,0.15,5,0.05,0.005,0.1,30,,,,-1,two_stage,2,0.5,"__confirm_cooldown=200,divergence=0.3,error_rate=0.5,teacher_entropy=0.2",3,0,200,0.0,0,10000,10.0,25.0,200,500,0,0,1.0,0.9073967889908257,0.8145858696738905,0.16666666666666666,0.25044766068458557,0.008091083727777004,1,1,18,18,0,weighted,,,0,0,0,0.0,0.16666666666666666,1,0.5,0.0,0.0,0.0,0,none,1,1,0,overconfident,0.95,0,stable,0.9751518711642515,0.0010499684989174467,0.9000126004329838,0.9000056701950117,1768232350.131696,0.17565567791461945,0.08049538731575012
110,7040,7039,sine_nodrift,sine,ts_drift_adapt,3,"error_divergence_ph_meta@error.threshold=0.10,error.min_instances=5",error_divergence_ph_meta,"{""divergence"": {""alpha"": 0.1, ""delta"": 0.005, ""min_instances"": 30, ""threshold"": 0.05}, ""error_rate"": {""alpha"": 0.15, ""delta"": 0.005, ""min_instances"": 5, ""threshold"": 0.1}}","{""error_rate"": {""min_instances"": 5, ""threshold"": 0.1}}",0.1,0.005,0.15,5,0.05,0.005,0.1,30,,,,-1,two_stage,2,0.5,"__confirm_cooldown=200,divergence=0.3,error_rate=0.5,teacher_entropy=0.2",3,0,200,0.0,0,10000,10.0,25.0,200,500,1,136,1.0,0.9082386363636363,0.8162621328628271,0.0,0.21381394565105438,0.007495219353586435,0,0,18,18,-1,weighted,,,0,0,0,0.0,0.16666666666666666,0,0.0,0.0,0.0,0.0,0,none,0,1,0,overconfident,0.95,0,mild_drift,0.9677259355821257,0.0011749842494587234,0.8500063002164919,0.8775028350975058,1768232350.1458745,0.025560498237609863,0.05692107975482941
111,7104,7103,sine_nodrift,sine,ts_drift_adapt,3,"error_divergence_ph_meta@error.threshold=0.10,error.min_instances=5",error_divergence_ph_meta,"{""divergence"": {""alpha"": 0.1, ""delta"": 0.005, ""min_instances"": 30, ""threshold"": 0.05}, ""error_rate"": {""alpha"": 0.15, ""delta"": 0.005, ""min_instances"": 5, ""threshold"": 0.1}}","{""error_rate"": {""min_instances"": 5, ""threshold"": 0.1}}",0.1,0.005,0.15,5,0.05,0.005,0.1,30,,,,-1,two_stage,2,0.5,"__confirm_cooldown=200,divergence=0.3,error_rate=0.5,teacher_entropy=0.2",3,0,200,0.0,0,10000,10.0,25.0,200,500,1,72,1.0,0.9085022522522522,0.8168074411979498,0.0,0.2365221083164215,0.01458679884672165,0,0,18,18,-1,weighted,,,0,0,0,0.0,0.007091579493135214,0,0.0,0.0,0.0,0.0,0,none,0,1,0,overconfident,0.95,0,mild_drift,0.9640129677910628,0.0012374921247293618,0.825003150108246,0.8662514175487529,1768232350.1599348,0.0315578393638134,0.10686428844928741
112,7168,7167,sine_nodrift,sine,ts_drift_adapt,3,"error_divergence_ph_meta@error.threshold=0.10,error.min_instances=5",error_divergence_ph_meta,"{""divergence"": {""alpha"": 0.1, ""delta"": 0.005, ""min_instances"": 30, ""threshold"": 0.05}, ""error_rate"": {""alpha"": 0.15, ""delta"": 0.005, ""min_instances"": 5, ""threshold"": 0.1}}","{""error_rate"": {""min_instances"": 5, ""threshold"": 0.1}}",0.1,0.005,0.15,5,0.05,0.005,0.1,30,,,,-1,two_stage,2,0.5,"__confirm_cooldown=200,divergence=0.3,error_rate=0.5,teacher_entropy=0.2",3,0,200,0.0,0,10000,10.0,25.0,200,500,1,8,1.0,0.9090401785714286,0.8178406225495787,0.0,0.21353180706501007,0.010150195099413395,0,0,18,18,-1,weighted,,,0,0,0,0.0,0.004436603747308254,0,0.0,0.0,0.0,0.0,0,none,0,1,0,overconfident,0.95,0,mild_drift,0.9621564838955314,0.001268746062364681,0.812501575054123,0.8606257087743765,1768232350.1738265,0.011794312857091427,0.08909998834133148
113,7232,7231,sine_nodrift,sine,ts_drift_adapt,3,"error_divergence_ph_meta@error.threshold=0.10,error.min_instances=5",error_divergence_ph_meta,"{""divergence"": {""alpha"": 0.1, ""delta"": 0.005, ""min_instances"": 30, ""threshold"": 0.05}, ""error_rate"": {""alpha"": 0.15, ""delta"": 0.005, ""min_instances"": 5, ""threshold"": 0.1}}","{""error_rate"": {""min_instances"": 5, ""threshold"": 0.1}}",0.1,0.005,0.15,5,0.05,0.005,0.1,30,,,,-1,two_stage,2,0.5,"__confirm_cooldown=200,divergence=0.3,error_rate=0.5,teacher_entropy=0.2",3,0,200,0.0,0,10000,10.0,25.0,200,500,0,0,1.0,0.9097068584070797,0.8191677658927258,0.0,0.21645548939704895,0.007859408855438232,0,0,18,18,-1,weighted,,,0,0,0,0.0,0.0022907862439751625,0,0.0,0.0,0.0,0.0,0,none,0,1,0,overconfident,0.95,0,mild_drift,0.9612282419477657,0.0012843730311823407,0.8062507875270615,0.8578128543871882,1768232350.1879842,0.013959287665784359,0.07700437307357788
114,7296,7295,sine_nodrift,sine,ts_drift_adapt,3,"error_divergence_ph_meta@error.threshold=0.10,error.min_instances=5",error_divergence_ph_meta,"{""divergence"": {""alpha"": 0.1, ""delta"": 0.005, ""min_instances"": 30, ""threshold"": 0.05}, ""error_rate"": {""alpha"": 0.15, ""delta"": 0.005, ""min_instances"": 5, ""threshold"": 0.1}}","{""error_rate"": {""min_instances"": 5, ""threshold"": 0.1}}",0.1,0.005,0.15,5,0.05,0.005,0.1,30,,,,-1,two_stage,2,0.5,"__confirm_cooldown=200,divergence=0.3,error_rate=0.5,teacher_entropy=0.2",3,0,200,0.0,0,10000,10.0,25.0,200,500,0,0,1.0,0.9103618421052632,0.8204563905788732,0.0,0.2111169993877411,0.006801013834774494,0,0,18,18,-1,weighted,,,0,0,0,0.0,0.0010583950206637383,0,0.0,0.0,0.0,0.0,0,none,0,1,0,overconfident,0.95,0,mild_drift,0.9607641209738829,0.0012921865155911703,0.8031253937635308,0.856406427193594,1768232350.202029,0.025817029178142548,0.0558270588517189
115,7360,7359,sine_nodrift,sine,ts_drift_adapt,3,"error_divergence_ph_meta@error.threshold=0.10,error.min_instances=5",error_divergence_ph_meta,"{""divergence"": {""alpha"": 0.1, ""delta"": 0.005, ""min_instances"": 30, ""threshold"": 0.05}, ""error_rate"": {""alpha"": 0.15, ""delta"": 0.005, ""min_instances"": 5, ""threshold"": 0.1}}","{""error_rate"": {""min_instances"": 5, ""threshold"": 0.1}}",0.1,0.005,0.15,5,0.05,0.005,0.1,30,,,,-1,two_stage,2,0.5,"__confirm_cooldown=200,divergence=0.3,error_rate=0.5,teacher_entropy=0.2",3,0,200,0.0,0,10000,10.0,25.0,200,500,0,0,1.0,0.9105978260869565,0.8209316194010071,0.0,0.26164111495018005,0.00960530899465084,0,0,18,18,-1,weighted,,,0,0,0,0.0,0.0028042951598763466,0,0.0,0.0,0.0,0.0,0,none,0,1,0,overconfident,0.95,0,mild_drift,0.9605320604869414,0.0012960932577955851,0.8015626968817654,0.855703213596797,1768232350.2162514,0.031855128705501556,0.0732204020023346
116,7424,7423,sine_nodrift,sine,ts_drift_adapt,3,"error_divergence_ph_meta@error.threshold=0.10,error.min_instances=5",error_divergence_ph_meta,"{""divergence"": {""alpha"": 0.1, ""delta"": 0.005, ""min_instances"": 30, ""threshold"": 0.05}, ""error_rate"": {""alpha"": 0.15, ""delta"": 0.005, ""min_instances"": 5, ""threshold"": 0.1}}","{""error_rate"": {""min_instances"": 5, ""threshold"": 0.1}}",0.1,0.005,0.15,5,0.05,0.005,0.1,30,,,,-1,two_stage,2,0.5,"__confirm_cooldown=200,divergence=0.3,error_rate=0.5,teacher_entropy=0.2",3,0,200,0.0,0,10000,10.0,25.0,200,500,0,0,1.0,0.9112338362068966,0.8221575213047497,0.0,0.24000272154808044,0.011521382257342339,0,0,18,18,-1,weighted,,,0,0,0,0.0,0.0019160732626914978,0,0.0,0.0,0.0,0.0,0,none,0,1,0,overconfident,0.95,0,mild_drift,0.9604160302434707,0.0012980466288977925,0.8007813484408828,0.8553516067983985,1768232350.2302492,0.09423062950372696,0.07587229460477829
117,7488,7487,sine_nodrift,sine,ts_drift_adapt,3,"error_divergence_ph_meta@error.threshold=0.10,error.min_instances=5",error_divergence_ph_meta,"{""divergence"": {""alpha"": 0.1, ""delta"": 0.005, ""min_instances"": 30, ""threshold"": 0.05}, ""error_rate"": {""alpha"": 0.15, ""delta"": 0.005, ""min_instances"": 5, ""threshold"": 0.1}}","{""error_rate"": {""min_instances"": 5, ""threshold"": 0.1}}",0.1,0.005,0.15,5,0.05,0.005,0.1,30,,,,-1,two_stage,2,0.5,"__confirm_cooldown=200,divergence=0.3,error_rate=0.5,teacher_entropy=0.2",3,0,200,0.0,0,10000,10.0,25.0,200,500,0,0,1.0,0.9117254273504274,0.8231201498528232,0.0,0.22990593314170837,0.009966259822249413,0,0,18,18,-1,weighted,,,0,0,0,0.0,0.001555122435092926,0,0.0,0.0,0.0,0.0,0,none,0,1,0,overconfident,0.95,0,mild_drift,0.9603580151217352,0.0012990233144488965,0.8003906742204414,0.8551758033991992,1768232350.2440996,0.03621899336576462,0.07235939800739288
118,7552,7551,sine_nodrift,sine,ts_drift_adapt,3,"error_divergence_ph_meta@error.threshold=0.10,error.min_instances=5",error_divergence_ph_meta,"{""divergence"": {""alpha"": 0.1, ""delta"": 0.005, ""min_instances"": 30, ""threshold"": 0.05}, ""error_rate"": {""alpha"": 0.15, ""delta"": 0.005, ""min_instances"": 5, ""threshold"": 0.1}}","{""error_rate"": {""min_instances"": 5, ""threshold"": 0.1}}",0.1,0.005,0.15,5,0.05,0.005,0.1,30,,,,-1,two_stage,2,0.5,"__confirm_cooldown=200,divergence=0.3,error_rate=0.5,teacher_entropy=0.2",3,0,200,0.0,0,10000,10.0,25.0,200,500,0,0,1.0,0.9123411016949152,0.8243468057756645,0.0,0.24374033510684967,0.006246187258511782,0,0,18,18,-1,weighted,,,0,0,0,0.0,0.003720072563737631,0,0.0,0.0,0.0,0.0,0,none,0,1,0,overconfident,0.95,0,mild_drift,0.9603290075608676,0.0012995116572244482,0.8001953371102207,0.8550879016995996,1768232350.2582574,0.07658979296684265,0.05670420452952385
119,7616,7615,sine_nodrift,sine,ts_drift_adapt,3,"error_divergence_ph_meta@error.threshold=0.10,error.min_instances=5",error_divergence_ph_meta,"{""divergence"": {""alpha"": 0.1, ""delta"": 0.005, ""min_instances"": 30, ""threshold"": 0.05}, ""error_rate"": {""alpha"": 0.15, ""delta"": 0.005, ""min_instances"": 5, ""threshold"": 0.1}}","{""error_rate"": {""min_instances"": 5, ""threshold"": 0.1}}",0.1,0.005,0.15,5,0.05,0.005,0.1,30,,,,-1,two_stage,2,0.5,"__confirm_cooldown=200,divergence=0.3,error_rate=0.5,teacher_entropy=0.2",3,0,200,0.0,0,10000,10.0,25.0,200,500,0,0,1.0,0.9128151260504201,0.8253245280088735,0.0,0.22064056992530823,0.008126008324325085,0,0,18,18,-1,weighted,,,0,0,0,0.0,0.001879821065813303,0,0.0,0.0,0.0,0.0,0,none,0,1,0,overconfident,0.95,0,mild_drift,0.9603145037804337,0.001299755828612224,0.8000976685551104,0.8550439508497998,1768232350.2724526,0.03213052451610565,0.06351320445537567
120,7680,7679,sine_nodrift,sine,ts_drift_adapt,3,"error_divergence_ph_meta@error.threshold=0.10,error.min_instances=5",error_divergence_ph_meta,"{""divergence"": {""alpha"": 0.1, ""delta"": 0.005, ""min_instances"": 30, ""threshold"": 0.05}, ""error_rate"": {""alpha"": 0.15, ""delta"": 0.005, ""min_instances"": 5, ""threshold"": 0.1}}","{""error_rate"": {""min_instances"": 5, ""threshold"": 0.1}}",0.1,0.005,0.15,5,0.05,0.005,0.1,30,,,,-1,two_stage,2,0.5,"__confirm_cooldown=200,divergence=0.3,error_rate=0.5,teacher_entropy=0.2",3,0,200,0.0,0,10000,10.0,25.0,200,500,0,0,1.0,0.9135416666666667,0.8267678745501995,0.0,0.1920975297689438,0.00696567352861166,0,0,18,18,-1,weighted,,,0,0,0,0.0,0.0011603347957134247,0,0.0,0.0,0.0,0.0,0,none,0,1,0,overconfident,0.95,0,mild_drift,0.9603072518902168,0.0012998779143061122,0.8000488342775552,0.8550219754248999,1768232350.2873595,0.020385628566145897,0.05672842264175415
121,7744,7743,sine_nodrift,sine,ts_drift_adapt,3,"error_divergence_ph_meta@error.threshold=0.10,error.min_instances=5",error_divergence_ph_meta,"{""divergence"": {""alpha"": 0.1, ""delta"": 0.005, ""min_instances"": 30, ""threshold"": 0.05}, ""error_rate"": {""alpha"": 0.15, ""delta"": 0.005, ""min_instances"": 5, ""threshold"": 0.1}}","{""error_rate"": {""min_instances"": 5, ""threshold"": 0.1}}",0.1,0.005,0.15,5,0.05,0.005,0.1,30,,,,-1,two_stage,2,0.5,"__confirm_cooldown=200,divergence=0.3,error_rate=0.5,teacher_entropy=0.2",3,0,200,0.0,0,10000,10.0,25.0,200,500,0,0,1.0,0.9141270661157025,0.8279342027148504,0.0,0.1958266794681549,0.004897123668342829,0,0,18,18,-1,weighted,,,0,0,0,0.0,0.0020685498602688313,0,0.0,0.0,0.0,0.0,0,none,0,1,0,overconfident,0.95,0,mild_drift,0.9603036259451083,0.001299938957153056,0.8000244171387776,0.8550109877124499,1768232350.304067,0.09041590243577957,0.04628242552280426
122,7808,7807,sine_nodrift,sine,ts_drift_adapt,3,"error_divergence_ph_meta@error.threshold=0.10,error.min_instances=5",error_divergence_ph_meta,"{""divergence"": {""alpha"": 0.1, ""delta"": 0.005, ""min_instances"": 30, ""threshold"": 0.05}, ""error_rate"": {""alpha"": 0.15, ""delta"": 0.005, ""min_instances"": 5, ""threshold"": 0.1}}","{""error_rate"": {""min_instances"": 5, ""threshold"": 0.1}}",0.1,0.005,0.15,5,0.05,0.005,0.1,30,,,,-1,two_stage,2,0.5,"__confirm_cooldown=200,divergence=0.3,error_rate=0.5,teacher_entropy=0.2",3,0,200,0.0,0,10000,10.0,25.0,200,500,0,0,1.0,0.914702868852459,0.8290641624744588,0.0,0.22869020700454712,0.010589011013507843,0,0,18,18,-1,weighted,,,0,0,0,0.0,0.005691887345165014,0,0.0,0.0,0.0,0.0,0,none,0,1,0,overconfident,0.95,0,mild_drift,0.9603018129725541,0.001299969478576528,0.8000122085693888,0.8550054938562249,1768232350.3202953,0.04188844934105873,0.08122672885656357
123,7872,7871,sine_nodrift,sine,ts_drift_adapt,3,"error_divergence_ph_meta@error.threshold=0.10,error.min_instances=5",error_divergence_ph_meta,"{""divergence"": {""alpha"": 0.1, ""delta"": 0.005, ""min_instances"": 30, ""threshold"": 0.05}, ""error_rate"": {""alpha"": 0.15, ""delta"": 0.005, ""min_instances"": 5, ""threshold"": 0.1}}","{""error_rate"": {""min_instances"": 5, ""threshold"": 0.1}}",0.1,0.005,0.15,5,0.05,0.005,0.1,30,,,,-1,two_stage,2,0.5,"__confirm_cooldown=200,divergence=0.3,error_rate=0.5,teacher_entropy=0.2",3,0,200,0.0,0,10000,10.0,25.0,200,500,0,0,1.0,0.915015243902439,0.829686366689835,0.0,0.19992513954639435,0.00860320869833231,0,0,18,18,-1,weighted,,,0,0,0,0.0,0.0019858023151755333,0,0.0,0.0,0.0,0.0,0,none,0,1,0,overconfident,0.95,0,mild_drift,0.9603009064862771,0.001299984739288264,0.8000061042846944,0.8550027469281125,1768232350.334774,0.02883206307888031,0.08302152901887894
124,7936,7935,sine_nodrift,sine,ts_drift_adapt,3,"error_divergence_ph_meta@error.threshold=0.10,error.min_instances=5",error_divergence_ph_meta,"{""divergence"": {""alpha"": 0.1, ""delta"": 0.005, ""min_instances"": 30, ""threshold"": 0.05}, ""error_rate"": {""alpha"": 0.15, ""delta"": 0.005, ""min_instances"": 5, ""threshold"": 0.1}}","{""error_rate"": {""min_instances"": 5, ""threshold"": 0.1}}",0.1,0.005,0.15,5,0.05,0.005,0.1,30,,,,-1,two_stage,2,0.5,"__confirm_cooldown=200,divergence=0.3,error_rate=0.5,teacher_entropy=0.2",3,0,200,0.0,0,10000,10.0,25.0,200,500,0,0,1.0,0.9151965725806451,0.8300344530949867,0.16666666666666666,0.16978217661380768,0.006512203719466925,1,1,19,19,0,weighted,,,0,0,0,0.0,0.16666666666666666,1,0.5,0.0,0.0,0.0,0,none,1,1,0,overconfident,0.95,0,stable,0.9751504532431385,0.001049992369644132,0.9000030521423472,0.9000013734640563,1768232350.3487415,0.1944049447774887,0.06312404572963715
125,8000,7999,sine_nodrift,sine,ts_drift_adapt,3,"error_divergence_ph_meta@error.threshold=0.10,error.min_instances=5",error_divergence_ph_meta,"{""divergence"": {""alpha"": 0.1, ""delta"": 0.005, ""min_instances"": 30, ""threshold"": 0.05}, ""error_rate"": {""alpha"": 0.15, ""delta"": 0.005, ""min_instances"": 5, ""threshold"": 0.1}}","{""error_rate"": {""min_instances"": 5, ""threshold"": 0.1}}",0.1,0.005,0.15,5,0.05,0.005,0.1,30,,,,-1,two_stage,2,0.5,"__confirm_cooldown=200,divergence=0.3,error_rate=0.5,teacher_entropy=0.2",3,0,200,0.0,0,10000,10.0,25.0,200,500,1,136,1.0,0.915625,0.830864158862405,0.0,0.19826370477676392,0.010060113854706287,0,0,19,19,-1,weighted,,,0,0,0,0.0,0.16666666666666666,0,0.0,0.0,0.0,0.0,0,none,0,1,0,overconfident,0.95,0,mild_drift,0.9677252266215692,0.001174996184822066,0.8500015260711736,0.8775006867320281,1768232350.3626745,0.019791683182120323,0.07382095605134964
126,8064,8063,sine_nodrift,sine,ts_drift_adapt,3,"error_divergence_ph_meta@error.threshold=0.10,error.min_instances=5",error_divergence_ph_meta,"{""divergence"": {""alpha"": 0.1, ""delta"": 0.005, ""min_instances"": 30, ""threshold"": 0.05}, ""error_rate"": {""alpha"": 0.15, ""delta"": 0.005, ""min_instances"": 5, ""threshold"": 0.1}}","{""error_rate"": {""min_instances"": 5, ""threshold"": 0.1}}",0.1,0.005,0.15,5,0.05,0.005,0.1,30,,,,-1,two_stage,2,0.5,"__confirm_cooldown=200,divergence=0.3,error_rate=0.5,teacher_entropy=0.2",3,0,200,0.0,0,10000,10.0,25.0,200,500,1,72,1.0,0.9162946428571429,0.8322082482075026,0.0,0.1872541755437851,0.004521390423178673,0,0,19,19,-1,weighted,,,0,0,0,0.0,0.005538723431527615,0,0.0,0.0,0.0,0.0,0,none,0,1,0,overconfident,0.95,0,mild_drift,0.9640126133107846,0.001237498092411033,0.8250007630355869,0.866250343366014,1768232350.3769295,0.051504600793123245,0.04762956127524376
127,8128,8127,sine_nodrift,sine,ts_drift_adapt,3,"error_divergence_ph_meta@error.threshold=0.10,error.min_instances=5",error_divergence_ph_meta,"{""divergence"": {""alpha"": 0.1, ""delta"": 0.005, ""min_instances"": 30, ""threshold"": 0.05}, ""error_rate"": {""alpha"": 0.15, ""delta"": 0.005, ""min_instances"": 5, ""threshold"": 0.1}}","{""error_rate"": {""min_instances"": 5, ""threshold"": 0.1}}",0.1,0.005,0.15,5,0.05,0.005,0.1,30,,,,-1,two_stage,2,0.5,"__confirm_cooldown=200,divergence=0.3,error_rate=0.5,teacher_entropy=0.2",3,0,200,0.0,0,10000,10.0,25.0,200,500,1,8,1.0,0.9169537401574803,0.833513968330997,0.0,0.16633230447769165,0.004957119468599558,0,0,19,19,-1,weighted,,,0,0,0,0.0,0.0004357290454208851,0,0.0,0.0,0.0,0.0,0,none,0,1,0,overconfident,0.95,0,mild_drift,0.9621563066553922,0.0012687490462055166,0.8125003815177935,0.860625171683007,1768232350.3914204,0.058524537831544876,0.05208364874124527
128,8192,8191,sine_nodrift,sine,ts_drift_adapt,3,"error_divergence_ph_meta@error.threshold=0.10,error.min_instances=5",error_divergence_ph_meta,"{""divergence"": {""alpha"": 0.1, ""delta"": 0.005, ""min_instances"": 30, ""threshold"": 0.05}, ""error_rate"": {""alpha"": 0.15, ""delta"": 0.005, ""min_instances"": 5, ""threshold"": 0.1}}","{""error_rate"": {""min_instances"": 5, ""threshold"": 0.1}}",0.1,0.005,0.15,5,0.05,0.005,0.1,30,,,,-1,two_stage,2,0.5,"__confirm_cooldown=200,divergence=0.3,error_rate=0.5,teacher_entropy=0.2",3,0,200,0.0,0,10000,10.0,25.0,200,500,0,0,1.0,0.9176025390625,0.8348207313842642,0.0,0.17413246631622314,0.007649871986359358,0,0,19,19,-1,weighted,,,0,0,0,0.0,0.0026927525177598,0,0.0,0.0,0.0,0.0,0,none,0,1,0,overconfident,0.95,0,mild_drift,0.9612281533276961,0.0012843745231027584,0.8062501907588968,0.8578125858415035,1768232350.4055614,0.0879870355129242,0.07264816761016846
129,8256,8255,sine_nodrift,sine,ts_drift_adapt,3,"error_divergence_ph_meta@error.threshold=0.10,error.min_instances=5",error_divergence_ph_meta,"{""divergence"": {""alpha"": 0.1, ""delta"": 0.005, ""min_instances"": 30, ""threshold"": 0.05}, ""error_rate"": {""alpha"": 0.15, ""delta"": 0.005, ""min_instances"": 5, ""threshold"": 0.1}}","{""error_rate"": {""min_instances"": 5, ""threshold"": 0.1}}",0.1,0.005,0.15,5,0.05,0.005,0.1,30,,,,-1,two_stage,2,0.5,"__confirm_cooldown=200,divergence=0.3,error_rate=0.5,teacher_entropy=0.2",3,0,200,0.0,0,10000,10.0,25.0,200,500,0,0,1.0,0.9179990310077519,0.8355978714863028,0.0,0.20755332708358765,0.009012033231556416,0,0,19,19,-1,weighted,,,0,0,0,0.0,0.0013621612451970577,0,0.0,0.0,0.0,0.0,0,none,0,1,0,overconfident,0.95,0,mild_drift,0.960764076663848,0.0012921872615513793,0.8031250953794484,0.8564062929207518,1768232350.4198651,0.01715991646051407,0.06735898554325104
130,8320,8319,sine_nodrift,sine,ts_drift_adapt,3,"error_divergence_ph_meta@error.threshold=0.10,error.min_instances=5",error_divergence_ph_meta,"{""divergence"": {""alpha"": 0.1, ""delta"": 0.005, ""min_instances"": 30, ""threshold"": 0.05}, ""error_rate"": {""alpha"": 0.15, ""delta"": 0.005, ""min_instances"": 5, ""threshold"": 0.1}}","{""error_rate"": {""min_instances"": 5, ""threshold"": 0.1}}",0.1,0.005,0.15,5,0.05,0.005,0.1,30,,,,-1,two_stage,2,0.5,"__confirm_cooldown=200,divergence=0.3,error_rate=0.5,teacher_entropy=0.2",3,0,200,0.0,0,10000,10.0,25.0,200,500,0,0,1.0,0.9186298076923077,0.8368560165368423,0.0,0.1877383291721344,0.00947197712957859,0,0,19,19,-1,weighted,,,0,0,0,0.0,0.00045994389802217484,0,0.0,0.0,0.0,0.0,0,none,0,1,0,overconfident,0.95,0,mild_drift,0.960532038331924,0.0012960936307756898,0.8015625476897242,0.8557031464603759,1768232350.4338908,0.027111073955893517,0.07579568028450012
131,8384,8383,sine_nodrift,sine,ts_drift_adapt,3,"error_divergence_ph_meta@error.threshold=0.10,error.min_instances=5",error_divergence_ph_meta,"{""divergence"": {""alpha"": 0.1, ""delta"": 0.005, ""min_instances"": 30, ""threshold"": 0.05}, ""error_rate"": {""alpha"": 0.15, ""delta"": 0.005, ""min_instances"": 5, ""threshold"": 0.1}}","{""error_rate"": {""min_instances"": 5, ""threshold"": 0.1}}",0.1,0.005,0.15,5,0.05,0.005,0.1,30,,,,-1,two_stage,2,0.5,"__confirm_cooldown=200,divergence=0.3,error_rate=0.5,teacher_entropy=0.2",3,0,200,0.0,0,10000,10.0,25.0,200,500,0,0,1.0,0.919131679389313,0.8378461274439103,0.0,0.2339247763156891,0.017432326450943947,0,0,19,19,-1,weighted,,,0,0,0,0.0,0.007960349321365356,0,0.0,0.0,0.0,0.0,0,none,0,1,0,overconfident,0.95,0,mild_drift,0.960416019165962,0.001298046815387845,0.8007812738448621,0.855351573230188,1768232350.447903,0.04030779376626015,0.15033476054668427
132,8448,8447,sine_nodrift,sine,ts_drift_adapt,3,"error_divergence_ph_meta@error.threshold=0.10,error.min_instances=5",error_divergence_ph_meta,"{""divergence"": {""alpha"": 0.1, ""delta"": 0.005, ""min_instances"": 30, ""threshold"": 0.05}, ""error_rate"": {""alpha"": 0.15, ""delta"": 0.005, ""min_instances"": 5, ""threshold"": 0.1}}","{""error_rate"": {""min_instances"": 5, ""threshold"": 0.1}}",0.1,0.005,0.15,5,0.05,0.005,0.1,30,,,,-1,two_stage,2,0.5,"__confirm_cooldown=200,divergence=0.3,error_rate=0.5,teacher_entropy=0.2",3,0,200,0.0,0,10000,10.0,25.0,200,500,0,0,1.0,0.919625946969697,0.8388463311853266,0.0,0.1453401744365692,0.005509189795702696,0,0,19,19,-1,weighted,,,0,0,0,0.0,0.011923136655241251,0,0.0,0.0,0.0,0.0,0,none,0,1,0,overconfident,0.95,0,mild_drift,0.9603580095829809,0.0012990234076939227,0.8003906369224311,0.855175786615094,1768232350.4620385,0.05738246440887451,0.04835866391658783
133,8512,8511,sine_nodrift,sine,ts_drift_adapt,3,"error_divergence_ph_meta@error.threshold=0.10,error.min_instances=5",error_divergence_ph_meta,"{""divergence"": {""alpha"": 0.1, ""delta"": 0.005, ""min_instances"": 30, ""threshold"": 0.05}, ""error_rate"": {""alpha"": 0.15, ""delta"": 0.005, ""min_instances"": 5, ""threshold"": 0.1}}","{""error_rate"": {""min_instances"": 5, ""threshold"": 0.1}}",0.1,0.005,0.15,5,0.05,0.005,0.1,30,,,,-1,two_stage,2,0.5,"__confirm_cooldown=200,divergence=0.3,error_rate=0.5,teacher_entropy=0.2",3,0,200,0.0,0,10000,10.0,25.0,200,500,0,0,1.0,0.9201127819548872,0.839833812527284,0.0,0.16796568036079407,0.004758329596370459,0,0,19,19,-1,weighted,,,0,0,0,0.0,0.0007508601993322372,0,0.0,0.0,0.0,0.0,0,none,0,1,0,overconfident,0.95,0,mild_drift,0.9603290047914904,0.0012995117038469613,0.8001953184612156,0.855087893307547,1768232350.4759693,0.09922852367162704,0.05152237415313721
134,8576,8575,sine_nodrift,sine,ts_drift_adapt,3,"error_divergence_ph_meta@error.threshold=0.10,error.min_instances=5",error_divergence_ph_meta,"{""divergence"": {""alpha"": 0.1, ""delta"": 0.005, ""min_instances"": 30, ""threshold"": 0.05}, ""error_rate"": {""alpha"": 0.15, ""delta"": 0.005, ""min_instances"": 5, ""threshold"": 0.1}}","{""error_rate"": {""min_instances"": 5, ""threshold"": 0.1}}",0.1,0.005,0.15,5,0.05,0.005,0.1,30,,,,-1,two_stage,2,0.5,"__confirm_cooldown=200,divergence=0.3,error_rate=0.5,teacher_entropy=0.2",3,0,200,0.0,0,10000,10.0,25.0,200,500,0,0,1.0,0.9204757462686567,0.840561909879481,0.0,0.18183110654354095,0.007885409519076347,0,0,19,19,-1,weighted,,,0,0,0,0.0,0.0031270799227058887,0,0.0,0.0,0.0,0.0,0,none,0,1,0,overconfident,0.95,0,mild_drift,0.9603145023957451,0.0012997558519234806,0.8000976592306078,0.8550439466537735,1768232350.4904761,0.038799867033958435,0.06082605570554733
135,8640,8639,sine_nodrift,sine,ts_drift_adapt,3,"error_divergence_ph_meta@error.threshold=0.10,error.min_instances=5",error_divergence_ph_meta,"{""divergence"": {""alpha"": 0.1, ""delta"": 0.005, ""min_instances"": 30, ""threshold"": 0.05}, ""error_rate"": {""alpha"": 0.15, ""delta"": 0.005, ""min_instances"": 5, ""threshold"": 0.1}}","{""error_rate"": {""min_instances"": 5, ""threshold"": 0.1}}",0.1,0.005,0.15,5,0.05,0.005,0.1,30,,,,-1,two_stage,2,0.5,"__confirm_cooldown=200,divergence=0.3,error_rate=0.5,teacher_entropy=0.2",3,0,200,0.0,0,10000,10.0,25.0,200,500,0,0,1.0,0.9210648148148148,0.8417290588905273,0.0,0.13790379464626312,0.002566554583609104,0,0,19,19,-1,weighted,,,0,0,0,0.0,0.005318854935467243,0,0.0,0.0,0.0,0.0,0,none,0,1,0,overconfident,0.95,0,mild_drift,0.9603072511978725,0.0012998779259617405,0.8000488296153039,0.8550219733268867,1768232350.506989,0.042821403592824936,0.03342251107096672
136,8704,8703,sine_nodrift,sine,ts_drift_adapt,3,"error_divergence_ph_meta@error.threshold=0.10,error.min_instances=5",error_divergence_ph_meta,"{""divergence"": {""alpha"": 0.1, ""delta"": 0.005, ""min_instances"": 30, ""threshold"": 0.05}, ""error_rate"": {""alpha"": 0.15, ""delta"": 0.005, ""min_instances"": 5, ""threshold"": 0.1}}","{""error_rate"": {""min_instances"": 5, ""threshold"": 0.1}}",0.1,0.005,0.15,5,0.05,0.005,0.1,30,,,,-1,two_stage,2,0.5,"__confirm_cooldown=200,divergence=0.3,error_rate=0.5,teacher_entropy=0.2",3,0,200,0.0,0,10000,10.0,25.0,200,500,0,0,1.0,0.9210707720588235,0.8417608157027391,0.0,0.18207086622714996,0.006638267543166876,0,0,19,19,-1,weighted,,,0,0,0,0.0,0.004071712959557772,0,0.0,0.0,0.0,0.0,0,none,0,1,0,overconfident,0.95,0,mild_drift,0.9603036255989362,0.0012999389629808704,0.800024414807652,0.8550109866634433,1768232350.523562,0.013889876194298267,0.05657317489385605
137,8768,8767,sine_nodrift,sine,ts_drift_adapt,3,"error_divergence_ph_meta@error.threshold=0.10,error.min_instances=5",error_divergence_ph_meta,"{""divergence"": {""alpha"": 0.1, ""delta"": 0.005, ""min_instances"": 30, ""threshold"": 0.05}, ""error_rate"": {""alpha"": 0.15, ""delta"": 0.005, ""min_instances"": 5, ""threshold"": 0.1}}","{""error_rate"": {""min_instances"": 5, ""threshold"": 0.1}}",0.1,0.005,0.15,5,0.05,0.005,0.1,30,,,,-1,two_stage,2,0.5,"__confirm_cooldown=200,divergence=0.3,error_rate=0.5,teacher_entropy=0.2",3,0,200,0.0,0,10000,10.0,25.0,200,500,0,0,1.0,0.9215328467153284,0.8426976511706596,0.0,0.18637290596961975,0.008738319389522076,0,0,19,19,-1,weighted,,,0,0,0,0.0,0.0021000518463552,0,0.0,0.0,0.0,0.0,0,none,0,1,0,overconfident,0.95,0,mild_drift,0.960301812799468,0.0012999694814904354,0.8000122074038261,0.8550054933317217,1768232350.5383344,0.058764178305864334,0.07150787860155106
138,8832,8831,sine_nodrift,sine,ts_drift_adapt,3,"error_divergence_ph_meta@error.threshold=0.10,error.min_instances=5",error_divergence_ph_meta,"{""divergence"": {""alpha"": 0.1, ""delta"": 0.005, ""min_instances"": 30, ""threshold"": 0.05}, ""error_rate"": {""alpha"": 0.15, ""delta"": 0.005, ""min_instances"": 5, ""threshold"": 0.1}}","{""error_rate"": {""min_instances"": 5, ""threshold"": 0.1}}",0.1,0.005,0.15,5,0.05,0.005,0.1,30,,,,-1,two_stage,2,0.5,"__confirm_cooldown=200,divergence=0.3,error_rate=0.5,teacher_entropy=0.2",3,0,200,0.0,0,10000,10.0,25.0,200,500,0,0,1.0,0.9221014492753623,0.8438354913879987,0.0,0.11415530741214752,0.002471689833328128,0,0,19,19,-1,weighted,,,0,0,0,0.0,0.006266629556193948,0,0.0,0.0,0.0,0.0,0,none,0,1,0,overconfident,0.95,0,mild_drift,0.960300906399734,0.0012999847407452179,0.800006103701913,0.8550027466658608,1768232350.5524056,0.0479009747505188,0.02710733562707901
139,8896,8895,sine_nodrift,sine,ts_drift_adapt,3,"error_divergence_ph_meta@error.threshold=0.10,error.min_instances=5",error_divergence_ph_meta,"{""divergence"": {""alpha"": 0.1, ""delta"": 0.005, ""min_instances"": 30, ""threshold"": 0.05}, ""error_rate"": {""alpha"": 0.15, ""delta"": 0.005, ""min_instances"": 5, ""threshold"": 0.1}}","{""error_rate"": {""min_instances"": 5, ""threshold"": 0.1}}",0.1,0.005,0.15,5,0.05,0.005,0.1,30,,,,-1,two_stage,2,0.5,"__confirm_cooldown=200,divergence=0.3,error_rate=0.5,teacher_entropy=0.2",3,0,200,0.0,0,10000,10.0,25.0,200,500,0,0,1.0,0.921875,0.843379440582668,0.3333333333333333,0.2302771508693695,0.012748228386044502,1,1,20,20,0,weighted,,,0,0,0,0.16666666666666666,0.3333333333333333,1,0.5,0.0,0.0,0.0,0,none,1,1,0,overconfident,0.95,0,severe_drift,0.925650453199867,0.001649992370372609,0.6500030518509565,0.8325013733329305,1768232350.5662549,0.27868330478668213,0.11155982315540314
140,8960,8959,sine_nodrift,sine,ts_drift_adapt,3,"error_divergence_ph_meta@error.threshold=0.10,error.min_instances=5",error_divergence_ph_meta,"{""divergence"": {""alpha"": 0.1, ""delta"": 0.005, ""min_instances"": 30, ""threshold"": 0.05}, ""error_rate"": {""alpha"": 0.15, ""delta"": 0.005, ""min_instances"": 5, ""threshold"": 0.1}}","{""error_rate"": {""min_instances"": 5, ""threshold"": 0.1}}",0.1,0.005,0.15,5,0.05,0.005,0.1,30,,,,-1,two_stage,2,0.5,"__confirm_cooldown=200,divergence=0.3,error_rate=0.5,teacher_entropy=0.2",3,0,200,0.0,0,10000,10.0,25.0,200,500,1,136,1.0,0.9220982142857143,0.8438066533918172,0.0,0.18142341077327728,0.006091672461479902,0,0,20,20,-1,weighted,,,0,0,0,0.0,0.3333333333333333,0,0.0,0.0,0.0,0.0,0,none,0,1,0,overconfident,0.95,0,mild_drift,0.9429752265999335,0.0014749961851863046,0.7250015259254783,0.8437506866664652,1768232350.580031,0.061507392674684525,0.05266254395246506
141,9024,9023,sine_nodrift,sine,ts_drift_adapt,3,"error_divergence_ph_meta@error.threshold=0.10,error.min_instances=5",error_divergence_ph_meta,"{""divergence"": {""alpha"": 0.1, ""delta"": 0.005, ""min_instances"": 30, ""threshold"": 0.05}, ""error_rate"": {""alpha"": 0.15, ""delta"": 0.005, ""min_instances"": 5, ""threshold"": 0.1}}","{""error_rate"": {""min_instances"": 5, ""threshold"": 0.1}}",0.1,0.005,0.15,5,0.05,0.005,0.1,30,,,,-1,two_stage,2,0.5,"__confirm_cooldown=200,divergence=0.3,error_rate=0.5,teacher_entropy=0.2",3,0,200,0.0,0,10000,10.0,25.0,200,500,1,72,1.0,0.9224290780141844,0.8444497459010951,0.0,0.13683012127876282,0.007457640953361988,0,0,20,20,-1,weighted,,,0,0,0,0.0,0.0013659684918820858,0,0.0,0.0,0.0,0.0,0,none,0,1,0,overconfident,0.95,0,mild_drift,0.9516376132999667,0.0013874980925931524,0.7625007629627392,0.8493753433332326,1768232350.5940833,0.01498719584196806,0.076062873005867
142,9088,9087,sine_nodrift,sine,ts_drift_adapt,3,"error_divergence_ph_meta@error.threshold=0.10,error.min_instances=5",error_divergence_ph_meta,"{""divergence"": {""alpha"": 0.1, ""delta"": 0.005, ""min_instances"": 30, ""threshold"": 0.05}, ""error_rate"": {""alpha"": 0.15, ""delta"": 0.005, ""min_instances"": 5, ""threshold"": 0.1}}","{""error_rate"": {""min_instances"": 5, ""threshold"": 0.1}}",0.1,0.005,0.15,5,0.05,0.005,0.1,30,,,,-1,two_stage,2,0.5,"__confirm_cooldown=200,divergence=0.3,error_rate=0.5,teacher_entropy=0.2",3,0,200,0.0,0,10000,10.0,25.0,200,500,1,8,1.0,0.9222051056338029,0.8439979166106212,0.0,0.19584862887859344,0.013046657666563988,0,0,20,20,-1,weighted,,,0,0,0,0.0,0.005589016713202,0,0.0,0.0,0.0,0.0,0,none,0,1,0,overconfident,0.95,0,mild_drift,0.9559688066499833,0.0013437490462965764,0.7812503814813696,0.8521876716666164,1768232350.6078575,0.008439996279776096,0.07437219470739365
143,9152,9151,sine_nodrift,sine,ts_drift_adapt,3,"error_divergence_ph_meta@error.threshold=0.10,error.min_instances=5",error_divergence_ph_meta,"{""divergence"": {""alpha"": 0.1, ""delta"": 0.005, ""min_instances"": 30, ""threshold"": 0.05}, ""error_rate"": {""alpha"": 0.15, ""delta"": 0.005, ""min_instances"": 5, ""threshold"": 0.1}}","{""error_rate"": {""min_instances"": 5, ""threshold"": 0.1}}",0.1,0.005,0.15,5,0.05,0.005,0.1,30,,,,-1,two_stage,2,0.5,"__confirm_cooldown=200,divergence=0.3,error_rate=0.5,teacher_entropy=0.2",3,0,200,0.0,0,10000,10.0,25.0,200,500,0,0,1.0,0.9225305944055944,0.8446367919360139,0.0,0.17058108747005463,0.005118245724588633,0,0,20,20,-1,weighted,,,0,0,0,0.0,0.007928411941975355,0,0.0,0.0,0.0,0.0,0,none,0,1,0,overconfident,0.95,0,mild_drift,0.9581344033249917,0.0013218745231482884,0.7906251907406848,0.8535938358333082,1768232350.6218116,0.006880981381982565,0.052099406719207764
144,9216,9215,sine_nodrift,sine,ts_drift_adapt,3,"error_divergence_ph_meta@error.threshold=0.10,error.min_instances=5",error_divergence_ph_meta,"{""divergence"": {""alpha"": 0.1, ""delta"": 0.005, ""min_instances"": 30, ""threshold"": 0.05}, ""error_rate"": {""alpha"": 0.15, ""delta"": 0.005, ""min_instances"": 5, ""threshold"": 0.1}}","{""error_rate"": {""min_instances"": 5, ""threshold"": 0.1}}",0.1,0.005,0.15,5,0.05,0.005,0.1,30,,,,-1,two_stage,2,0.5,"__confirm_cooldown=200,divergence=0.3,error_rate=0.5,teacher_entropy=0.2",3,0,200,0.0,0,10000,10.0,25.0,200,500,0,0,1.0,0.9229600694444444,0.8454979109009996,0.0,0.1919061541557312,0.015872493386268616,0,0,20,20,-1,weighted,,,0,0,0,0.0,0.010754247661679983,0,0.0,0.0,0.0,0.0,0,none,0,1,0,overconfident,0.95,0,mild_drift,0.9592172016624958,0.0013109372615741442,0.7953125953703424,0.8542969179166541,1768232350.6358154,0.0126353083178401,0.13277949392795563
145,9280,9279,sine_nodrift,sine,ts_drift_adapt,3,"error_divergence_ph_meta@error.threshold=0.10,error.min_instances=5",error_divergence_ph_meta,"{""divergence"": {""alpha"": 0.1, ""delta"": 0.005, ""min_instances"": 30, ""threshold"": 0.05}, ""error_rate"": {""alpha"": 0.15, ""delta"": 0.005, ""min_instances"": 5, ""threshold"": 0.1}}","{""error_rate"": {""min_instances"": 5, ""threshold"": 0.1}}",0.1,0.005,0.15,5,0.05,0.005,0.1,30,,,,-1,two_stage,2,0.5,"__confirm_cooldown=200,divergence=0.3,error_rate=0.5,teacher_entropy=0.2",3,0,200,0.0,0,10000,10.0,25.0,200,500,0,0,1.0,0.9231681034482758,0.8458955300704293,0.0,0.16601072251796722,0.01515909656882286,0,0,20,20,-1,weighted,,,0,0,0,0.0,0.000713396817445755,0,0.0,0.0,0.0,0.0,0,none,0,1,0,overconfident,0.95,0,mild_drift,0.9597586008312479,0.001305468630787072,0.7976562976851712,0.854648458958327,1768232350.6496124,0.04223257303237915,0.13940002024173737
146,9344,9343,sine_nodrift,sine,ts_drift_adapt,3,"error_divergence_ph_meta@error.threshold=0.10,error.min_instances=5",error_divergence_ph_meta,"{""divergence"": {""alpha"": 0.1, ""delta"": 0.005, ""min_instances"": 30, ""threshold"": 0.05}, ""error_rate"": {""alpha"": 0.15, ""delta"": 0.005, ""min_instances"": 5, ""threshold"": 0.1}}","{""error_rate"": {""min_instances"": 5, ""threshold"": 0.1}}",0.1,0.005,0.15,5,0.05,0.005,0.1,30,,,,-1,two_stage,2,0.5,"__confirm_cooldown=200,divergence=0.3,error_rate=0.5,teacher_entropy=0.2",3,0,200,0.0,0,10000,10.0,25.0,200,500,0,0,1.0,0.9236943493150684,0.8469423772374975,0.0,0.1351412683725357,0.005487306509166956,0,0,20,20,-1,weighted,,,0,0,0,0.0,0.009671790059655905,0,0.0,0.0,0.0,0.0,0,none,0,1,0,overconfident,0.95,0,mild_drift,0.960029300415624,0.0013027343153935362,0.7988281488425857,0.8548242294791635,1768232350.6634426,0.01360740140080452,0.053013965487480164
147,9408,9407,sine_nodrift,sine,ts_drift_adapt,3,"error_divergence_ph_meta@error.threshold=0.10,error.min_instances=5",error_divergence_ph_meta,"{""divergence"": {""alpha"": 0.1, ""delta"": 0.005, ""min_instances"": 30, ""threshold"": 0.05}, ""error_rate"": {""alpha"": 0.15, ""delta"": 0.005, ""min_instances"": 5, ""threshold"": 0.1}}","{""error_rate"": {""min_instances"": 5, ""threshold"": 0.1}}",0.1,0.005,0.15,5,0.05,0.005,0.1,30,,,,-1,two_stage,2,0.5,"__confirm_cooldown=200,divergence=0.3,error_rate=0.5,teacher_entropy=0.2",3,0,200,0.0,0,10000,10.0,25.0,200,500,0,0,1.0,0.924000850340136,0.8475449062059579,0.0,0.10025198012590408,0.0057814475148916245,0,0,20,20,-1,weighted,,,0,0,0,0.0,0.0002941410057246685,0,0.0,0.0,0.0,0.0,0,none,0,1,0,overconfident,0.95,0,mild_drift,0.9601646502078119,0.0013013671576967683,0.7994140744212929,0.8549121147395817,1768232350.6771085,0.045093487948179245,0.05819832533597946
148,9472,9471,sine_nodrift,sine,ts_drift_adapt,3,"error_divergence_ph_meta@error.threshold=0.10,error.min_instances=5",error_divergence_ph_meta,"{""divergence"": {""alpha"": 0.1, ""delta"": 0.005, ""min_instances"": 30, ""threshold"": 0.05}, ""error_rate"": {""alpha"": 0.15, ""delta"": 0.005, ""min_instances"": 5, ""threshold"": 0.1}}","{""error_rate"": {""min_instances"": 5, ""threshold"": 0.1}}",0.1,0.005,0.15,5,0.05,0.005,0.1,30,,,,-1,two_stage,2,0.5,"__confirm_cooldown=200,divergence=0.3,error_rate=0.5,teacher_entropy=0.2",3,0,200,0.0,0,10000,10.0,25.0,200,500,0,0,1.0,0.9244087837837838,0.8483716674172865,0.0,0.15237198770046234,0.004500734619796276,0,0,20,20,-1,weighted,,,0,0,0,0.0,0.0012807128950953484,0,0.0,0.0,0.0,0.0,0,none,0,1,0,overconfident,0.95,0,mild_drift,0.960232325103906,0.0013006835788483841,0.7997070372106465,0.8549560573697909,1768232350.6915348,0.012104560621082783,0.06042396277189255
149,9536,9535,sine_nodrift,sine,ts_drift_adapt,3,"error_divergence_ph_meta@error.threshold=0.10,error.min_instances=5",error_divergence_ph_meta,"{""divergence"": {""alpha"": 0.1, ""delta"": 0.005, ""min_instances"": 30, ""threshold"": 0.05}, ""error_rate"": {""alpha"": 0.15, ""delta"": 0.005, ""min_instances"": 5, ""threshold"": 0.1}}","{""error_rate"": {""min_instances"": 5, ""threshold"": 0.1}}",0.1,0.005,0.15,5,0.05,0.005,0.1,30,,,,-1,two_stage,2,0.5,"__confirm_cooldown=200,divergence=0.3,error_rate=0.5,teacher_entropy=0.2",3,0,200,0.0,0,10000,10.0,25.0,200,500,0,0,1.0,0.9246015100671141,0.8487475694195655,0.0,0.16606810688972473,0.008451453410089016,0,0,20,20,-1,weighted,,,0,0,0,0.0,0.00395071879029274,0,0.0,0.0,0.0,0.0,0,none,0,1,0,overconfident,0.95,0,mild_drift,0.960266162551953,0.0013003417894241922,0.7998535186053233,0.8549780286848954,1768232350.7078445,0.03772980719804764,0.08314070105552673
150,9600,9599,sine_nodrift,sine,ts_drift_adapt,3,"error_divergence_ph_meta@error.threshold=0.10,error.min_instances=5",error_divergence_ph_meta,"{""divergence"": {""alpha"": 0.1, ""delta"": 0.005, ""min_instances"": 30, ""threshold"": 0.05}, ""error_rate"": {""alpha"": 0.15, ""delta"": 0.005, ""min_instances"": 5, ""threshold"": 0.1}}","{""error_rate"": {""min_instances"": 5, ""threshold"": 0.1}}",0.1,0.005,0.15,5,0.05,0.005,0.1,30,,,,-1,two_stage,2,0.5,"__confirm_cooldown=200,divergence=0.3,error_rate=0.5,teacher_entropy=0.2",3,0,200,0.0,0,10000,10.0,25.0,200,500,0,0,1.0,0.9248958333333334,0.8493449981259542,0.16666666666666666,0.1813780963420868,0.008802960626780987,1,1,21,21,0,weighted,,,0,0,0,0.16666666666666666,0.16666666666666666,1,0.5,0.0,0.0,0.0,0,none,1,1,0,overconfident,0.95,0,severe_drift,0.9256330812759765,0.0016501708947120961,0.6499267593026616,0.8324890143424477,1768232350.724098,0.29108545184135437,0.06355413794517517
151,9664,9663,sine_nodrift,sine,ts_drift_adapt,3,"error_divergence_ph_meta@error.threshold=0.10,error.min_instances=5",error_divergence_ph_meta,"{""divergence"": {""alpha"": 0.1, ""delta"": 0.005, ""min_instances"": 30, ""threshold"": 0.05}, ""error_rate"": {""alpha"": 0.15, ""delta"": 0.005, ""min_instances"": 5, ""threshold"": 0.1}}","{""error_rate"": {""min_instances"": 5, ""threshold"": 0.1}}",0.1,0.005,0.15,5,0.05,0.005,0.1,30,,,,-1,two_stage,2,0.5,"__confirm_cooldown=200,divergence=0.3,error_rate=0.5,teacher_entropy=0.2",3,0,200,0.0,0,10000,10.0,25.0,200,500,1,136,1.0,0.9250827814569537,0.8497236783034944,0.16666666666666666,0.14914074540138245,0.014599783346056938,0,0,21,21,-1,weighted,,,0,0,0,0.0,0.005796822719275951,0,0.0,0.0,0.0,0.0,0,none,0,1,0,overconfident,0.95,0,mild_drift,0.9429665406379882,0.0014750854473560482,0.7249633796513308,0.8437445071712238,1768232350.7384179,0.19000160694122314,0.1283922642469406
152,9728,9727,sine_nodrift,sine,ts_drift_adapt,3,"error_divergence_ph_meta@error.threshold=0.10,error.min_instances=5",error_divergence_ph_meta,"{""divergence"": {""alpha"": 0.1, ""delta"": 0.005, ""min_instances"": 30, ""threshold"": 0.05}, ""error_rate"": {""alpha"": 0.15, ""delta"": 0.005, ""min_instances"": 5, ""threshold"": 0.1}}","{""error_rate"": {""min_instances"": 5, ""threshold"": 0.1}}",0.1,0.005,0.15,5,0.05,0.005,0.1,30,,,,-1,two_stage,2,0.5,"__confirm_cooldown=200,divergence=0.3,error_rate=0.5,teacher_entropy=0.2",3,0,200,0.0,0,10000,10.0,25.0,200,500,1,72,1.0,0.9253700657894737,0.8502803313462794,0.0,0.17255976796150208,0.0074720424599945545,0,0,21,21,-1,weighted,,,0,0,0,0.0,0.16666666666666666,0,0.0,0.0,0.0,0.0,0,none,0,1,0,overconfident,0.95,0,mild_drift,0.951633270318994,0.001387542723678024,0.7624816898256654,0.8493722535856119,1768232350.7516043,0.051632579416036606,0.08745387196540833
153,9792,9791,sine_nodrift,sine,ts_drift_adapt,3,"error_divergence_ph_meta@error.threshold=0.10,error.min_instances=5",error_divergence_ph_meta,"{""divergence"": {""alpha"": 0.1, ""delta"": 0.005, ""min_instances"": 30, ""threshold"": 0.05}, ""error_rate"": {""alpha"": 0.15, ""delta"": 0.005, ""min_instances"": 5, ""threshold"": 0.1}}","{""error_rate"": {""min_instances"": 5, ""threshold"": 0.1}}",0.1,0.005,0.15,5,0.05,0.005,0.1,30,,,,-1,two_stage,2,0.5,"__confirm_cooldown=200,divergence=0.3,error_rate=0.5,teacher_entropy=0.2",3,0,200,0.0,0,10000,10.0,25.0,200,500,1,8,1.0,0.9254493464052288,0.850440108002087,0.16666666666666666,0.14427994191646576,0.007995578460395336,0,0,21,21,-1,weighted,,,0,0,0,0.0,0.16666666666666666,0,0.0,0.0,0.0,0.0,0,none,0,1,0,overconfident,0.95,0,mild_drift,0.955966635159497,0.001343771361839012,0.7812408449128327,0.8521861267928059,1768232350.7653527,0.3946218192577362,0.07776279747486115
154,9856,9855,sine_nodrift,sine,ts_drift_adapt,3,"error_divergence_ph_meta@error.threshold=0.10,error.min_instances=5",error_divergence_ph_meta,"{""divergence"": {""alpha"": 0.1, ""delta"": 0.005, ""min_instances"": 30, ""threshold"": 0.05}, ""error_rate"": {""alpha"": 0.15, ""delta"": 0.005, ""min_instances"": 5, ""threshold"": 0.1}}","{""error_rate"": {""min_instances"": 5, ""threshold"": 0.1}}",0.1,0.005,0.15,5,0.05,0.005,0.1,30,,,,-1,two_stage,2,0.5,"__confirm_cooldown=200,divergence=0.3,error_rate=0.5,teacher_entropy=0.2",3,0,200,0.0,0,10000,10.0,25.0,200,500,0,0,1.0,0.9259334415584416,0.8514206222034035,0.0,0.13743142783641815,0.009433283470571041,0,0,21,21,-1,weighted,,,0,0,0,0.0,0.16666666666666666,0,0.0,0.0,0.0,0.0,0,none,0,1,0,overconfident,0.95,0,mild_drift,0.9581333175797484,0.0013218856809195062,0.7906204224564164,0.853593063396403,1768232350.7795036,0.02377447299659252,0.09689602255821228
155,9920,9919,sine_nodrift,sine,ts_drift_adapt,3,"error_divergence_ph_meta@error.threshold=0.10,error.min_instances=5",error_divergence_ph_meta,"{""divergence"": {""alpha"": 0.1, ""delta"": 0.005, ""min_instances"": 30, ""threshold"": 0.05}, ""error_rate"": {""alpha"": 0.15, ""delta"": 0.005, ""min_instances"": 5, ""threshold"": 0.1}}","{""error_rate"": {""min_instances"": 5, ""threshold"": 0.1}}",0.1,0.005,0.15,5,0.05,0.005,0.1,30,,,,-1,two_stage,2,0.5,"__confirm_cooldown=200,divergence=0.3,error_rate=0.5,teacher_entropy=0.2",3,0,200,0.0,0,10000,10.0,25.0,200,500,0,0,1.0,0.9263104838709677,0.8521914978150532,0.0,0.1847895234823227,0.013353884220123291,1,1,22,22,0,weighted,,,0,0,0,0.16666666666666666,0.00392060074955225,1,0.5,0.0,0.0,0.0,0,none,1,1,0,overconfident,0.95,0,severe_drift,0.9245666587898742,0.0016609428404597531,0.6453102112282082,0.8317965316982014,1768232350.7941222,0.01095875259488821,0.11973872035741806
156,9984,9983,sine_nodrift,sine,ts_drift_adapt,3,"error_divergence_ph_meta@error.threshold=0.10,error.min_instances=5",error_divergence_ph_meta,"{""divergence"": {""alpha"": 0.1, ""delta"": 0.005, ""min_instances"": 30, ""threshold"": 0.05}, ""error_rate"": {""alpha"": 0.15, ""delta"": 0.005, ""min_instances"": 5, ""threshold"": 0.1}}","{""error_rate"": {""min_instances"": 5, ""threshold"": 0.1}}",0.1,0.005,0.15,5,0.05,0.005,0.1,30,,,,-1,two_stage,2,0.5,"__confirm_cooldown=200,divergence=0.3,error_rate=0.5,teacher_entropy=0.2",3,0,200,0.0,0,10000,10.0,25.0,200,500,1,136,1.0,0.9266826923076923,0.8529357598486497,0.0,0.16931165754795074,0.009198969230055809,0,0,22,22,-1,weighted,,,0,0,0,0.0,0.004154914990067482,0,0.0,0.0,0.0,0.0,0,none,0,1,0,overconfident,0.95,0,mild_drift,0.9424333293949371,0.0014804714202298766,0.7226551056141042,0.8433982658491007,1768232350.8079312,0.00907388050109148,0.09119976311922073
157,10000,9999,sine_nodrift,sine,ts_drift_adapt,3,"error_divergence_ph_meta@error.threshold=0.10,error.min_instances=5",error_divergence_ph_meta,"{""divergence"": {""alpha"": 0.1, ""delta"": 0.005, ""min_instances"": 30, ""threshold"": 0.05}, ""error_rate"": {""alpha"": 0.15, ""delta"": 0.005, ""min_instances"": 5, ""threshold"": 0.1}}","{""error_rate"": {""min_instances"": 5, ""threshold"": 0.1}}",0.1,0.005,0.15,5,0.05,0.005,0.1,30,,,,-1,two_stage,2,0.5,"__confirm_cooldown=200,divergence=0.3,error_rate=0.5,teacher_entropy=0.2",3,0,200,0.0,0,10000,10.0,25.0,200,500,1,120,1.0,0.9268,0.8531724381398632,0.0,0.10724508762359619,0.005657017230987549,0,0,22,22,-1,weighted,,,0,0,0,0.0,0.00354195199906826,0,0.0,0.0,0.0,0.0,0,none,0,1,0,overconfident,0.95,0,mild_drift,0.9513666646974686,0.0013902357101149383,0.7613275528070521,0.8491991329245503,1768232350.820868,0.004231072496622801,0.05690345913171768
