step,seen_samples,sample_idx,dataset_name,dataset_type,model_variant,seed,monitor_preset,monitor_preset_base,monitor_ph_params,monitor_ph_overrides,ph_error_threshold,ph_error_delta,ph_error_alpha,ph_error_min_instances,ph_divergence_threshold,ph_divergence_delta,ph_divergence_alpha,ph_divergence_min_instances,ph_entropy_threshold,ph_entropy_delta,ph_entropy_alpha,ph_entropy_min_instances,trigger_mode,trigger_k,trigger_threshold,trigger_weights,confirm_window,confirm_cooldown,confirm_cooldown_active,confirm_cooldown_remaining,severity_scheduler_scale,metric_accuracy,metric_kappa,student_error_rate,teacher_entropy,divergence_js,drift_flag,candidate_flag,candidate_count_total,confirmed_count_total,confirm_delay,monitor_severity,monitor_fused_severity,monitor_vote_count,monitor_vote_score,drift_severity_raw,drift_severity,severity_carry,use_severity_v2,severity_gate,severity_confirmed,severity_gate_min_streak,severity_confirmed_streak,entropy_mode,decay,freeze_baseline_steps,regime,alpha,lr,lambda_u,tau,timestamp,supervised_loss,unsupervised_loss
1,256,255,INSECTS_abrupt_balanced,insects_real,ts_drift_adapt_severity,9,"error_divergence_ph_meta@error.threshold=0.05,error.min_instances=5",error_divergence_ph_meta,"{""divergence"": {""alpha"": 0.1, ""delta"": 0.005, ""min_instances"": 30, ""threshold"": 0.05}, ""error_rate"": {""alpha"": 0.15, ""delta"": 0.005, ""min_instances"": 5, ""threshold"": 0.05}}","{""error_rate"": {""min_instances"": 5, ""threshold"": 0.05}}",0.05,0.005,0.15,5,0.05,0.005,0.1,30,,,,-1,two_stage,2,0.5,"confirm_cooldown=200,divergence=0.3,error_rate=0.5,teacher_entropy=0.2",1,0,0,0,1.0,0.08203125,-0.009328233004496343,0.9166666666666666,1.7294058799743652,0.006186404265463352,0,0,0,0,-1,0.0,0.0,0,0.0,0.0,0.0,0.0,1,confirmed_streak,0,5,0,overconfident,0.95,0,mild_drift,0.96,0.00115,0.45,0.78,1767842102.4998536,1.981272578239441,0.02485130913555622
2,512,511,INSECTS_abrupt_balanced,insects_real,ts_drift_adapt_severity,9,"error_divergence_ph_meta@error.threshold=0.05,error.min_instances=5",error_divergence_ph_meta,"{""divergence"": {""alpha"": 0.1, ""delta"": 0.005, ""min_instances"": 30, ""threshold"": 0.05}, ""error_rate"": {""alpha"": 0.15, ""delta"": 0.005, ""min_instances"": 5, ""threshold"": 0.05}}","{""error_rate"": {""min_instances"": 5, ""threshold"": 0.05}}",0.05,0.005,0.15,5,0.05,0.005,0.1,30,,,,-1,two_stage,2,0.5,"confirm_cooldown=200,divergence=0.3,error_rate=0.5,teacher_entropy=0.2",1,0,0,0,1.0,0.125,0.011191005811046161,0.5833333333333334,1.7345879077911377,0.007361557800322771,0,0,0,0,-1,0.0,0.33333333333333326,0,0.0,0.0,0.0,0.0,1,confirmed_streak,0,5,0,overconfident,0.95,0,mild_drift,0.955,0.001225,0.42500000000000004,0.77,1767842102.5108964,1.7387046813964844,0.029570015147328377
3,768,767,INSECTS_abrupt_balanced,insects_real,ts_drift_adapt_severity,9,"error_divergence_ph_meta@error.threshold=0.05,error.min_instances=5",error_divergence_ph_meta,"{""divergence"": {""alpha"": 0.1, ""delta"": 0.005, ""min_instances"": 30, ""threshold"": 0.05}, ""error_rate"": {""alpha"": 0.15, ""delta"": 0.005, ""min_instances"": 5, ""threshold"": 0.05}}","{""error_rate"": {""min_instances"": 5, ""threshold"": 0.05}}",0.05,0.005,0.15,5,0.05,0.005,0.1,30,,,,-1,two_stage,2,0.5,"confirm_cooldown=200,divergence=0.3,error_rate=0.5,teacher_entropy=0.2",1,0,0,0,1.0,0.1484375,0.008435578280310725,0.5833333333333334,1.7366931438446045,0.010042231529951096,0,0,0,0,-1,0.0,0.0026806737296283245,0,0.0,0.0,0.0,0.0,1,confirmed_streak,0,5,0,overconfident,0.95,0,mild_drift,0.9524999999999999,0.0012625000000000002,0.41250000000000003,0.765,1767842102.521783,1.729748249053955,0.040985118597745895
4,1024,1023,INSECTS_abrupt_balanced,insects_real,ts_drift_adapt_severity,9,"error_divergence_ph_meta@error.threshold=0.05,error.min_instances=5",error_divergence_ph_meta,"{""divergence"": {""alpha"": 0.1, ""delta"": 0.005, ""min_instances"": 30, ""threshold"": 0.05}, ""error_rate"": {""alpha"": 0.15, ""delta"": 0.005, ""min_instances"": 5, ""threshold"": 0.05}}","{""error_rate"": {""min_instances"": 5, ""threshold"": 0.05}}",0.05,0.005,0.15,5,0.05,0.005,0.1,30,,,,-1,two_stage,2,0.5,"confirm_cooldown=200,divergence=0.3,error_rate=0.5,teacher_entropy=0.2",1,0,0,0,1.0,0.15234375,0.006114279324611428,0.8333333333333334,1.7371424436569214,0.014803397469222546,0,0,0,0,-1,0.0,0.25,0,0.0,0.0,0.0,0.0,1,confirmed_streak,0,5,0,overconfident,0.95,0,mild_drift,0.9512499999999999,0.0012812500000000003,0.40625,0.7625,1767842102.5331676,1.8291078805923462,0.06206841021776199
5,1280,1279,INSECTS_abrupt_balanced,insects_real,ts_drift_adapt_severity,9,"error_divergence_ph_meta@error.threshold=0.05,error.min_instances=5",error_divergence_ph_meta,"{""divergence"": {""alpha"": 0.1, ""delta"": 0.005, ""min_instances"": 30, ""threshold"": 0.05}, ""error_rate"": {""alpha"": 0.15, ""delta"": 0.005, ""min_instances"": 5, ""threshold"": 0.05}}","{""error_rate"": {""min_instances"": 5, ""threshold"": 0.05}}",0.05,0.005,0.15,5,0.05,0.005,0.1,30,,,,-1,two_stage,2,0.5,"confirm_cooldown=200,divergence=0.3,error_rate=0.5,teacher_entropy=0.2",1,0,0,0,1.0,0.15546875,0.00024999530355647155,1.0,1.7417312860488892,0.017545048147439957,1,1,1,1,0,0.0,0.16666666666666663,1,0.5,0.0,0.0,0.0,1,confirmed_streak,0,5,1,overconfident,0.95,0,stable,0.970625,0.001040625,0.453125,0.80125,1767842102.5445113,1.9129327535629272,0.07520351558923721
6,1536,1535,INSECTS_abrupt_balanced,insects_real,ts_drift_adapt_severity,9,"error_divergence_ph_meta@error.threshold=0.05,error.min_instances=5",error_divergence_ph_meta,"{""divergence"": {""alpha"": 0.1, ""delta"": 0.005, ""min_instances"": 30, ""threshold"": 0.05}, ""error_rate"": {""alpha"": 0.15, ""delta"": 0.005, ""min_instances"": 5, ""threshold"": 0.05}}","{""error_rate"": {""min_instances"": 5, ""threshold"": 0.05}}",0.05,0.005,0.15,5,0.05,0.005,0.1,30,,,,-1,two_stage,2,0.5,"confirm_cooldown=200,divergence=0.3,error_rate=0.5,teacher_entropy=0.2",1,0,0,0,1.0,0.16731770833333334,0.0054356823155794366,0.8333333333333334,1.7466129064559937,0.01862170733511448,0,0,1,1,-1,0.0,0.16666666666666663,0,0.0,0.0,0.0,0.0,1,confirmed_streak,0,5,0,overconfident,0.95,0,mild_drift,0.9603124999999999,0.0011703125000000001,0.4265625,0.780625,1767842102.5552104,1.8406105041503906,0.0809016078710556
7,1792,1791,INSECTS_abrupt_balanced,insects_real,ts_drift_adapt_severity,9,"error_divergence_ph_meta@error.threshold=0.05,error.min_instances=5",error_divergence_ph_meta,"{""divergence"": {""alpha"": 0.1, ""delta"": 0.005, ""min_instances"": 30, ""threshold"": 0.05}, ""error_rate"": {""alpha"": 0.15, ""delta"": 0.005, ""min_instances"": 5, ""threshold"": 0.05}}","{""error_rate"": {""min_instances"": 5, ""threshold"": 0.05}}",0.05,0.005,0.15,5,0.05,0.005,0.1,30,,,,-1,two_stage,2,0.5,"confirm_cooldown=200,divergence=0.3,error_rate=0.5,teacher_entropy=0.2",1,0,0,0,1.0,0.17131696428571427,-9.245082630741695e-05,0.5,1.7484588623046875,0.020312996581196785,0,0,1,1,-1,0.0,0.33333333333333337,0,0.0,0.0,0.0,0.0,1,confirmed_streak,0,5,0,overconfident,0.95,0,mild_drift,0.9551562499999999,0.0012351562500000001,0.41328125000000004,0.7703125,1767842102.5664573,1.5538896322250366,0.08934186398983002
8,2048,2047,INSECTS_abrupt_balanced,insects_real,ts_drift_adapt_severity,9,"error_divergence_ph_meta@error.threshold=0.05,error.min_instances=5",error_divergence_ph_meta,"{""divergence"": {""alpha"": 0.1, ""delta"": 0.005, ""min_instances"": 30, ""threshold"": 0.05}, ""error_rate"": {""alpha"": 0.15, ""delta"": 0.005, ""min_instances"": 5, ""threshold"": 0.05}}","{""error_rate"": {""min_instances"": 5, ""threshold"": 0.05}}",0.05,0.005,0.15,5,0.05,0.005,0.1,30,,,,-1,two_stage,2,0.5,"confirm_cooldown=200,divergence=0.3,error_rate=0.5,teacher_entropy=0.2",1,0,0,0,1.0,0.17333984375,0.0002776634862712273,0.8333333333333334,1.7496907711029053,0.020982954651117325,0,0,1,1,-1,0.0,0.33333333333333337,0,0.0,0.0,0.0,0.0,1,confirmed_streak,0,5,0,overconfident,0.95,0,mild_drift,0.9525781249999999,0.001267578125,0.40664062500000003,0.76515625,1767842102.5774753,1.747855544090271,0.0922093316912651
9,2304,2303,INSECTS_abrupt_balanced,insects_real,ts_drift_adapt_severity,9,"error_divergence_ph_meta@error.threshold=0.05,error.min_instances=5",error_divergence_ph_meta,"{""divergence"": {""alpha"": 0.1, ""delta"": 0.005, ""min_instances"": 30, ""threshold"": 0.05}, ""error_rate"": {""alpha"": 0.15, ""delta"": 0.005, ""min_instances"": 5, ""threshold"": 0.05}}","{""error_rate"": {""min_instances"": 5, ""threshold"": 0.05}}",0.05,0.005,0.15,5,0.05,0.005,0.1,30,,,,-1,two_stage,2,0.5,"confirm_cooldown=200,divergence=0.3,error_rate=0.5,teacher_entropy=0.2",1,0,0,0,1.0,0.1792534722222222,0.0004466814459264473,0.75,1.752647042274475,0.020398858934640884,0,0,1,1,-1,0.0,0.08333333333333337,0,0.0,0.0,0.0,0.0,1,confirmed_streak,0,5,0,overconfident,0.95,0,mild_drift,0.9512890624999999,0.0012837890625,0.4033203125,0.762578125,1767842102.588169,1.6784871816635132,0.09066562354564667
10,2560,2559,INSECTS_abrupt_balanced,insects_real,ts_drift_adapt_severity,9,"error_divergence_ph_meta@error.threshold=0.05,error.min_instances=5",error_divergence_ph_meta,"{""divergence"": {""alpha"": 0.1, ""delta"": 0.005, ""min_instances"": 30, ""threshold"": 0.05}, ""error_rate"": {""alpha"": 0.15, ""delta"": 0.005, ""min_instances"": 5, ""threshold"": 0.05}}","{""error_rate"": {""min_instances"": 5, ""threshold"": 0.05}}",0.05,0.005,0.15,5,0.05,0.005,0.1,30,,,,-1,two_stage,2,0.5,"confirm_cooldown=200,divergence=0.3,error_rate=0.5,teacher_entropy=0.2",1,0,0,0,1.0,0.17890625,-0.0009494019363038112,0.75,1.7549283504486084,0.02011238969862461,1,1,2,2,0,0.25,0.0002864692360162735,1,0.5,-0.053056929684626115,0.0,0.0,1,confirmed_streak,0,5,1,overconfident,0.95,0,severe_drift,0.91214453125,0.00164189453125,0.32666015625,0.7412890625,1767842102.5987816,1.737847924232483,0.08931528776884079
11,2816,2815,INSECTS_abrupt_balanced,insects_real,ts_drift_adapt_severity,9,"error_divergence_ph_meta@error.threshold=0.05,error.min_instances=5",error_divergence_ph_meta,"{""divergence"": {""alpha"": 0.1, ""delta"": 0.005, ""min_instances"": 30, ""threshold"": 0.05}, ""error_rate"": {""alpha"": 0.15, ""delta"": 0.005, ""min_instances"": 5, ""threshold"": 0.05}}","{""error_rate"": {""min_instances"": 5, ""threshold"": 0.05}}",0.05,0.005,0.15,5,0.05,0.005,0.1,30,,,,-1,two_stage,2,0.5,"confirm_cooldown=200,divergence=0.3,error_rate=0.5,teacher_entropy=0.2",1,0,0,0,1.0,0.1768465909090909,-0.0034917426044713466,0.8333333333333334,1.7552082538604736,0.018923524767160416,0,0,2,2,-1,0.0,0.08333333333333337,0,0.0,0.0,0.0,0.0,1,confirmed_streak,0,5,0,overconfident,0.95,0,mild_drift,0.9310722656249999,0.001470947265625,0.363330078125,0.7506445312500001,1767842102.609476,1.7156457901000977,0.08411899209022522
12,3072,3071,INSECTS_abrupt_balanced,insects_real,ts_drift_adapt_severity,9,"error_divergence_ph_meta@error.threshold=0.05,error.min_instances=5",error_divergence_ph_meta,"{""divergence"": {""alpha"": 0.1, ""delta"": 0.005, ""min_instances"": 30, ""threshold"": 0.05}, ""error_rate"": {""alpha"": 0.15, ""delta"": 0.005, ""min_instances"": 5, ""threshold"": 0.05}}","{""error_rate"": {""min_instances"": 5, ""threshold"": 0.05}}",0.05,0.005,0.15,5,0.05,0.005,0.1,30,,,,-1,two_stage,2,0.5,"confirm_cooldown=200,divergence=0.3,error_rate=0.5,teacher_entropy=0.2",1,0,0,0,1.0,0.18001302083333334,-0.0016052361607597032,0.9166666666666666,1.754960298538208,0.0176096111536026,0,0,2,2,-1,0.0,0.08333333333333326,0,0.0,0.0,0.0,0.0,1,confirmed_streak,0,5,0,overconfident,0.95,0,mild_drift,0.9405361328124999,0.0013854736328125002,0.38166503906250004,0.755322265625,1767842102.6202512,1.7796379327774048,0.07849861681461334
13,3328,3327,INSECTS_abrupt_balanced,insects_real,ts_drift_adapt_severity,9,"error_divergence_ph_meta@error.threshold=0.05,error.min_instances=5",error_divergence_ph_meta,"{""divergence"": {""alpha"": 0.1, ""delta"": 0.005, ""min_instances"": 30, ""threshold"": 0.05}, ""error_rate"": {""alpha"": 0.15, ""delta"": 0.005, ""min_instances"": 5, ""threshold"": 0.05}}","{""error_rate"": {""min_instances"": 5, ""threshold"": 0.05}}",0.05,0.005,0.15,5,0.05,0.005,0.1,30,,,,-1,two_stage,2,0.5,"confirm_cooldown=200,divergence=0.3,error_rate=0.5,teacher_entropy=0.2",1,0,0,0,1.0,0.18088942307692307,-0.0011168607572252314,0.75,1.7564564943313599,0.015645185485482216,0,0,2,2,-1,0.0,0.16666666666666663,0,0.0,0.0,0.0,0.0,1,confirmed_streak,0,5,0,overconfident,0.95,0,mild_drift,0.9452680664062499,0.00134273681640625,0.39083251953125003,0.7576611328125,1767842102.6311839,1.7867945432662964,0.06884919106960297
14,3584,3583,INSECTS_abrupt_balanced,insects_real,ts_drift_adapt_severity,9,"error_divergence_ph_meta@error.threshold=0.05,error.min_instances=5",error_divergence_ph_meta,"{""divergence"": {""alpha"": 0.1, ""delta"": 0.005, ""min_instances"": 30, ""threshold"": 0.05}, ""error_rate"": {""alpha"": 0.15, ""delta"": 0.005, ""min_instances"": 5, ""threshold"": 0.05}}","{""error_rate"": {""min_instances"": 5, ""threshold"": 0.05}}",0.05,0.005,0.15,5,0.05,0.005,0.1,30,,,,-1,two_stage,2,0.5,"confirm_cooldown=200,divergence=0.3,error_rate=0.5,teacher_entropy=0.2",1,0,0,0,1.0,0.181640625,0.0009609405375393261,0.9166666666666666,1.7540853023529053,0.014563865028321743,0,0,2,2,-1,0.0,0.16666666666666663,0,0.0,0.0,0.0,0.0,1,confirmed_streak,0,5,0,overconfident,0.95,0,mild_drift,0.947634033203125,0.0013213684082031252,0.395416259765625,0.75883056640625,1767842102.6418273,1.9104596376419067,0.06386243551969528
15,3840,3839,INSECTS_abrupt_balanced,insects_real,ts_drift_adapt_severity,9,"error_divergence_ph_meta@error.threshold=0.05,error.min_instances=5",error_divergence_ph_meta,"{""divergence"": {""alpha"": 0.1, ""delta"": 0.005, ""min_instances"": 30, ""threshold"": 0.05}, ""error_rate"": {""alpha"": 0.15, ""delta"": 0.005, ""min_instances"": 5, ""threshold"": 0.05}}","{""error_rate"": {""min_instances"": 5, ""threshold"": 0.05}}",0.05,0.005,0.15,5,0.05,0.005,0.1,30,,,,-1,two_stage,2,0.5,"confirm_cooldown=200,divergence=0.3,error_rate=0.5,teacher_entropy=0.2",1,0,0,0,1.0,0.18255208333333334,-0.0002425557660434595,0.6666666666666666,1.7562168836593628,0.013135441578924656,1,1,3,3,0,0.08333333333333337,0.25,1,0.5,-0.055011960051420734,0.0,0.0,1,confirmed_streak,0,5,1,overconfident,0.95,0,mild_drift,0.9488170166015625,0.0013106842041015628,0.3977081298828125,0.759415283203125,1767842102.6524298,1.640433430671692,0.056937042623758316
16,4096,4095,INSECTS_abrupt_balanced,insects_real,ts_drift_adapt_severity,9,"error_divergence_ph_meta@error.threshold=0.05,error.min_instances=5",error_divergence_ph_meta,"{""divergence"": {""alpha"": 0.1, ""delta"": 0.005, ""min_instances"": 30, ""threshold"": 0.05}, ""error_rate"": {""alpha"": 0.15, ""delta"": 0.005, ""min_instances"": 5, ""threshold"": 0.05}}","{""error_rate"": {""min_instances"": 5, ""threshold"": 0.05}}",0.05,0.005,0.15,5,0.05,0.005,0.1,30,,,,-1,two_stage,2,0.5,"confirm_cooldown=200,divergence=0.3,error_rate=0.5,teacher_entropy=0.2",1,0,0,0,1.0,0.185546875,0.0029800589532449897,0.75,1.7539089918136597,0.012806175276637077,0,0,3,3,-1,0.0,0.08333333333333337,0,0.0,0.0,0.0,0.0,1,confirmed_streak,0,5,0,overconfident,0.95,0,mild_drift,0.9494085083007813,0.0013053421020507816,0.3988540649414063,0.7597076416015625,1767842102.6630642,1.7342716455459595,0.05484478920698166
17,4352,4351,INSECTS_abrupt_balanced,insects_real,ts_drift_adapt_severity,9,"error_divergence_ph_meta@error.threshold=0.05,error.min_instances=5",error_divergence_ph_meta,"{""divergence"": {""alpha"": 0.1, ""delta"": 0.005, ""min_instances"": 30, ""threshold"": 0.05}, ""error_rate"": {""alpha"": 0.15, ""delta"": 0.005, ""min_instances"": 5, ""threshold"": 0.05}}","{""error_rate"": {""min_instances"": 5, ""threshold"": 0.05}}",0.05,0.005,0.15,5,0.05,0.005,0.1,30,,,,-1,two_stage,2,0.5,"confirm_cooldown=200,divergence=0.3,error_rate=0.5,teacher_entropy=0.2",1,0,0,0,1.0,0.18681066176470587,0.0044794046989375825,0.75,1.7533329725265503,0.011735067702829838,0,0,3,3,-1,0.0,0.0010711075738072395,0,0.0,0.0,0.0,0.0,1,confirmed_streak,0,5,0,overconfident,0.95,0,mild_drift,0.9497042541503906,0.001302671051025391,0.39942703247070316,0.7598538208007812,1767842102.674043,1.6229270696640015,0.04955749213695526
18,4608,4607,INSECTS_abrupt_balanced,insects_real,ts_drift_adapt_severity,9,"error_divergence_ph_meta@error.threshold=0.05,error.min_instances=5",error_divergence_ph_meta,"{""divergence"": {""alpha"": 0.1, ""delta"": 0.005, ""min_instances"": 30, ""threshold"": 0.05}, ""error_rate"": {""alpha"": 0.15, ""delta"": 0.005, ""min_instances"": 5, ""threshold"": 0.05}}","{""error_rate"": {""min_instances"": 5, ""threshold"": 0.05}}",0.05,0.005,0.15,5,0.05,0.005,0.1,30,,,,-1,two_stage,2,0.5,"confirm_cooldown=200,divergence=0.3,error_rate=0.5,teacher_entropy=0.2",1,0,0,0,1.0,0.1890190972222222,0.007517065337692152,0.8333333333333334,1.7514046430587769,0.010983696207404137,0,0,3,3,-1,0.0,0.08333333333333337,0,0.0,0.0,0.0,0.0,1,confirmed_streak,0,5,0,overconfident,0.95,0,mild_drift,0.9498521270751953,0.0013013355255126957,0.39971351623535156,0.7599269104003906,1767842102.6845722,1.7733572721481323,0.04592136666178703
19,4864,4863,INSECTS_abrupt_balanced,insects_real,ts_drift_adapt_severity,9,"error_divergence_ph_meta@error.threshold=0.05,error.min_instances=5",error_divergence_ph_meta,"{""divergence"": {""alpha"": 0.1, ""delta"": 0.005, ""min_instances"": 30, ""threshold"": 0.05}, ""error_rate"": {""alpha"": 0.15, ""delta"": 0.005, ""min_instances"": 5, ""threshold"": 0.05}}","{""error_rate"": {""min_instances"": 5, ""threshold"": 0.05}}",0.05,0.005,0.15,5,0.05,0.005,0.1,30,,,,-1,two_stage,2,0.5,"confirm_cooldown=200,divergence=0.3,error_rate=0.5,teacher_entropy=0.2",1,0,0,0,1.0,0.19120065789473684,0.010307094309706034,0.8333333333333334,1.7510408163070679,0.010819370858371258,0,0,3,3,-1,0.0,0.00016432534903287888,0,0.0,0.0,0.0,0.0,1,confirmed_streak,0,5,0,overconfident,0.95,0,mild_drift,0.9499260635375977,0.0013006677627563478,0.3998567581176758,0.7599634552001953,1767842102.6957316,1.7067108154296875,0.04494909942150116
20,5120,5119,INSECTS_abrupt_balanced,insects_real,ts_drift_adapt_severity,9,"error_divergence_ph_meta@error.threshold=0.05,error.min_instances=5",error_divergence_ph_meta,"{""divergence"": {""alpha"": 0.1, ""delta"": 0.005, ""min_instances"": 30, ""threshold"": 0.05}, ""error_rate"": {""alpha"": 0.15, ""delta"": 0.005, ""min_instances"": 5, ""threshold"": 0.05}}","{""error_rate"": {""min_instances"": 5, ""threshold"": 0.05}}",0.05,0.005,0.15,5,0.05,0.005,0.1,30,,,,-1,two_stage,2,0.5,"confirm_cooldown=200,divergence=0.3,error_rate=0.5,teacher_entropy=0.2",1,0,0,0,1.0,0.1923828125,0.012141340610130781,0.75,1.7509790658950806,0.009935621172189713,1,1,4,4,0,0.08333333333333337,0.08333333333333337,1,0.5,-0.05575366677255024,0.0,0.0,1,confirmed_streak,0,5,1,overconfident,0.95,0,mild_drift,0.9499630317687988,0.0013003338813781739,0.39992837905883794,0.7599817276000976,1767842102.7070146,1.6690269708633423,0.04129381477832794
21,5376,5375,INSECTS_abrupt_balanced,insects_real,ts_drift_adapt_severity,9,"error_divergence_ph_meta@error.threshold=0.05,error.min_instances=5",error_divergence_ph_meta,"{""divergence"": {""alpha"": 0.1, ""delta"": 0.005, ""min_instances"": 30, ""threshold"": 0.05}, ""error_rate"": {""alpha"": 0.15, ""delta"": 0.005, ""min_instances"": 5, ""threshold"": 0.05}}","{""error_rate"": {""min_instances"": 5, ""threshold"": 0.05}}",0.05,0.005,0.15,5,0.05,0.005,0.1,30,,,,-1,two_stage,2,0.5,"confirm_cooldown=200,divergence=0.3,error_rate=0.5,teacher_entropy=0.2",1,0,0,0,1.0,0.19270833333333334,0.013114058056548014,0.9166666666666666,1.7499641180038452,0.010158010758459568,0,0,4,4,-1,0.0,0.16666666666666663,0,0.0,0.0,0.0,0.0,1,confirmed_streak,0,5,0,overconfident,0.95,0,mild_drift,0.9499815158843994,0.0013001669406890871,0.399964189529419,0.7599908638000488,1767842102.7179615,1.8850793838500977,0.042086970061063766
22,5632,5631,INSECTS_abrupt_balanced,insects_real,ts_drift_adapt_severity,9,"error_divergence_ph_meta@error.threshold=0.05,error.min_instances=5",error_divergence_ph_meta,"{""divergence"": {""alpha"": 0.1, ""delta"": 0.005, ""min_instances"": 30, ""threshold"": 0.05}, ""error_rate"": {""alpha"": 0.15, ""delta"": 0.005, ""min_instances"": 5, ""threshold"": 0.05}}","{""error_rate"": {""min_instances"": 5, ""threshold"": 0.05}}",0.05,0.005,0.15,5,0.05,0.005,0.1,30,,,,-1,two_stage,2,0.5,"confirm_cooldown=200,divergence=0.3,error_rate=0.5,teacher_entropy=0.2",1,0,0,0,1.0,0.19300426136363635,0.013745068135840255,1.0,1.7449320554733276,0.00979404803365469,0,0,4,4,-1,0.0,0.08333333333333337,0,0.0,0.0,0.0,0.0,1,confirmed_streak,0,5,0,overconfident,0.95,0,mild_drift,0.9499907579421997,0.0013000834703445437,0.3999820947647095,0.7599954319000244,1767842102.7295337,1.7592190504074097,0.04037615284323692
23,5888,5887,INSECTS_abrupt_balanced,insects_real,ts_drift_adapt_severity,9,"error_divergence_ph_meta@error.threshold=0.05,error.min_instances=5",error_divergence_ph_meta,"{""divergence"": {""alpha"": 0.1, ""delta"": 0.005, ""min_instances"": 30, ""threshold"": 0.05}, ""error_rate"": {""alpha"": 0.15, ""delta"": 0.005, ""min_instances"": 5, ""threshold"": 0.05}}","{""error_rate"": {""min_instances"": 5, ""threshold"": 0.05}}",0.05,0.005,0.15,5,0.05,0.005,0.1,30,,,,-1,two_stage,2,0.5,"confirm_cooldown=200,divergence=0.3,error_rate=0.5,teacher_entropy=0.2",1,0,0,0,1.0,0.19344429347826086,0.014354476147646617,0.8333333333333334,1.7467029094696045,0.008006742224097252,0,0,4,4,-1,0.0,0.16666666666666663,0,0.0,0.0,0.0,0.0,1,confirmed_streak,0,5,0,overconfident,0.95,0,mild_drift,0.9499953789710998,0.001300041735172272,0.39999104738235475,0.7599977159500122,1767842102.740582,1.7889246940612793,0.032793138176202774
24,6144,6143,INSECTS_abrupt_balanced,insects_real,ts_drift_adapt_severity,9,"error_divergence_ph_meta@error.threshold=0.05,error.min_instances=5",error_divergence_ph_meta,"{""divergence"": {""alpha"": 0.1, ""delta"": 0.005, ""min_instances"": 30, ""threshold"": 0.05}, ""error_rate"": {""alpha"": 0.15, ""delta"": 0.005, ""min_instances"": 5, ""threshold"": 0.05}}","{""error_rate"": {""min_instances"": 5, ""threshold"": 0.05}}",0.05,0.005,0.15,5,0.05,0.005,0.1,30,,,,-1,two_stage,2,0.5,"confirm_cooldown=200,divergence=0.3,error_rate=0.5,teacher_entropy=0.2",1,0,0,0,1.0,0.19514973958333334,0.015958773373913566,0.9166666666666666,1.7464945316314697,0.007703601382672787,0,0,4,4,-1,0.0,0.08333333333333326,0,0.0,0.0,0.0,0.0,1,confirmed_streak,0,5,0,overconfident,0.95,0,mild_drift,0.9499976894855499,0.001300020867586136,0.3999955236911774,0.7599988579750061,1767842102.7511196,1.8982840776443481,0.03147686645388603
25,6400,6399,INSECTS_abrupt_balanced,insects_real,ts_drift_adapt_severity,9,"error_divergence_ph_meta@error.threshold=0.05,error.min_instances=5",error_divergence_ph_meta,"{""divergence"": {""alpha"": 0.1, ""delta"": 0.005, ""min_instances"": 30, ""threshold"": 0.05}, ""error_rate"": {""alpha"": 0.15, ""delta"": 0.005, ""min_instances"": 5, ""threshold"": 0.05}}","{""error_rate"": {""min_instances"": 5, ""threshold"": 0.05}}",0.05,0.005,0.15,5,0.05,0.005,0.1,30,,,,-1,two_stage,2,0.5,"confirm_cooldown=200,divergence=0.3,error_rate=0.5,teacher_entropy=0.2",1,0,0,0,1.0,0.19625,0.016809794224886456,0.8333333333333334,1.7460039854049683,0.007191612850874662,1,1,5,5,0,0.08333333333333337,0.08333333333333326,1,0.5,0.0,0.0,0.0,1,confirmed_streak,0,5,1,overconfident,0.95,0,mild_drift,0.949998844742775,0.0013000104337930682,0.3999977618455887,0.7599994289875031,1767842102.762214,1.7026110887527466,0.029238546267151833
26,6656,6655,INSECTS_abrupt_balanced,insects_real,ts_drift_adapt_severity,9,"error_divergence_ph_meta@error.threshold=0.05,error.min_instances=5",error_divergence_ph_meta,"{""divergence"": {""alpha"": 0.1, ""delta"": 0.005, ""min_instances"": 30, ""threshold"": 0.05}, ""error_rate"": {""alpha"": 0.15, ""delta"": 0.005, ""min_instances"": 5, ""threshold"": 0.05}}","{""error_rate"": {""min_instances"": 5, ""threshold"": 0.05}}",0.05,0.005,0.15,5,0.05,0.005,0.1,30,,,,-1,two_stage,2,0.5,"confirm_cooldown=200,divergence=0.3,error_rate=0.5,teacher_entropy=0.2",1,0,0,0,1.0,0.1974158653846154,0.017419002258510074,0.5833333333333334,1.7417834997177124,0.006817101500928402,0,0,5,5,-1,0.0,0.25,0,0.0,0.0,0.0,0.0,1,confirmed_streak,0,5,0,overconfident,0.95,0,mild_drift,0.9499994223713875,0.001300005216896534,0.39999888092279434,0.7599997144937516,1767842102.7731369,1.5896016359329224,0.027649328112602234
27,6912,6911,INSECTS_abrupt_balanced,insects_real,ts_drift_adapt_severity,9,"error_divergence_ph_meta@error.threshold=0.05,error.min_instances=5",error_divergence_ph_meta,"{""divergence"": {""alpha"": 0.1, ""delta"": 0.005, ""min_instances"": 30, ""threshold"": 0.05}, ""error_rate"": {""alpha"": 0.15, ""delta"": 0.005, ""min_instances"": 5, ""threshold"": 0.05}}","{""error_rate"": {""min_instances"": 5, ""threshold"": 0.05}}",0.05,0.005,0.15,5,0.05,0.005,0.1,30,,,,-1,two_stage,2,0.5,"confirm_cooldown=200,divergence=0.3,error_rate=0.5,teacher_entropy=0.2",1,0,0,0,1.0,0.19733796296296297,0.016736852906738042,0.75,1.7438091039657593,0.005922718904912472,0,0,5,5,-1,0.0,0.16666666666666663,0,0.0,0.0,0.0,0.0,1,confirmed_streak,0,5,0,overconfident,0.95,0,mild_drift,0.9499997111856937,0.0013000026084482672,0.3999994404613972,0.7599998572468758,1767842102.7841403,1.787736415863037,0.024028455838561058
28,7168,7167,INSECTS_abrupt_balanced,insects_real,ts_drift_adapt_severity,9,"error_divergence_ph_meta@error.threshold=0.05,error.min_instances=5",error_divergence_ph_meta,"{""divergence"": {""alpha"": 0.1, ""delta"": 0.005, ""min_instances"": 30, ""threshold"": 0.05}, ""error_rate"": {""alpha"": 0.15, ""delta"": 0.005, ""min_instances"": 5, ""threshold"": 0.05}}","{""error_rate"": {""min_instances"": 5, ""threshold"": 0.05}}",0.05,0.005,0.15,5,0.05,0.005,0.1,30,,,,-1,two_stage,2,0.5,"confirm_cooldown=200,divergence=0.3,error_rate=0.5,teacher_entropy=0.2",1,0,0,0,1.0,0.19810267857142858,0.016986057345428893,0.8333333333333334,1.74204421043396,0.0046255020424723625,0,0,5,5,-1,0.0,0.08333333333333337,0,0.0,0.0,0.0,0.0,1,confirmed_streak,0,5,0,overconfident,0.95,0,mild_drift,0.9499998555928468,0.0013000013042241336,0.39999972023069863,0.7599999286234379,1767842102.7951417,1.6971850395202637,0.01868741773068905
29,7424,7423,INSECTS_abrupt_balanced,insects_real,ts_drift_adapt_severity,9,"error_divergence_ph_meta@error.threshold=0.05,error.min_instances=5",error_divergence_ph_meta,"{""divergence"": {""alpha"": 0.1, ""delta"": 0.005, ""min_instances"": 30, ""threshold"": 0.05}, ""error_rate"": {""alpha"": 0.15, ""delta"": 0.005, ""min_instances"": 5, ""threshold"": 0.05}}","{""error_rate"": {""min_instances"": 5, ""threshold"": 0.05}}",0.05,0.005,0.15,5,0.05,0.005,0.1,30,,,,-1,two_stage,2,0.5,"confirm_cooldown=200,divergence=0.3,error_rate=0.5,teacher_entropy=0.2",1,0,0,0,1.0,0.20016163793103448,0.019323266344900652,0.75,1.7413387298583984,0.004587293602526188,0,0,5,5,-1,0.0,0.08333333333333337,0,0.0,0.0,0.0,0.0,1,confirmed_streak,0,5,0,overconfident,0.95,0,mild_drift,0.9499999277964234,0.001300000652112067,0.3999998601153493,0.759999964311719,1767842102.8060212,1.7193727493286133,0.018514268100261688
30,7680,7679,INSECTS_abrupt_balanced,insects_real,ts_drift_adapt_severity,9,"error_divergence_ph_meta@error.threshold=0.05,error.min_instances=5",error_divergence_ph_meta,"{""divergence"": {""alpha"": 0.1, ""delta"": 0.005, ""min_instances"": 30, ""threshold"": 0.05}, ""error_rate"": {""alpha"": 0.15, ""delta"": 0.005, ""min_instances"": 5, ""threshold"": 0.05}}","{""error_rate"": {""min_instances"": 5, ""threshold"": 0.05}}",0.05,0.005,0.15,5,0.05,0.005,0.1,30,,,,-1,two_stage,2,0.5,"confirm_cooldown=200,divergence=0.3,error_rate=0.5,teacher_entropy=0.2",1,0,0,0,1.0,0.201953125,0.020998786843248605,0.75,1.7404977083206177,0.004678547382354736,1,1,6,6,0,0.08333333333333337,9.125377982854843e-05,1,0.5,0.0,0.0,0.0,1,confirmed_streak,0,5,1,overconfident,0.95,0,mild_drift,0.9499999638982117,0.0013000003260560337,0.39999993005767465,0.7599999821558595,1767842102.8168252,1.7343908548355103,0.018822286278009415
31,7936,7935,INSECTS_abrupt_balanced,insects_real,ts_drift_adapt_severity,9,"error_divergence_ph_meta@error.threshold=0.05,error.min_instances=5",error_divergence_ph_meta,"{""divergence"": {""alpha"": 0.1, ""delta"": 0.005, ""min_instances"": 30, ""threshold"": 0.05}, ""error_rate"": {""alpha"": 0.15, ""delta"": 0.005, ""min_instances"": 5, ""threshold"": 0.05}}","{""error_rate"": {""min_instances"": 5, ""threshold"": 0.05}}",0.05,0.005,0.15,5,0.05,0.005,0.1,30,,,,-1,two_stage,2,0.5,"confirm_cooldown=200,divergence=0.3,error_rate=0.5,teacher_entropy=0.2",1,0,0,0,1.0,0.20299899193548387,0.022529976001205602,0.75,1.739863395690918,0.004517545457929373,0,0,6,6,-1,0.0,0.00016100192442536354,0,0.0,0.0,0.0,0.0,1,confirmed_streak,0,5,0,overconfident,0.95,0,mild_drift,0.9499999819491058,0.0013000001630280168,0.39999996502883733,0.7599999910779298,1767842102.8275597,1.666829228401184,0.018164727836847305
32,8192,8191,INSECTS_abrupt_balanced,insects_real,ts_drift_adapt_severity,9,"error_divergence_ph_meta@error.threshold=0.05,error.min_instances=5",error_divergence_ph_meta,"{""divergence"": {""alpha"": 0.1, ""delta"": 0.005, ""min_instances"": 30, ""threshold"": 0.05}, ""error_rate"": {""alpha"": 0.15, ""delta"": 0.005, ""min_instances"": 5, ""threshold"": 0.05}}","{""error_rate"": {""min_instances"": 5, ""threshold"": 0.05}}",0.05,0.005,0.15,5,0.05,0.005,0.1,30,,,,-1,two_stage,2,0.5,"confirm_cooldown=200,divergence=0.3,error_rate=0.5,teacher_entropy=0.2",1,0,0,0,1.0,0.203369140625,0.02305205338276386,0.9166666666666666,1.7407505512237549,0.004304440226405859,0,0,6,6,-1,0.0,0.16666666666666663,0,0.0,0.0,0.0,0.0,1,confirmed_streak,0,5,0,overconfident,0.95,0,mild_drift,0.9499999909745529,0.0013000000815140086,0.3999999825144187,0.7599999955389649,1767842102.838253,1.8337206840515137,0.01736769638955593
33,8448,8447,INSECTS_abrupt_balanced,insects_real,ts_drift_adapt_severity,9,"error_divergence_ph_meta@error.threshold=0.05,error.min_instances=5",error_divergence_ph_meta,"{""divergence"": {""alpha"": 0.1, ""delta"": 0.005, ""min_instances"": 30, ""threshold"": 0.05}, ""error_rate"": {""alpha"": 0.15, ""delta"": 0.005, ""min_instances"": 5, ""threshold"": 0.05}}","{""error_rate"": {""min_instances"": 5, ""threshold"": 0.05}}",0.05,0.005,0.15,5,0.05,0.005,0.1,30,,,,-1,two_stage,2,0.5,"confirm_cooldown=200,divergence=0.3,error_rate=0.5,teacher_entropy=0.2",1,0,0,0,1.0,0.203125,0.02287427237365639,1.0,1.7376078367233276,0.004233587067574263,0,0,6,6,-1,0.0,0.08333333333333337,0,0.0,0.0,0.0,0.0,1,confirmed_streak,0,5,0,overconfident,0.95,0,mild_drift,0.9499999954872764,0.0013000000407570045,0.39999999125720936,0.7599999977694825,1767842102.849087,1.8037848472595215,0.01704072579741478
34,8704,8703,INSECTS_abrupt_balanced,insects_real,ts_drift_adapt_severity,9,"error_divergence_ph_meta@error.threshold=0.05,error.min_instances=5",error_divergence_ph_meta,"{""divergence"": {""alpha"": 0.1, ""delta"": 0.005, ""min_instances"": 30, ""threshold"": 0.05}, ""error_rate"": {""alpha"": 0.15, ""delta"": 0.005, ""min_instances"": 5, ""threshold"": 0.05}}","{""error_rate"": {""min_instances"": 5, ""threshold"": 0.05}}",0.05,0.005,0.15,5,0.05,0.005,0.1,30,,,,-1,two_stage,2,0.5,"confirm_cooldown=200,divergence=0.3,error_rate=0.5,teacher_entropy=0.2",1,0,0,0,1.0,0.2046185661764706,0.023959845409400448,0.5,1.738069772720337,0.00423774216324091,0,0,6,6,-1,0.0,0.5,0,0.0,0.0,0.0,0.0,1,confirmed_streak,0,5,0,overconfident,0.95,0,mild_drift,0.9499999977436382,0.0013000000203785022,0.39999999562860467,0.7599999988847412,1767842102.8595808,1.6632779836654663,0.01701531372964382
35,8960,8959,INSECTS_abrupt_balanced,insects_real,ts_drift_adapt_severity,9,"error_divergence_ph_meta@error.threshold=0.05,error.min_instances=5",error_divergence_ph_meta,"{""divergence"": {""alpha"": 0.1, ""delta"": 0.005, ""min_instances"": 30, ""threshold"": 0.05}, ""error_rate"": {""alpha"": 0.15, ""delta"": 0.005, ""min_instances"": 5, ""threshold"": 0.05}}","{""error_rate"": {""min_instances"": 5, ""threshold"": 0.05}}",0.05,0.005,0.15,5,0.05,0.005,0.1,30,,,,-1,two_stage,2,0.5,"confirm_cooldown=200,divergence=0.3,error_rate=0.5,teacher_entropy=0.2",1,0,0,0,1.0,0.20546875,0.02496416199603238,0.8333333333333334,1.738843560218811,0.004346063826233149,1,1,7,7,0,0.08333333333333337,0.33333333333333337,1,0.5,0.0,0.0,0.0,1,confirmed_streak,0,5,1,overconfident,0.95,0,mild_drift,0.9499999988718191,0.0013000000101892513,0.39999999781430234,0.7599999994423706,1767842102.8704057,1.699666976928711,0.017482025548815727
36,9216,9215,INSECTS_abrupt_balanced,insects_real,ts_drift_adapt_severity,9,"error_divergence_ph_meta@error.threshold=0.05,error.min_instances=5",error_divergence_ph_meta,"{""divergence"": {""alpha"": 0.1, ""delta"": 0.005, ""min_instances"": 30, ""threshold"": 0.05}, ""error_rate"": {""alpha"": 0.15, ""delta"": 0.005, ""min_instances"": 5, ""threshold"": 0.05}}","{""error_rate"": {""min_instances"": 5, ""threshold"": 0.05}}",0.05,0.005,0.15,5,0.05,0.005,0.1,30,,,,-1,two_stage,2,0.5,"confirm_cooldown=200,divergence=0.3,error_rate=0.5,teacher_entropy=0.2",1,0,0,0,1.0,0.20594618055555555,0.02518799939779139,1.0,1.7387502193450928,0.00424829451367259,0,0,7,7,-1,0.0,0.16666666666666663,0,0.0,0.0,0.0,0.0,1,confirmed_streak,0,5,0,overconfident,0.95,0,mild_drift,0.9499999994359095,0.0013000000050946256,0.3999999989071512,0.7599999997211853,1767842102.8812113,1.7762908935546875,0.01716645248234272
37,9472,9471,INSECTS_abrupt_balanced,insects_real,ts_drift_adapt_severity,9,"error_divergence_ph_meta@error.threshold=0.05,error.min_instances=5",error_divergence_ph_meta,"{""divergence"": {""alpha"": 0.1, ""delta"": 0.005, ""min_instances"": 30, ""threshold"": 0.05}, ""error_rate"": {""alpha"": 0.15, ""delta"": 0.005, ""min_instances"": 5, ""threshold"": 0.05}}","{""error_rate"": {""min_instances"": 5, ""threshold"": 0.05}}",0.05,0.005,0.15,5,0.05,0.005,0.1,30,,,,-1,two_stage,2,0.5,"confirm_cooldown=200,divergence=0.3,error_rate=0.5,teacher_entropy=0.2",1,0,0,0,1.0,0.20703125,0.02606990437498146,0.8333333333333334,1.7371901273727417,0.004593593068420887,0,0,7,7,-1,0.0,0.16666666666666663,0,0.0,0.0,0.0,0.0,1,confirmed_streak,0,5,0,overconfident,0.95,0,mild_drift,0.9499999997179547,0.001300000002547313,0.3999999994535756,0.7599999998605926,1767842102.8919775,1.7808846235275269,0.018502257764339447
38,9728,9727,INSECTS_abrupt_balanced,insects_real,ts_drift_adapt_severity,9,"error_divergence_ph_meta@error.threshold=0.05,error.min_instances=5",error_divergence_ph_meta,"{""divergence"": {""alpha"": 0.1, ""delta"": 0.005, ""min_instances"": 30, ""threshold"": 0.05}, ""error_rate"": {""alpha"": 0.15, ""delta"": 0.005, ""min_instances"": 5, ""threshold"": 0.05}}","{""error_rate"": {""min_instances"": 5, ""threshold"": 0.05}}",0.05,0.005,0.15,5,0.05,0.005,0.1,30,,,,-1,two_stage,2,0.5,"confirm_cooldown=200,divergence=0.3,error_rate=0.5,teacher_entropy=0.2",1,0,0,0,1.0,0.20692845394736842,0.02627865640852657,0.9166666666666666,1.7381236553192139,0.004205129109323025,0,0,7,7,-1,0.0,0.08333333333333326,0,0.0,0.0,0.0,0.0,1,confirmed_streak,0,5,0,overconfident,0.95,0,mild_drift,0.9499999998589773,0.0013000000012736565,0.3999999997267878,0.7599999999302963,1767842102.9028118,1.8170732259750366,0.01696167141199112
39,9984,9983,INSECTS_abrupt_balanced,insects_real,ts_drift_adapt_severity,9,"error_divergence_ph_meta@error.threshold=0.05,error.min_instances=5",error_divergence_ph_meta,"{""divergence"": {""alpha"": 0.1, ""delta"": 0.005, ""min_instances"": 30, ""threshold"": 0.05}, ""error_rate"": {""alpha"": 0.15, ""delta"": 0.005, ""min_instances"": 5, ""threshold"": 0.05}}","{""error_rate"": {""min_instances"": 5, ""threshold"": 0.05}}",0.05,0.005,0.15,5,0.05,0.005,0.1,30,,,,-1,two_stage,2,0.5,"confirm_cooldown=200,divergence=0.3,error_rate=0.5,teacher_entropy=0.2",1,0,0,0,1.0,0.2068309294871795,0.025382957311321914,0.75,1.7407902479171753,0.004568666685372591,0,0,7,7,-1,0.0,0.16666666666666663,0,0.0,0.0,0.0,0.0,1,confirmed_streak,0,5,0,overconfident,0.95,0,mild_drift,0.9499999999294886,0.0013000000006368282,0.3999999998633939,0.7599999999651481,1767842102.9135623,1.6296528577804565,0.018379339948296547
40,10240,10239,INSECTS_abrupt_balanced,insects_real,ts_drift_adapt_severity,9,"error_divergence_ph_meta@error.threshold=0.05,error.min_instances=5",error_divergence_ph_meta,"{""divergence"": {""alpha"": 0.1, ""delta"": 0.005, ""min_instances"": 30, ""threshold"": 0.05}, ""error_rate"": {""alpha"": 0.15, ""delta"": 0.005, ""min_instances"": 5, ""threshold"": 0.05}}","{""error_rate"": {""min_instances"": 5, ""threshold"": 0.05}}",0.05,0.005,0.15,5,0.05,0.005,0.1,30,,,,-1,two_stage,2,0.5,"confirm_cooldown=200,divergence=0.3,error_rate=0.5,teacher_entropy=0.2",1,0,0,0,1.0,0.20791015625,0.026747036599623644,0.6666666666666666,1.7372996807098389,0.004469928331673145,1,1,8,8,0,0.16666666666666674,0.08333333333333337,1,0.5,0.0,0.0,0.0,1,confirmed_streak,0,5,1,overconfident,0.95,0,severe_drift,0.9114999999647443,0.0016500000003184141,0.3249999999316969,0.7399999999825742,1767842102.9252293,1.6774147748947144,0.017949039116501808
41,10496,10495,INSECTS_abrupt_balanced,insects_real,ts_drift_adapt_severity,9,"error_divergence_ph_meta@error.threshold=0.05,error.min_instances=5",error_divergence_ph_meta,"{""divergence"": {""alpha"": 0.1, ""delta"": 0.005, ""min_instances"": 30, ""threshold"": 0.05}, ""error_rate"": {""alpha"": 0.15, ""delta"": 0.005, ""min_instances"": 5, ""threshold"": 0.05}}","{""error_rate"": {""min_instances"": 5, ""threshold"": 0.05}}",0.05,0.005,0.15,5,0.05,0.005,0.1,30,,,,-1,two_stage,2,0.5,"confirm_cooldown=200,divergence=0.3,error_rate=0.5,teacher_entropy=0.2",1,0,0,0,1.0,0.2073170731707317,0.026047151839877544,0.9166666666666666,1.7381703853607178,0.004567018710076809,0,0,8,8,-1,0.0,0.25,0,0.0,0.0,0.0,0.0,1,confirmed_streak,0,5,0,overconfident,0.95,0,mild_drift,0.9307499999823721,0.001475000000159207,0.3624999999658485,0.7499999999912871,1767842102.9364178,1.9047333002090454,0.018382536247372627
42,10752,10751,INSECTS_abrupt_balanced,insects_real,ts_drift_adapt_severity,9,"error_divergence_ph_meta@error.threshold=0.05,error.min_instances=5",error_divergence_ph_meta,"{""divergence"": {""alpha"": 0.1, ""delta"": 0.005, ""min_instances"": 30, ""threshold"": 0.05}, ""error_rate"": {""alpha"": 0.15, ""delta"": 0.005, ""min_instances"": 5, ""threshold"": 0.05}}","{""error_rate"": {""min_instances"": 5, ""threshold"": 0.05}}",0.05,0.005,0.15,5,0.05,0.005,0.1,30,,,,-1,two_stage,2,0.5,"confirm_cooldown=200,divergence=0.3,error_rate=0.5,teacher_entropy=0.2",1,0,0,0,1.0,0.2086123511904762,0.027243968339634266,0.9166666666666666,1.7377827167510986,0.0049124062061309814,0,0,8,8,-1,0.0,0.0003453874960541725,0,0.0,0.0,0.0,0.0,1,confirmed_streak,0,5,0,overconfident,0.95,0,mild_drift,0.940374999991186,0.0013875000000796037,0.38124999998292425,0.7549999999956436,1767842102.9474132,1.8370565176010132,0.019701646640896797
43,11008,11007,INSECTS_abrupt_balanced,insects_real,ts_drift_adapt_severity,9,"error_divergence_ph_meta@error.threshold=0.05,error.min_instances=5",error_divergence_ph_meta,"{""divergence"": {""alpha"": 0.1, ""delta"": 0.005, ""min_instances"": 30, ""threshold"": 0.05}, ""error_rate"": {""alpha"": 0.15, ""delta"": 0.005, ""min_instances"": 5, ""threshold"": 0.05}}","{""error_rate"": {""min_instances"": 5, ""threshold"": 0.05}}",0.05,0.005,0.15,5,0.05,0.005,0.1,30,,,,-1,two_stage,2,0.5,"confirm_cooldown=200,divergence=0.3,error_rate=0.5,teacher_entropy=0.2",1,0,0,0,1.0,0.2083938953488372,0.026660801016406055,0.75,1.7403522729873657,0.0047777993604540825,0,0,8,8,-1,0.0,0.16666666666666663,0,0.0,0.0,0.0,0.0,1,confirmed_streak,0,5,0,overconfident,0.95,0,mild_drift,0.9451874999955929,0.0013437500000398018,0.39062499999146216,0.7574999999978218,1767842102.958244,1.6561297178268433,0.01919364184141159
44,11264,11263,INSECTS_abrupt_balanced,insects_real,ts_drift_adapt_severity,9,"error_divergence_ph_meta@error.threshold=0.05,error.min_instances=5",error_divergence_ph_meta,"{""divergence"": {""alpha"": 0.1, ""delta"": 0.005, ""min_instances"": 30, ""threshold"": 0.05}, ""error_rate"": {""alpha"": 0.15, ""delta"": 0.005, ""min_instances"": 5, ""threshold"": 0.05}}","{""error_rate"": {""min_instances"": 5, ""threshold"": 0.05}}",0.05,0.005,0.15,5,0.05,0.005,0.1,30,,,,-1,two_stage,2,0.5,"confirm_cooldown=200,divergence=0.3,error_rate=0.5,teacher_entropy=0.2",1,0,0,0,1.0,0.20827414772727273,0.02712347242833691,0.75,1.7369163036346436,0.004917774815112352,0,0,8,8,-1,0.0,0.00013997545465826988,0,0.0,0.0,0.0,0.0,1,confirmed_streak,0,5,0,overconfident,0.95,0,mild_drift,0.9475937499977964,0.0013218750000199009,0.3953124999957311,0.7587499999989109,1767842102.9690871,1.7826226949691772,0.019794777035713196
45,11520,11519,INSECTS_abrupt_balanced,insects_real,ts_drift_adapt_severity,9,"error_divergence_ph_meta@error.threshold=0.05,error.min_instances=5",error_divergence_ph_meta,"{""divergence"": {""alpha"": 0.1, ""delta"": 0.005, ""min_instances"": 30, ""threshold"": 0.05}, ""error_rate"": {""alpha"": 0.15, ""delta"": 0.005, ""min_instances"": 5, ""threshold"": 0.05}}","{""error_rate"": {""min_instances"": 5, ""threshold"": 0.05}}",0.05,0.005,0.15,5,0.05,0.005,0.1,30,,,,-1,two_stage,2,0.5,"confirm_cooldown=200,divergence=0.3,error_rate=0.5,teacher_entropy=0.2",1,0,0,0,1.0,0.2074652777777778,0.025955885944962686,0.9166666666666666,1.7385807037353516,0.004864675924181938,1,1,9,9,0,0.25,0.16666666666666663,1,0.5,-0.031782583013797695,0.0,0.0,1,confirmed_streak,0,5,1,overconfident,0.95,0,severe_drift,0.9102968749988982,0.0016609375000099505,0.3226562499978656,0.7393749999994554,1767842102.9798465,1.6791353225708008,0.01955939643085003
46,11776,11775,INSECTS_abrupt_balanced,insects_real,ts_drift_adapt_severity,9,"error_divergence_ph_meta@error.threshold=0.05,error.min_instances=5",error_divergence_ph_meta,"{""divergence"": {""alpha"": 0.1, ""delta"": 0.005, ""min_instances"": 30, ""threshold"": 0.05}, ""error_rate"": {""alpha"": 0.15, ""delta"": 0.005, ""min_instances"": 5, ""threshold"": 0.05}}","{""error_rate"": {""min_instances"": 5, ""threshold"": 0.05}}",0.05,0.005,0.15,5,0.05,0.005,0.1,30,,,,-1,two_stage,2,0.5,"confirm_cooldown=200,divergence=0.3,error_rate=0.5,teacher_entropy=0.2",1,0,0,0,1.0,0.20822010869565216,0.02650397612705699,0.9166666666666666,1.7373526096343994,0.004869856871664524,0,0,9,9,-1,0.0,5.180947482585907e-06,0,0.0,0.0,0.0,0.0,1,confirmed_streak,0,5,0,overconfident,0.95,0,mild_drift,0.9301484374994491,0.0014804687500049752,0.3613281249989328,0.7496874999997277,1767842102.9906301,1.7965354919433594,0.01965479739010334
47,12032,12031,INSECTS_abrupt_balanced,insects_real,ts_drift_adapt_severity,9,"error_divergence_ph_meta@error.threshold=0.05,error.min_instances=5",error_divergence_ph_meta,"{""divergence"": {""alpha"": 0.1, ""delta"": 0.005, ""min_instances"": 30, ""threshold"": 0.05}, ""error_rate"": {""alpha"": 0.15, ""delta"": 0.005, ""min_instances"": 5, ""threshold"": 0.05}}","{""error_rate"": {""min_instances"": 5, ""threshold"": 0.05}}",0.05,0.005,0.15,5,0.05,0.005,0.1,30,,,,-1,two_stage,2,0.5,"confirm_cooldown=200,divergence=0.3,error_rate=0.5,teacher_entropy=0.2",1,0,0,0,1.0,0.2081117021276596,0.026180372037303955,1.0,1.737410545349121,0.004367445595562458,0,0,9,9,-1,0.0,0.08333333333333337,0,0.0,0.0,0.0,0.0,1,confirmed_streak,0,5,0,overconfident,0.95,0,mild_drift,0.9400742187497245,0.0013902343750024876,0.3806640624994664,0.7548437499998639,1767842103.001441,1.7976231575012207,0.017654437571763992
48,12288,12287,INSECTS_abrupt_balanced,insects_real,ts_drift_adapt_severity,9,"error_divergence_ph_meta@error.threshold=0.05,error.min_instances=5",error_divergence_ph_meta,"{""divergence"": {""alpha"": 0.1, ""delta"": 0.005, ""min_instances"": 30, ""threshold"": 0.05}, ""error_rate"": {""alpha"": 0.15, ""delta"": 0.005, ""min_instances"": 5, ""threshold"": 0.05}}","{""error_rate"": {""min_instances"": 5, ""threshold"": 0.05}}",0.05,0.005,0.15,5,0.05,0.005,0.1,30,,,,-1,two_stage,2,0.5,"confirm_cooldown=200,divergence=0.3,error_rate=0.5,teacher_entropy=0.2",1,0,0,0,1.0,0.20914713541666666,0.027426864509920722,0.8333333333333334,1.7351351976394653,0.004315112717449665,0,0,9,9,-1,0.0,0.16666666666666663,0,0.0,0.0,0.0,0.0,1,confirmed_streak,0,5,0,overconfident,0.95,0,mild_drift,0.9450371093748622,0.001345117187501244,0.3903320312497332,0.757421874999932,1767842103.0123193,1.7360615730285645,0.017445813864469528
49,12544,12543,INSECTS_abrupt_balanced,insects_real,ts_drift_adapt_severity,9,"error_divergence_ph_meta@error.threshold=0.05,error.min_instances=5",error_divergence_ph_meta,"{""divergence"": {""alpha"": 0.1, ""delta"": 0.005, ""min_instances"": 30, ""threshold"": 0.05}, ""error_rate"": {""alpha"": 0.15, ""delta"": 0.005, ""min_instances"": 5, ""threshold"": 0.05}}","{""error_rate"": {""min_instances"": 5, ""threshold"": 0.05}}",0.05,0.005,0.15,5,0.05,0.005,0.1,30,,,,-1,two_stage,2,0.5,"confirm_cooldown=200,divergence=0.3,error_rate=0.5,teacher_entropy=0.2",1,0,0,0,1.0,0.20958227040816327,0.027803145257608904,0.75,1.736925482749939,0.004006457515060902,0,0,9,9,-1,0.0,0.08333333333333337,0,0.0,0.0,0.0,0.0,1,confirmed_streak,0,5,0,overconfident,0.95,0,mild_drift,0.9475185546874311,0.0013225585937506222,0.39516601562486664,0.758710937499966,1767842103.0234447,1.7077518701553345,0.016129618510603905
50,12800,12799,INSECTS_abrupt_balanced,insects_real,ts_drift_adapt_severity,9,"error_divergence_ph_meta@error.threshold=0.05,error.min_instances=5",error_divergence_ph_meta,"{""divergence"": {""alpha"": 0.1, ""delta"": 0.005, ""min_instances"": 30, ""threshold"": 0.05}, ""error_rate"": {""alpha"": 0.15, ""delta"": 0.005, ""min_instances"": 5, ""threshold"": 0.05}}","{""error_rate"": {""min_instances"": 5, ""threshold"": 0.05}}",0.05,0.005,0.15,5,0.05,0.005,0.1,30,,,,-1,two_stage,2,0.5,"confirm_cooldown=200,divergence=0.3,error_rate=0.5,teacher_entropy=0.2",1,0,0,0,1.0,0.20640625,0.026877335976118636,0.9166666666666666,1.7352290153503418,0.004287307150661945,1,1,10,10,0,0.0,0.16666666666666663,1,0.5,-0.0318130999238729,0.0,0.0,1,confirmed_streak,0,5,1,overconfident,0.95,0,stable,0.9687592773437155,0.001061279296875311,0.4475830078124333,0.7993554687499831,1767842103.034522,2.5231316089630127,0.017260054126381874
51,13056,13055,INSECTS_abrupt_balanced,insects_real,ts_drift_adapt_severity,9,"error_divergence_ph_meta@error.threshold=0.05,error.min_instances=5",error_divergence_ph_meta,"{""divergence"": {""alpha"": 0.1, ""delta"": 0.005, ""min_instances"": 30, ""threshold"": 0.05}, ""error_rate"": {""alpha"": 0.15, ""delta"": 0.005, ""min_instances"": 5, ""threshold"": 0.05}}","{""error_rate"": {""min_instances"": 5, ""threshold"": 0.05}}",0.05,0.005,0.15,5,0.05,0.005,0.1,30,,,,-1,two_stage,2,0.5,"confirm_cooldown=200,divergence=0.3,error_rate=0.5,teacher_entropy=0.2",1,0,0,0,1.0,0.20235906862745098,0.025729414831156355,1.0,1.7366195917129517,0.00445841159671545,0,0,10,10,-1,0.0,0.08333333333333337,0,0.0,0.0,0.0,0.0,1,confirmed_streak,0,5,0,overconfident,0.95,0,mild_drift,0.9593796386718577,0.0011806396484376556,0.42379150390621667,0.7796777343749915,1767842103.04571,2.7237789630889893,0.017963461577892303
52,13312,13311,INSECTS_abrupt_balanced,insects_real,ts_drift_adapt_severity,9,"error_divergence_ph_meta@error.threshold=0.05,error.min_instances=5",error_divergence_ph_meta,"{""divergence"": {""alpha"": 0.1, ""delta"": 0.005, ""min_instances"": 30, ""threshold"": 0.05}, ""error_rate"": {""alpha"": 0.15, ""delta"": 0.005, ""min_instances"": 5, ""threshold"": 0.05}}","{""error_rate"": {""min_instances"": 5, ""threshold"": 0.05}}",0.05,0.005,0.15,5,0.05,0.005,0.1,30,,,,-1,two_stage,2,0.5,"confirm_cooldown=200,divergence=0.3,error_rate=0.5,teacher_entropy=0.2",1,0,0,0,1.0,0.19846754807692307,0.02465306969105546,1.0,1.735648274421692,0.004332633223384619,0,0,10,10,-1,0.0,0.00012577837333083153,0,0.0,0.0,0.0,0.0,1,confirmed_streak,0,5,0,overconfident,0.95,0,mild_drift,0.9546898193359288,0.0012403198242188279,0.41189575195310835,0.7698388671874958,1767842103.0570679,2.5469627380371094,0.01744280755519867
53,13568,13567,INSECTS_abrupt_balanced,insects_real,ts_drift_adapt_severity,9,"error_divergence_ph_meta@error.threshold=0.05,error.min_instances=5",error_divergence_ph_meta,"{""divergence"": {""alpha"": 0.1, ""delta"": 0.005, ""min_instances"": 30, ""threshold"": 0.05}, ""error_rate"": {""alpha"": 0.15, ""delta"": 0.005, ""min_instances"": 5, ""threshold"": 0.05}}","{""error_rate"": {""min_instances"": 5, ""threshold"": 0.05}}",0.05,0.005,0.15,5,0.05,0.005,0.1,30,,,,-1,two_stage,2,0.5,"confirm_cooldown=200,divergence=0.3,error_rate=0.5,teacher_entropy=0.2",1,0,0,0,1.0,0.19472287735849056,0.0236424925310551,1.0,1.7365432977676392,0.004160068463534117,0,0,10,10,-1,0.0,0.00017256475985050201,0,0.0,0.0,0.0,0.0,1,confirmed_streak,0,5,0,overconfident,0.95,0,mild_drift,0.9523449096679644,0.001270159912109414,0.4059478759765542,0.7649194335937479,1767842103.0682309,2.6141324043273926,0.016683226451277733
54,13824,13823,INSECTS_abrupt_balanced,insects_real,ts_drift_adapt_severity,9,"error_divergence_ph_meta@error.threshold=0.05,error.min_instances=5",error_divergence_ph_meta,"{""divergence"": {""alpha"": 0.1, ""delta"": 0.005, ""min_instances"": 30, ""threshold"": 0.05}, ""error_rate"": {""alpha"": 0.15, ""delta"": 0.005, ""min_instances"": 5, ""threshold"": 0.05}}","{""error_rate"": {""min_instances"": 5, ""threshold"": 0.05}}",0.05,0.005,0.15,5,0.05,0.005,0.1,30,,,,-1,two_stage,2,0.5,"confirm_cooldown=200,divergence=0.3,error_rate=0.5,teacher_entropy=0.2",1,0,0,0,1.0,0.19111689814814814,0.0226924685181158,1.0,1.7387700080871582,0.004661520943045616,0,0,10,10,-1,0.0,0.0005014524795114994,0,0.0,0.0,0.0,0.0,1,confirmed_streak,0,5,0,overconfident,0.95,0,mild_drift,0.9511724548339822,0.001285079956054707,0.4029739379882771,0.762459716796874,1767842103.07973,2.3292300701141357,0.018489306792616844
55,14080,14079,INSECTS_abrupt_balanced,insects_real,ts_drift_adapt_severity,9,"error_divergence_ph_meta@error.threshold=0.05,error.min_instances=5",error_divergence_ph_meta,"{""divergence"": {""alpha"": 0.1, ""delta"": 0.005, ""min_instances"": 30, ""threshold"": 0.05}, ""error_rate"": {""alpha"": 0.15, ""delta"": 0.005, ""min_instances"": 5, ""threshold"": 0.05}}","{""error_rate"": {""min_instances"": 5, ""threshold"": 0.05}}",0.05,0.005,0.15,5,0.05,0.005,0.1,30,,,,-1,two_stage,2,0.5,"confirm_cooldown=200,divergence=0.3,error_rate=0.5,teacher_entropy=0.2",1,0,0,0,1.0,0.18771306818181818,0.021885342906949865,1.0,1.739701509475708,0.006949571426957846,0,0,10,10,-1,0.0,0.0022880504839122295,0,0.0,0.0,0.0,0.0,1,confirmed_streak,0,5,0,overconfident,0.95,0,mild_drift,0.9505862274169911,0.0012925399780273536,0.40148696899413855,0.7612298583984369,1767842103.0904384,2.1228997707366943,0.02703275717794895
56,14336,14335,INSECTS_abrupt_balanced,insects_real,ts_drift_adapt_severity,9,"error_divergence_ph_meta@error.threshold=0.05,error.min_instances=5",error_divergence_ph_meta,"{""divergence"": {""alpha"": 0.1, ""delta"": 0.005, ""min_instances"": 30, ""threshold"": 0.05}, ""error_rate"": {""alpha"": 0.15, ""delta"": 0.005, ""min_instances"": 5, ""threshold"": 0.05}}","{""error_rate"": {""min_instances"": 5, ""threshold"": 0.05}}",0.05,0.005,0.15,5,0.05,0.005,0.1,30,,,,-1,two_stage,2,0.5,"confirm_cooldown=200,divergence=0.3,error_rate=0.5,teacher_entropy=0.2",1,0,0,0,1.0,0.1845703125,0.021290702646412873,1.0,1.7428040504455566,0.010250208899378777,0,0,10,10,-1,0.0,0.003300637472420931,0,0.0,0.0,0.0,0.0,1,confirmed_streak,0,5,0,overconfident,0.95,0,mild_drift,0.9502931137084956,0.001296269989013677,0.4007434844970693,0.7606149291992185,1767842103.1013045,1.8770637512207031,0.03905034065246582
57,14592,14591,INSECTS_abrupt_balanced,insects_real,ts_drift_adapt_severity,9,"error_divergence_ph_meta@error.threshold=0.05,error.min_instances=5",error_divergence_ph_meta,"{""divergence"": {""alpha"": 0.1, ""delta"": 0.005, ""min_instances"": 30, ""threshold"": 0.05}, ""error_rate"": {""alpha"": 0.15, ""delta"": 0.005, ""min_instances"": 5, ""threshold"": 0.05}}","{""error_rate"": {""min_instances"": 5, ""threshold"": 0.05}}",0.05,0.005,0.15,5,0.05,0.005,0.1,30,,,,-1,two_stage,2,0.5,"confirm_cooldown=200,divergence=0.3,error_rate=0.5,teacher_entropy=0.2",1,0,0,0,1.0,0.18448464912280702,0.021533720963714198,0.9166666666666666,1.7456493377685547,0.015678999945521355,1,1,11,11,0,0.0,0.08333333333333337,1,0.5,-0.03363495526970333,0.0,0.0,1,confirmed_streak,0,5,1,overconfident,0.95,0,stable,0.9701465568542478,0.0010481349945068385,0.45037174224853466,0.8003074645996093,1767842103.112355,1.8525971174240112,0.058254167437553406
58,14848,14847,INSECTS_abrupt_balanced,insects_real,ts_drift_adapt_severity,9,"error_divergence_ph_meta@error.threshold=0.05,error.min_instances=5",error_divergence_ph_meta,"{""divergence"": {""alpha"": 0.1, ""delta"": 0.005, ""min_instances"": 30, ""threshold"": 0.05}, ""error_rate"": {""alpha"": 0.15, ""delta"": 0.005, ""min_instances"": 5, ""threshold"": 0.05}}","{""error_rate"": {""min_instances"": 5, ""threshold"": 0.05}}",0.05,0.005,0.15,5,0.05,0.005,0.1,30,,,,-1,two_stage,2,0.5,"confirm_cooldown=200,divergence=0.3,error_rate=0.5,teacher_entropy=0.2",1,0,0,0,1.0,0.1814385775862069,0.018343419837653092,1.0,1.7500792741775513,0.021355660632252693,0,0,11,11,-1,0.0,0.08333333333333337,0,0.0,0.0,0.0,0.0,1,confirmed_streak,0,5,0,overconfident,0.95,0,mild_drift,0.9600732784271239,0.0011740674972534194,0.4251858711242673,0.7801537322998047,1767842103.1233654,1.793632984161377,0.07848106324672699
59,15104,15103,INSECTS_abrupt_balanced,insects_real,ts_drift_adapt_severity,9,"error_divergence_ph_meta@error.threshold=0.05,error.min_instances=5",error_divergence_ph_meta,"{""divergence"": {""alpha"": 0.1, ""delta"": 0.005, ""min_instances"": 30, ""threshold"": 0.05}, ""error_rate"": {""alpha"": 0.15, ""delta"": 0.005, ""min_instances"": 5, ""threshold"": 0.05}}","{""error_rate"": {""min_instances"": 5, ""threshold"": 0.05}}",0.05,0.005,0.15,5,0.05,0.005,0.1,30,,,,-1,two_stage,2,0.5,"confirm_cooldown=200,divergence=0.3,error_rate=0.5,teacher_entropy=0.2",1,0,0,0,1.0,0.17842955508474576,0.015301925271651489,1.0,1.7516275644302368,0.026193493977189064,0,0,11,11,-1,0.0,0.004837833344936371,0,0.0,0.0,0.0,0.0,1,confirmed_streak,0,5,0,overconfident,0.95,0,mild_drift,0.9550366392135619,0.00123703374862671,0.41259293556213367,0.7700768661499023,1767842103.1340292,1.9080690145492554,0.09564664959907532
60,15360,15359,INSECTS_abrupt_balanced,insects_real,ts_drift_adapt_severity,9,"error_divergence_ph_meta@error.threshold=0.05,error.min_instances=5",error_divergence_ph_meta,"{""divergence"": {""alpha"": 0.1, ""delta"": 0.005, ""min_instances"": 30, ""threshold"": 0.05}, ""error_rate"": {""alpha"": 0.15, ""delta"": 0.005, ""min_instances"": 5, ""threshold"": 0.05}}","{""error_rate"": {""min_instances"": 5, ""threshold"": 0.05}}",0.05,0.005,0.15,5,0.05,0.005,0.1,30,,,,-1,two_stage,2,0.5,"confirm_cooldown=200,divergence=0.3,error_rate=0.5,teacher_entropy=0.2",1,0,0,0,1.0,0.17545572916666666,0.012422923847777255,1.0,1.755929708480835,0.030521197244524956,0,0,11,11,-1,0.0,0.004327703267335892,0,0.0,0.0,0.0,0.0,1,confirmed_streak,0,5,0,overconfident,0.95,0,mild_drift,0.9525183196067809,0.0012685168743133551,0.4062964677810669,0.7650384330749511,1767842103.1445901,1.8761628866195679,0.11183683574199677
61,15616,15615,INSECTS_abrupt_balanced,insects_real,ts_drift_adapt_severity,9,"error_divergence_ph_meta@error.threshold=0.05,error.min_instances=5",error_divergence_ph_meta,"{""divergence"": {""alpha"": 0.1, ""delta"": 0.005, ""min_instances"": 30, ""threshold"": 0.05}, ""error_rate"": {""alpha"": 0.15, ""delta"": 0.005, ""min_instances"": 5, ""threshold"": 0.05}}","{""error_rate"": {""min_instances"": 5, ""threshold"": 0.05}}",0.05,0.005,0.15,5,0.05,0.005,0.1,30,,,,-1,two_stage,2,0.5,"confirm_cooldown=200,divergence=0.3,error_rate=0.5,teacher_entropy=0.2",1,0,0,0,1.0,0.17257940573770492,0.009680310500490303,1.0,1.761386513710022,0.031219011172652245,0,0,11,11,-1,0.0,0.0006978139281272888,0,0.0,0.0,0.0,0.0,1,confirmed_streak,0,5,0,overconfident,0.95,0,mild_drift,0.9512591598033904,0.0012842584371566775,0.40314823389053345,0.7625192165374756,1767842103.155097,1.948378562927246,0.11506400257349014
62,15872,15871,INSECTS_abrupt_balanced,insects_real,ts_drift_adapt_severity,9,"error_divergence_ph_meta@error.threshold=0.05,error.min_instances=5",error_divergence_ph_meta,"{""divergence"": {""alpha"": 0.1, ""delta"": 0.005, ""min_instances"": 30, ""threshold"": 0.05}, ""error_rate"": {""alpha"": 0.15, ""delta"": 0.005, ""min_instances"": 5, ""threshold"": 0.05}}","{""error_rate"": {""min_instances"": 5, ""threshold"": 0.05}}",0.05,0.005,0.15,5,0.05,0.005,0.1,30,,,,-1,two_stage,2,0.5,"confirm_cooldown=200,divergence=0.3,error_rate=0.5,teacher_entropy=0.2",1,0,0,0,1.0,0.16979586693548387,0.00694305887007264,1.0,1.7651504278182983,0.03286416083574295,0,0,11,11,-1,0.0,0.0016451496630907059,0,0.0,0.0,0.0,0.0,1,confirmed_streak,0,5,0,overconfident,0.95,0,mild_drift,0.9506295799016952,0.001292129218578339,0.40157411694526673,0.7612596082687377,1767842103.1659222,1.870266079902649,0.12188375741243362
63,16128,16127,INSECTS_abrupt_balanced,insects_real,ts_drift_adapt_severity,9,"error_divergence_ph_meta@error.threshold=0.05,error.min_instances=5",error_divergence_ph_meta,"{""divergence"": {""alpha"": 0.1, ""delta"": 0.005, ""min_instances"": 30, ""threshold"": 0.05}, ""error_rate"": {""alpha"": 0.15, ""delta"": 0.005, ""min_instances"": 5, ""threshold"": 0.05}}","{""error_rate"": {""min_instances"": 5, ""threshold"": 0.05}}",0.05,0.005,0.15,5,0.05,0.005,0.1,30,,,,-1,two_stage,2,0.5,"confirm_cooldown=200,divergence=0.3,error_rate=0.5,teacher_entropy=0.2",1,0,0,0,1.0,0.1671626984126984,0.004643229082538103,1.0,1.7685564756393433,0.03127973899245262,0,0,11,11,-1,0.0,0.001584421843290329,0,0.0,0.0,0.0,0.0,1,confirmed_streak,0,5,0,overconfident,0.95,0,mild_drift,0.9503147899508475,0.0012960646092891694,0.4007870584726334,0.7606298041343689,1767842103.1768682,1.8763809204101562,0.11727806180715561
64,16384,16383,INSECTS_abrupt_balanced,insects_real,ts_drift_adapt_severity,9,"error_divergence_ph_meta@error.threshold=0.05,error.min_instances=5",error_divergence_ph_meta,"{""divergence"": {""alpha"": 0.1, ""delta"": 0.005, ""min_instances"": 30, ""threshold"": 0.05}, ""error_rate"": {""alpha"": 0.15, ""delta"": 0.005, ""min_instances"": 5, ""threshold"": 0.05}}","{""error_rate"": {""min_instances"": 5, ""threshold"": 0.05}}",0.05,0.005,0.15,5,0.05,0.005,0.1,30,,,,-1,two_stage,2,0.5,"confirm_cooldown=200,divergence=0.3,error_rate=0.5,teacher_entropy=0.2",1,0,0,0,1.0,0.16455078125,0.0022988427203218947,1.0,1.7721267938613892,0.03021281585097313,0,0,11,11,-1,0.0,0.0010669231414794922,0,0.0,0.0,0.0,0.0,1,confirmed_streak,0,5,0,overconfident,0.95,0,mild_drift,0.9501573949754237,0.001298032304644585,0.4003935292363167,0.7603149020671844,1767842103.1875439,1.923498272895813,0.11430478096008301
65,16640,16639,INSECTS_abrupt_balanced,insects_real,ts_drift_adapt_severity,9,"error_divergence_ph_meta@error.threshold=0.05,error.min_instances=5",error_divergence_ph_meta,"{""divergence"": {""alpha"": 0.1, ""delta"": 0.005, ""min_instances"": 30, ""threshold"": 0.05}, ""error_rate"": {""alpha"": 0.15, ""delta"": 0.005, ""min_instances"": 5, ""threshold"": 0.05}}","{""error_rate"": {""min_instances"": 5, ""threshold"": 0.05}}",0.05,0.005,0.15,5,0.05,0.005,0.1,30,,,,-1,two_stage,2,0.5,"confirm_cooldown=200,divergence=0.3,error_rate=0.5,teacher_entropy=0.2",1,0,0,0,1.0,0.16201923076923078,0.00014537069948518963,1.0,1.7750869989395142,0.02743392437696457,0,0,11,11,-1,0.0,0.00277889147400856,0,0.0,0.0,0.0,0.0,1,confirmed_streak,0,5,0,overconfident,0.95,0,mild_drift,0.9500786974877118,0.0012990161523222924,0.40019676461815834,0.7601574510335922,1767842103.1992185,1.937895655632019,0.10502883791923523
66,16896,16895,INSECTS_abrupt_balanced,insects_real,ts_drift_adapt_severity,9,"error_divergence_ph_meta@error.threshold=0.05,error.min_instances=5",error_divergence_ph_meta,"{""divergence"": {""alpha"": 0.1, ""delta"": 0.005, ""min_instances"": 30, ""threshold"": 0.05}, ""error_rate"": {""alpha"": 0.15, ""delta"": 0.005, ""min_instances"": 5, ""threshold"": 0.05}}","{""error_rate"": {""min_instances"": 5, ""threshold"": 0.05}}",0.05,0.005,0.15,5,0.05,0.005,0.1,30,,,,-1,two_stage,2,0.5,"confirm_cooldown=200,divergence=0.3,error_rate=0.5,teacher_entropy=0.2",1,0,0,0,1.0,0.15956439393939395,-0.0017894597170807398,1.0,1.7775639295578003,0.02350502274930477,0,0,11,11,-1,0.0,0.003928901627659798,0,0.0,0.0,0.0,0.0,1,confirmed_streak,0,5,0,overconfident,0.95,0,mild_drift,0.9500393487438559,0.0012995080761611464,0.4000983823090792,0.7600787255167961,1767842103.2104037,1.8267879486083984,0.09069255739450455
67,17152,17151,INSECTS_abrupt_balanced,insects_real,ts_drift_adapt_severity,9,"error_divergence_ph_meta@error.threshold=0.05,error.min_instances=5",error_divergence_ph_meta,"{""divergence"": {""alpha"": 0.1, ""delta"": 0.005, ""min_instances"": 30, ""threshold"": 0.05}, ""error_rate"": {""alpha"": 0.15, ""delta"": 0.005, ""min_instances"": 5, ""threshold"": 0.05}}","{""error_rate"": {""min_instances"": 5, ""threshold"": 0.05}}",0.05,0.005,0.15,5,0.05,0.005,0.1,30,,,,-1,two_stage,2,0.5,"confirm_cooldown=200,divergence=0.3,error_rate=0.5,teacher_entropy=0.2",1,0,0,0,1.0,0.1572411380597015,-0.003523415990661651,1.0,1.7789406776428223,0.021413123235106468,0,0,11,11,-1,0.0,0.0020918995141983032,0,0.0,0.0,0.0,0.0,1,confirmed_streak,0,5,0,overconfident,0.95,0,mild_drift,0.9500196743719279,0.0012997540380805732,0.40004919115453963,0.7600393627583981,1767842103.2211752,1.9567524194717407,0.08377676457166672
68,17408,17407,INSECTS_abrupt_balanced,insects_real,ts_drift_adapt_severity,9,"error_divergence_ph_meta@error.threshold=0.05,error.min_instances=5",error_divergence_ph_meta,"{""divergence"": {""alpha"": 0.1, ""delta"": 0.005, ""min_instances"": 30, ""threshold"": 0.05}, ""error_rate"": {""alpha"": 0.15, ""delta"": 0.005, ""min_instances"": 5, ""threshold"": 0.05}}","{""error_rate"": {""min_instances"": 5, ""threshold"": 0.05}}",0.05,0.005,0.15,5,0.05,0.005,0.1,30,,,,-1,two_stage,2,0.5,"confirm_cooldown=200,divergence=0.3,error_rate=0.5,teacher_entropy=0.2",1,0,0,0,1.0,0.15504365808823528,-0.005218474907739312,1.0,1.779919147491455,0.01780836656689644,0,0,11,11,-1,0.0,0.0036047566682100296,0,0.0,0.0,0.0,0.0,1,confirmed_streak,0,5,0,overconfident,0.95,0,mild_drift,0.950009837185964,0.0012998770190402868,0.4000245955772698,0.7600196813791991,1767842103.2324967,1.9062708616256714,0.07065766304731369
69,17664,17663,INSECTS_abrupt_balanced,insects_real,ts_drift_adapt_severity,9,"error_divergence_ph_meta@error.threshold=0.05,error.min_instances=5",error_divergence_ph_meta,"{""divergence"": {""alpha"": 0.1, ""delta"": 0.005, ""min_instances"": 30, ""threshold"": 0.05}, ""error_rate"": {""alpha"": 0.15, ""delta"": 0.005, ""min_instances"": 5, ""threshold"": 0.05}}","{""error_rate"": {""min_instances"": 5, ""threshold"": 0.05}}",0.05,0.005,0.15,5,0.05,0.005,0.1,30,,,,-1,two_stage,2,0.5,"confirm_cooldown=200,divergence=0.3,error_rate=0.5,teacher_entropy=0.2",1,0,0,0,1.0,0.15279664855072464,-0.006876389742701516,1.0,1.7802973985671997,0.014476887881755829,0,0,11,11,-1,0.0,0.0033314786851406097,0,0.0,0.0,0.0,0.0,1,confirmed_streak,0,5,0,overconfident,0.95,0,mild_drift,0.950004918592982,0.0012999385095201436,0.4000122977886349,0.7600098406895995,1767842103.2436295,1.8660563230514526,0.05825096368789673
70,17920,17919,INSECTS_abrupt_balanced,insects_real,ts_drift_adapt_severity,9,"error_divergence_ph_meta@error.threshold=0.05,error.min_instances=5",error_divergence_ph_meta,"{""divergence"": {""alpha"": 0.1, ""delta"": 0.005, ""min_instances"": 30, ""threshold"": 0.05}, ""error_rate"": {""alpha"": 0.15, ""delta"": 0.005, ""min_instances"": 5, ""threshold"": 0.05}}","{""error_rate"": {""min_instances"": 5, ""threshold"": 0.05}}",0.05,0.005,0.15,5,0.05,0.005,0.1,30,,,,-1,two_stage,2,0.5,"confirm_cooldown=200,divergence=0.3,error_rate=0.5,teacher_entropy=0.2",1,0,0,0,1.0,0.15301339285714285,-0.006372997030973197,0.8333333333333334,1.779772162437439,0.012247161939740181,1,1,12,12,0,0.08333333333333326,0.16666666666666663,1,0.5,-0.0550789452250114,0.0,0.0,1,confirmed_streak,0,5,1,overconfident,0.95,0,mild_drift,0.950002459296491,0.0012999692547600718,0.40000614889431746,0.7600049203447998,1767842103.2546105,1.8078845739364624,0.050014954060316086
71,18176,18175,INSECTS_abrupt_balanced,insects_real,ts_drift_adapt_severity,9,"error_divergence_ph_meta@error.threshold=0.05,error.min_instances=5",error_divergence_ph_meta,"{""divergence"": {""alpha"": 0.1, ""delta"": 0.005, ""min_instances"": 30, ""threshold"": 0.05}, ""error_rate"": {""alpha"": 0.15, ""delta"": 0.005, ""min_instances"": 5, ""threshold"": 0.05}}","{""error_rate"": {""min_instances"": 5, ""threshold"": 0.05}}",0.05,0.005,0.15,5,0.05,0.005,0.1,30,,,,-1,two_stage,2,0.5,"confirm_cooldown=200,divergence=0.3,error_rate=0.5,teacher_entropy=0.2",1,0,0,0,1.0,0.1580105633802817,-0.001841802311451365,0.4166666666666667,1.7791334390640259,0.010448954999446869,0,0,12,12,-1,0.0,0.4166666666666667,0,0.0,0.0,0.0,0.0,1,confirmed_streak,0,5,0,overconfident,0.95,0,mild_drift,0.9500012296482454,0.001299984627380036,0.40000307444715877,0.7600024601723999,1767842103.26559,1.8619543313980103,0.04283613711595535
72,18432,18431,INSECTS_abrupt_balanced,insects_real,ts_drift_adapt_severity,9,"error_divergence_ph_meta@error.threshold=0.05,error.min_instances=5",error_divergence_ph_meta,"{""divergence"": {""alpha"": 0.1, ""delta"": 0.005, ""min_instances"": 30, ""threshold"": 0.05}, ""error_rate"": {""alpha"": 0.15, ""delta"": 0.005, ""min_instances"": 5, ""threshold"": 0.05}}","{""error_rate"": {""min_instances"": 5, ""threshold"": 0.05}}",0.05,0.005,0.15,5,0.05,0.005,0.1,30,,,,-1,two_stage,2,0.5,"confirm_cooldown=200,divergence=0.3,error_rate=0.5,teacher_entropy=0.2",1,0,0,0,1.0,0.16162109375,0.0008419414384077963,0.5,1.7781271934509277,0.008343018591403961,0,0,12,12,-1,0.0,0.08333333333333331,0,0.0,0.0,0.0,0.0,1,confirmed_streak,0,5,0,overconfident,0.95,0,mild_drift,0.9500006148241227,0.0012999923136900182,0.4000015372235794,0.7600012300862,1767842103.276348,1.941483974456787,0.034401632845401764
73,18688,18687,INSECTS_abrupt_balanced,insects_real,ts_drift_adapt_severity,9,"error_divergence_ph_meta@error.threshold=0.05,error.min_instances=5",error_divergence_ph_meta,"{""divergence"": {""alpha"": 0.1, ""delta"": 0.005, ""min_instances"": 30, ""threshold"": 0.05}, ""error_rate"": {""alpha"": 0.15, ""delta"": 0.005, ""min_instances"": 5, ""threshold"": 0.05}}","{""error_rate"": {""min_instances"": 5, ""threshold"": 0.05}}",0.05,0.005,0.15,5,0.05,0.005,0.1,30,,,,-1,two_stage,2,0.5,"confirm_cooldown=200,divergence=0.3,error_rate=0.5,teacher_entropy=0.2",1,0,0,0,1.0,0.16523972602739725,0.0035340823327653877,0.6666666666666666,1.7773802280426025,0.006838158704340458,0,0,12,12,-1,0.0,0.16666666666666663,0,0.0,0.0,0.0,0.0,1,confirmed_streak,0,5,0,overconfident,0.95,0,mild_drift,0.9500003074120613,0.001299996156845009,0.4000007686117897,0.7600006150431,1767842103.2870147,2.173711061477661,0.0282425619661808
74,18944,18943,INSECTS_abrupt_balanced,insects_real,ts_drift_adapt_severity,9,"error_divergence_ph_meta@error.threshold=0.05,error.min_instances=5",error_divergence_ph_meta,"{""divergence"": {""alpha"": 0.1, ""delta"": 0.005, ""min_instances"": 30, ""threshold"": 0.05}, ""error_rate"": {""alpha"": 0.15, ""delta"": 0.005, ""min_instances"": 5, ""threshold"": 0.05}}","{""error_rate"": {""min_instances"": 5, ""threshold"": 0.05}}",0.05,0.005,0.15,5,0.05,0.005,0.1,30,,,,-1,two_stage,2,0.5,"confirm_cooldown=200,divergence=0.3,error_rate=0.5,teacher_entropy=0.2",1,0,0,0,1.0,0.16870777027027026,0.006030920866144162,0.5,1.7771645784378052,0.005795008037239313,0,0,12,12,-1,0.0,0.16666666666666663,0,0.0,0.0,0.0,0.0,1,confirmed_streak,0,5,0,overconfident,0.95,0,mild_drift,0.9500001537060306,0.0012999980784225047,0.40000038430589485,0.76000030752155,1767842103.2978044,1.98092782497406,0.02376936934888363
75,19200,19199,INSECTS_abrupt_balanced,insects_real,ts_drift_adapt_severity,9,"error_divergence_ph_meta@error.threshold=0.05,error.min_instances=5",error_divergence_ph_meta,"{""divergence"": {""alpha"": 0.1, ""delta"": 0.005, ""min_instances"": 30, ""threshold"": 0.05}, ""error_rate"": {""alpha"": 0.15, ""delta"": 0.005, ""min_instances"": 5, ""threshold"": 0.05}}","{""error_rate"": {""min_instances"": 5, ""threshold"": 0.05}}",0.05,0.005,0.15,5,0.05,0.005,0.1,30,,,,-1,two_stage,2,0.5,"confirm_cooldown=200,divergence=0.3,error_rate=0.5,teacher_entropy=0.2",1,0,0,0,1.0,0.17182291666666666,0.008074335058630014,0.5,1.7755099534988403,0.004628985654562712,1,1,13,13,0,0.33333333333333337,0.0011660223826766014,1,0.5,0.0,0.0,0.0,1,confirmed_streak,0,5,1,overconfident,0.95,0,severe_drift,0.9115000768530153,0.0016499990392112524,0.3250001921529474,0.740000153760775,1767842103.30903,1.9398260116577148,0.018880929797887802
76,19456,19455,INSECTS_abrupt_balanced,insects_real,ts_drift_adapt_severity,9,"error_divergence_ph_meta@error.threshold=0.05,error.min_instances=5",error_divergence_ph_meta,"{""divergence"": {""alpha"": 0.1, ""delta"": 0.005, ""min_instances"": 30, ""threshold"": 0.05}, ""error_rate"": {""alpha"": 0.15, ""delta"": 0.005, ""min_instances"": 5, ""threshold"": 0.05}}","{""error_rate"": {""min_instances"": 5, ""threshold"": 0.05}}",0.05,0.005,0.15,5,0.05,0.005,0.1,30,,,,-1,two_stage,2,0.5,"confirm_cooldown=200,divergence=0.3,error_rate=0.5,teacher_entropy=0.2",1,0,0,0,1.0,0.17614103618421054,0.01159660423173966,0.5833333333333334,1.7744120359420776,0.0040301051922142506,0,0,13,13,-1,0.0,0.08333333333333337,0,0.0,0.0,0.0,0.0,1,confirmed_streak,0,5,0,overconfident,0.95,0,mild_drift,0.9307500384265076,0.0014749995196056262,0.3625000960764737,0.7500000768803875,1767842103.319923,1.9712616205215454,0.016312358900904655
77,19712,19711,INSECTS_abrupt_balanced,insects_real,ts_drift_adapt_severity,9,"error_divergence_ph_meta@error.threshold=0.05,error.min_instances=5",error_divergence_ph_meta,"{""divergence"": {""alpha"": 0.1, ""delta"": 0.005, ""min_instances"": 30, ""threshold"": 0.05}, ""error_rate"": {""alpha"": 0.15, ""delta"": 0.005, ""min_instances"": 5, ""threshold"": 0.05}}","{""error_rate"": {""min_instances"": 5, ""threshold"": 0.05}}",0.05,0.005,0.15,5,0.05,0.005,0.1,30,,,,-1,two_stage,2,0.5,"confirm_cooldown=200,divergence=0.3,error_rate=0.5,teacher_entropy=0.2",1,0,0,0,1.0,0.17796266233766234,0.013081635054202751,0.8333333333333334,1.7720274925231934,0.003222563536837697,0,0,13,13,-1,0.0,0.25,0,0.0,0.0,0.0,0.0,1,confirmed_streak,0,5,0,overconfident,0.95,0,mild_drift,0.9403750192132538,0.001387499759802813,0.38125004803823687,0.7550000384401938,1767842103.3309476,1.747315764427185,0.012925519607961178
78,19968,19967,INSECTS_abrupt_balanced,insects_real,ts_drift_adapt_severity,9,"error_divergence_ph_meta@error.threshold=0.05,error.min_instances=5",error_divergence_ph_meta,"{""divergence"": {""alpha"": 0.1, ""delta"": 0.005, ""min_instances"": 30, ""threshold"": 0.05}, ""error_rate"": {""alpha"": 0.15, ""delta"": 0.005, ""min_instances"": 5, ""threshold"": 0.05}}","{""error_rate"": {""min_instances"": 5, ""threshold"": 0.05}}",0.05,0.005,0.15,5,0.05,0.005,0.1,30,,,,-1,two_stage,2,0.5,"confirm_cooldown=200,divergence=0.3,error_rate=0.5,teacher_entropy=0.2",1,0,0,0,1.0,0.17838541666666666,0.013084065659613868,1.0,1.7727679014205933,0.0030473382212221622,0,0,13,13,-1,0.0,0.16666666666666663,0,0.0,0.0,0.0,0.0,1,confirmed_streak,0,5,0,overconfident,0.95,0,mild_drift,0.9451875096066269,0.0013437498799014065,0.39062502401911847,0.7575000192200969,1767842103.3417969,1.9593993425369263,0.01222021970897913
79,20224,20223,INSECTS_abrupt_balanced,insects_real,ts_drift_adapt_severity,9,"error_divergence_ph_meta@error.threshold=0.05,error.min_instances=5",error_divergence_ph_meta,"{""divergence"": {""alpha"": 0.1, ""delta"": 0.005, ""min_instances"": 30, ""threshold"": 0.05}, ""error_rate"": {""alpha"": 0.15, ""delta"": 0.005, ""min_instances"": 5, ""threshold"": 0.05}}","{""error_rate"": {""min_instances"": 5, ""threshold"": 0.05}}",0.05,0.005,0.15,5,0.05,0.005,0.1,30,,,,-1,two_stage,2,0.5,"confirm_cooldown=200,divergence=0.3,error_rate=0.5,teacher_entropy=0.2",1,0,0,0,1.0,0.1785996835443038,0.012910617797517097,0.8333333333333334,1.7707191705703735,0.002723083132877946,0,0,13,13,-1,0.0,0.16666666666666663,0,0.0,0.0,0.0,0.0,1,confirmed_streak,0,5,0,overconfident,0.95,0,mild_drift,0.9475937548033134,0.0013218749399507034,0.39531251200955925,0.7587500096100485,1767842103.352665,1.8474006652832031,0.010905716568231583
80,20480,20479,INSECTS_abrupt_balanced,insects_real,ts_drift_adapt_severity,9,"error_divergence_ph_meta@error.threshold=0.05,error.min_instances=5",error_divergence_ph_meta,"{""divergence"": {""alpha"": 0.1, ""delta"": 0.005, ""min_instances"": 30, ""threshold"": 0.05}, ""error_rate"": {""alpha"": 0.15, ""delta"": 0.005, ""min_instances"": 5, ""threshold"": 0.05}}","{""error_rate"": {""min_instances"": 5, ""threshold"": 0.05}}",0.05,0.005,0.15,5,0.05,0.005,0.1,30,,,,-1,two_stage,2,0.5,"confirm_cooldown=200,divergence=0.3,error_rate=0.5,teacher_entropy=0.2",1,0,0,0,1.0,0.179052734375,0.013041472800784241,0.75,1.7716233730316162,0.0026506197173148394,1,1,14,14,0,0.25,0.08333333333333337,1,0.5,0.0,0.0,0.0,1,confirmed_streak,0,5,1,overconfident,0.95,0,severe_drift,0.9102968774016567,0.0016609374699753517,0.32265625600477965,0.7393750048050243,1767842103.3635473,1.7171043157577515,0.010601512156426907
81,20736,20735,INSECTS_abrupt_balanced,insects_real,ts_drift_adapt_severity,9,"error_divergence_ph_meta@error.threshold=0.05,error.min_instances=5",error_divergence_ph_meta,"{""divergence"": {""alpha"": 0.1, ""delta"": 0.005, ""min_instances"": 30, ""threshold"": 0.05}, ""error_rate"": {""alpha"": 0.15, ""delta"": 0.005, ""min_instances"": 5, ""threshold"": 0.05}}","{""error_rate"": {""min_instances"": 5, ""threshold"": 0.05}}",0.05,0.005,0.15,5,0.05,0.005,0.1,30,,,,-1,two_stage,2,0.5,"confirm_cooldown=200,divergence=0.3,error_rate=0.5,teacher_entropy=0.2",1,0,0,0,1.0,0.1792534722222222,0.012914669536805175,0.8333333333333334,1.7718253135681152,0.003176059341058135,0,0,14,14,-1,0.0,0.08333333333333337,0,0.0,0.0,0.0,0.0,1,confirmed_streak,0,5,0,overconfident,0.95,0,mild_drift,0.9301484387008283,0.001480468734987676,0.36132812800238984,0.7496875024025121,1767842103.3745048,1.892735481262207,0.01268702745437622
82,20992,20991,INSECTS_abrupt_balanced,insects_real,ts_drift_adapt_severity,9,"error_divergence_ph_meta@error.threshold=0.05,error.min_instances=5",error_divergence_ph_meta,"{""divergence"": {""alpha"": 0.1, ""delta"": 0.005, ""min_instances"": 30, ""threshold"": 0.05}, ""error_rate"": {""alpha"": 0.15, ""delta"": 0.005, ""min_instances"": 5, ""threshold"": 0.05}}","{""error_rate"": {""min_instances"": 5, ""threshold"": 0.05}}",0.05,0.005,0.15,5,0.05,0.005,0.1,30,,,,-1,two_stage,2,0.5,"confirm_cooldown=200,divergence=0.3,error_rate=0.5,teacher_entropy=0.2",1,0,0,0,1.0,0.1794969512195122,0.012744206044424694,0.8333333333333334,1.7718219757080078,0.0034667938016355038,0,0,14,14,-1,0.0,0.00029073446057736874,0,0.0,0.0,0.0,0.0,1,confirmed_streak,0,5,0,overconfident,0.95,0,mild_drift,0.9400742193504141,0.001390234367493838,0.3806640640011949,0.754843751201256,1767842103.3851774,1.7570158243179321,0.013778687454760075
83,21248,21247,INSECTS_abrupt_balanced,insects_real,ts_drift_adapt_severity,9,"error_divergence_ph_meta@error.threshold=0.05,error.min_instances=5",error_divergence_ph_meta,"{""divergence"": {""alpha"": 0.1, ""delta"": 0.005, ""min_instances"": 30, ""threshold"": 0.05}, ""error_rate"": {""alpha"": 0.15, ""delta"": 0.005, ""min_instances"": 5, ""threshold"": 0.05}}","{""error_rate"": {""min_instances"": 5, ""threshold"": 0.05}}",0.05,0.005,0.15,5,0.05,0.005,0.1,30,,,,-1,two_stage,2,0.5,"confirm_cooldown=200,divergence=0.3,error_rate=0.5,teacher_entropy=0.2",1,0,0,0,1.0,0.17940512048192772,0.01220175441578497,0.8333333333333334,1.7740471363067627,0.004078348632901907,0,0,14,14,-1,0.0,0.0006115548312664032,0,0.0,0.0,0.0,0.0,1,confirmed_streak,0,5,0,overconfident,0.95,0,mild_drift,0.945037109675207,0.001345117183746919,0.39033203200059746,0.757421875600628,1767842103.3962083,1.729934573173523,0.01616053283214569
84,21504,21503,INSECTS_abrupt_balanced,insects_real,ts_drift_adapt_severity,9,"error_divergence_ph_meta@error.threshold=0.05,error.min_instances=5",error_divergence_ph_meta,"{""divergence"": {""alpha"": 0.1, ""delta"": 0.005, ""min_instances"": 30, ""threshold"": 0.05}, ""error_rate"": {""alpha"": 0.15, ""delta"": 0.005, ""min_instances"": 5, ""threshold"": 0.05}}","{""error_rate"": {""min_instances"": 5, ""threshold"": 0.05}}",0.05,0.005,0.15,5,0.05,0.005,0.1,30,,,,-1,two_stage,2,0.5,"confirm_cooldown=200,divergence=0.3,error_rate=0.5,teacher_entropy=0.2",1,0,0,0,1.0,0.17954799107142858,0.01199658495334794,0.8333333333333334,1.7748587131500244,0.0046727159060537815,0,0,14,14,-1,0.0,0.0005943672731518745,0,0.0,0.0,0.0,0.0,1,confirmed_streak,0,5,0,overconfident,0.95,0,mild_drift,0.9475185548376035,0.0013225585918734597,0.39516601600029877,0.7587109378003141,1767842103.407037,1.771315574645996,0.018536241725087166
85,21760,21759,INSECTS_abrupt_balanced,insects_real,ts_drift_adapt_severity,9,"error_divergence_ph_meta@error.threshold=0.05,error.min_instances=5",error_divergence_ph_meta,"{""divergence"": {""alpha"": 0.1, ""delta"": 0.005, ""min_instances"": 30, ""threshold"": 0.05}, ""error_rate"": {""alpha"": 0.15, ""delta"": 0.005, ""min_instances"": 5, ""threshold"": 0.05}}","{""error_rate"": {""min_instances"": 5, ""threshold"": 0.05}}",0.05,0.005,0.15,5,0.05,0.005,0.1,30,,,,-1,two_stage,2,0.5,"confirm_cooldown=200,divergence=0.3,error_rate=0.5,teacher_entropy=0.2",1,0,0,0,1.0,0.18019301470588237,0.012425593798689395,0.9166666666666666,1.775456190109253,0.0058427853509783745,1,1,15,15,0,0.16666666666666663,0.08333333333333326,1,0.5,-0.02888101561373941,0.0,0.0,1,confirmed_streak,0,5,1,overconfident,0.95,0,severe_drift,0.9102592774188017,0.0016612792959367299,0.3225830080001494,0.7393554689001571,1767842103.4179957,1.762722373008728,0.023181499913334846
86,22016,22015,INSECTS_abrupt_balanced,insects_real,ts_drift_adapt_severity,9,"error_divergence_ph_meta@error.threshold=0.05,error.min_instances=5",error_divergence_ph_meta,"{""divergence"": {""alpha"": 0.1, ""delta"": 0.005, ""min_instances"": 30, ""threshold"": 0.05}, ""error_rate"": {""alpha"": 0.15, ""delta"": 0.005, ""min_instances"": 5, ""threshold"": 0.05}}","{""error_rate"": {""min_instances"": 5, ""threshold"": 0.05}}",0.05,0.005,0.15,5,0.05,0.005,0.1,30,,,,-1,two_stage,2,0.5,"confirm_cooldown=200,divergence=0.3,error_rate=0.5,teacher_entropy=0.2",1,0,0,0,1.0,0.18123183139534885,0.013180342016027663,0.5833333333333334,1.7760517597198486,0.006619075313210487,0,0,15,15,-1,0.0,0.33333333333333326,0,0.0,0.0,0.0,0.0,1,confirmed_streak,0,5,0,overconfident,0.95,0,mild_drift,0.9301296387094009,0.001480639647968365,0.3612915040000747,0.7496777344500786,1767842103.4287844,1.7021528482437134,0.026235805824398994
87,22272,22271,INSECTS_abrupt_balanced,insects_real,ts_drift_adapt_severity,9,"error_divergence_ph_meta@error.threshold=0.05,error.min_instances=5",error_divergence_ph_meta,"{""divergence"": {""alpha"": 0.1, ""delta"": 0.005, ""min_instances"": 30, ""threshold"": 0.05}, ""error_rate"": {""alpha"": 0.15, ""delta"": 0.005, ""min_instances"": 5, ""threshold"": 0.05}}","{""error_rate"": {""min_instances"": 5, ""threshold"": 0.05}}",0.05,0.005,0.15,5,0.05,0.005,0.1,30,,,,-1,two_stage,2,0.5,"confirm_cooldown=200,divergence=0.3,error_rate=0.5,teacher_entropy=0.2",1,0,0,0,1.0,0.1822467672413793,0.014006702528949755,0.75,1.7768919467926025,0.00704779801890254,0,0,15,15,-1,0.0,0.16666666666666663,0,0.0,0.0,0.0,0.0,1,confirmed_streak,0,5,0,overconfident,0.95,0,mild_drift,0.9400648193547004,0.0013903198239841826,0.38064575200003736,0.7548388672250392,1767842103.4395485,1.7386201620101929,0.02802342176437378
88,22528,22527,INSECTS_abrupt_balanced,insects_real,ts_drift_adapt_severity,9,"error_divergence_ph_meta@error.threshold=0.05,error.min_instances=5",error_divergence_ph_meta,"{""divergence"": {""alpha"": 0.1, ""delta"": 0.005, ""min_instances"": 30, ""threshold"": 0.05}, ""error_rate"": {""alpha"": 0.15, ""delta"": 0.005, ""min_instances"": 5, ""threshold"": 0.05}}","{""error_rate"": {""min_instances"": 5, ""threshold"": 0.05}}",0.05,0.005,0.15,5,0.05,0.005,0.1,30,,,,-1,two_stage,2,0.5,"confirm_cooldown=200,divergence=0.3,error_rate=0.5,teacher_entropy=0.2",1,0,0,0,1.0,0.18421519886363635,0.015950055695424115,0.5833333333333334,1.7777466773986816,0.008279748260974884,0,0,15,15,-1,0.0,0.16666666666666663,0,0.0,0.0,0.0,0.0,1,confirmed_streak,0,5,0,overconfident,0.95,0,mild_drift,0.9450324096773501,0.0013451599119920915,0.3903228760000187,0.7574194336125196,1767842103.4501417,1.6340056657791138,0.032986924052238464
89,22784,22783,INSECTS_abrupt_balanced,insects_real,ts_drift_adapt_severity,9,"error_divergence_ph_meta@error.threshold=0.05,error.min_instances=5",error_divergence_ph_meta,"{""divergence"": {""alpha"": 0.1, ""delta"": 0.005, ""min_instances"": 30, ""threshold"": 0.05}, ""error_rate"": {""alpha"": 0.15, ""delta"": 0.005, ""min_instances"": 5, ""threshold"": 0.05}}","{""error_rate"": {""min_instances"": 5, ""threshold"": 0.05}}",0.05,0.005,0.15,5,0.05,0.005,0.1,30,,,,-1,two_stage,2,0.5,"confirm_cooldown=200,divergence=0.3,error_rate=0.5,teacher_entropy=0.2",1,0,0,0,1.0,0.18600772471910113,0.01750191063032232,0.4166666666666667,1.7778047323226929,0.009402853436768055,0,0,15,15,-1,0.0,0.16666666666666669,0,0.0,0.0,0.0,0.0,1,confirmed_streak,0,5,0,overconfident,0.95,0,mild_drift,0.947516204838675,0.0013225799559960457,0.39516143800000936,0.7587097168062598,1767842103.4608748,1.5127722024917603,0.037437938153743744
90,23040,23039,INSECTS_abrupt_balanced,insects_real,ts_drift_adapt_severity,9,"error_divergence_ph_meta@error.threshold=0.05,error.min_instances=5",error_divergence_ph_meta,"{""divergence"": {""alpha"": 0.1, ""delta"": 0.005, ""min_instances"": 30, ""threshold"": 0.05}, ""error_rate"": {""alpha"": 0.15, ""delta"": 0.005, ""min_instances"": 5, ""threshold"": 0.05}}","{""error_rate"": {""min_instances"": 5, ""threshold"": 0.05}}",0.05,0.005,0.15,5,0.05,0.005,0.1,30,,,,-1,two_stage,2,0.5,"confirm_cooldown=200,divergence=0.3,error_rate=0.5,teacher_entropy=0.2",1,0,0,0,1.0,0.18680555555555556,0.017931264581565208,0.6666666666666666,1.777687907218933,0.011173277162015438,1,1,16,16,0,0.25,0.24999999999999994,1,0.5,-0.0549273900357365,0.0,0.0,1,confirmed_streak,0,5,1,overconfident,0.95,0,severe_drift,0.9102581024193375,0.0016612899779980229,0.3225807190000047,0.73935485840313,1767842103.4719021,1.5857863426208496,0.044495467096567154
91,23296,23295,INSECTS_abrupt_balanced,insects_real,ts_drift_adapt_severity,9,"error_divergence_ph_meta@error.threshold=0.05,error.min_instances=5",error_divergence_ph_meta,"{""divergence"": {""alpha"": 0.1, ""delta"": 0.005, ""min_instances"": 30, ""threshold"": 0.05}, ""error_rate"": {""alpha"": 0.15, ""delta"": 0.005, ""min_instances"": 5, ""threshold"": 0.05}}","{""error_rate"": {""min_instances"": 5, ""threshold"": 0.05}}",0.05,0.005,0.15,5,0.05,0.005,0.1,30,,,,-1,two_stage,2,0.5,"confirm_cooldown=200,divergence=0.3,error_rate=0.5,teacher_entropy=0.2",1,0,0,0,1.0,0.1873282967032967,0.01821070523109305,0.8333333333333334,1.7767291069030762,0.012491041794419289,0,0,16,16,-1,0.0,0.16666666666666674,0,0.0,0.0,0.0,0.0,1,confirmed_streak,0,5,0,overconfident,0.95,0,mild_drift,0.9301290512096687,0.0014806449889990115,0.3612903595000023,0.749677429201565,1767842103.4826043,1.6888036727905273,0.0497516505420208
92,23552,23551,INSECTS_abrupt_balanced,insects_real,ts_drift_adapt_severity,9,"error_divergence_ph_meta@error.threshold=0.05,error.min_instances=5",error_divergence_ph_meta,"{""divergence"": {""alpha"": 0.1, ""delta"": 0.005, ""min_instances"": 30, ""threshold"": 0.05}, ""error_rate"": {""alpha"": 0.15, ""delta"": 0.005, ""min_instances"": 5, ""threshold"": 0.05}}","{""error_rate"": {""min_instances"": 5, ""threshold"": 0.05}}",0.05,0.005,0.15,5,0.05,0.005,0.1,30,,,,-1,two_stage,2,0.5,"confirm_cooldown=200,divergence=0.3,error_rate=0.5,teacher_entropy=0.2",1,0,0,0,1.0,0.18894361413043478,0.019481075186778513,0.8333333333333334,1.776983380317688,0.013285109773278236,0,0,16,16,-1,0.0,0.0007940679788589478,0,0.0,0.0,0.0,0.0,1,confirmed_streak,0,5,0,overconfident,0.95,0,mild_drift,0.9400645256048343,0.0013903224944995058,0.3806451797500012,0.7548387146007824,1767842103.493219,1.6838477849960327,0.05329151451587677
93,23808,23807,INSECTS_abrupt_balanced,insects_real,ts_drift_adapt_severity,9,"error_divergence_ph_meta@error.threshold=0.05,error.min_instances=5",error_divergence_ph_meta,"{""divergence"": {""alpha"": 0.1, ""delta"": 0.005, ""min_instances"": 30, ""threshold"": 0.05}, ""error_rate"": {""alpha"": 0.15, ""delta"": 0.005, ""min_instances"": 5, ""threshold"": 0.05}}","{""error_rate"": {""min_instances"": 5, ""threshold"": 0.05}}",0.05,0.005,0.15,5,0.05,0.005,0.1,30,,,,-1,two_stage,2,0.5,"confirm_cooldown=200,divergence=0.3,error_rate=0.5,teacher_entropy=0.2",1,0,0,0,1.0,0.19023017473118278,0.020606651877917978,0.75,1.7746962308883667,0.013019387610256672,0,0,16,16,-1,0.0,0.08333333333333337,0,0.0,0.0,0.0,0.0,1,confirmed_streak,0,5,0,overconfident,0.95,0,mild_drift,0.9450322628024171,0.0013451612472497529,0.39032258987500057,0.7574193573003912,1767842103.5039144,1.5686732530593872,0.05264968425035477
94,24064,24063,INSECTS_abrupt_balanced,insects_real,ts_drift_adapt_severity,9,"error_divergence_ph_meta@error.threshold=0.05,error.min_instances=5",error_divergence_ph_meta,"{""divergence"": {""alpha"": 0.1, ""delta"": 0.005, ""min_instances"": 30, ""threshold"": 0.05}, ""error_rate"": {""alpha"": 0.15, ""delta"": 0.005, ""min_instances"": 5, ""threshold"": 0.05}}","{""error_rate"": {""min_instances"": 5, ""threshold"": 0.05}}",0.05,0.005,0.15,5,0.05,0.005,0.1,30,,,,-1,two_stage,2,0.5,"confirm_cooldown=200,divergence=0.3,error_rate=0.5,teacher_entropy=0.2",1,0,0,0,1.0,0.19161402925531915,0.021715072311962867,0.75,1.774200201034546,0.014401738531887531,0,0,16,16,-1,0.0,0.0013823509216308594,0,0.0,0.0,0.0,0.0,1,confirmed_streak,0,5,0,overconfident,0.95,0,mild_drift,0.9475161314012086,0.0013225806236248764,0.3951612949375003,0.7587096786501957,1767842103.5152519,1.5771058797836304,0.05828806385397911
95,24320,24319,INSECTS_abrupt_balanced,insects_real,ts_drift_adapt_severity,9,"error_divergence_ph_meta@error.threshold=0.05,error.min_instances=5",error_divergence_ph_meta,"{""divergence"": {""alpha"": 0.1, ""delta"": 0.005, ""min_instances"": 30, ""threshold"": 0.05}, ""error_rate"": {""alpha"": 0.15, ""delta"": 0.005, ""min_instances"": 5, ""threshold"": 0.05}}","{""error_rate"": {""min_instances"": 5, ""threshold"": 0.05}}",0.05,0.005,0.15,5,0.05,0.005,0.1,30,,,,-1,two_stage,2,0.5,"confirm_cooldown=200,divergence=0.3,error_rate=0.5,teacher_entropy=0.2",1,0,0,0,1.0,0.19276315789473683,0.022619614758585815,0.4166666666666667,1.7712798118591309,0.015077563002705574,1,1,17,17,0,0.24999999999999994,0.3333333333333333,1,0.5,-0.05350844385377818,0.0,0.0,1,confirmed_streak,0,5,1,overconfident,0.95,0,severe_drift,0.9102580657006043,0.0016612903118124382,0.32258064746875015,0.7393548393250979,1767842103.5262978,1.4698313474655151,0.0613190233707428
96,24576,24575,INSECTS_abrupt_balanced,insects_real,ts_drift_adapt_severity,9,"error_divergence_ph_meta@error.threshold=0.05,error.min_instances=5",error_divergence_ph_meta,"{""divergence"": {""alpha"": 0.1, ""delta"": 0.005, ""min_instances"": 30, ""threshold"": 0.05}, ""error_rate"": {""alpha"": 0.15, ""delta"": 0.005, ""min_instances"": 5, ""threshold"": 0.05}}","{""error_rate"": {""min_instances"": 5, ""threshold"": 0.05}}",0.05,0.005,0.15,5,0.05,0.005,0.1,30,,,,-1,two_stage,2,0.5,"confirm_cooldown=200,divergence=0.3,error_rate=0.5,teacher_entropy=0.2",1,0,0,0,1.0,0.19364420572916666,0.023224525379135948,0.5,1.7695069313049316,0.015885155647993088,0,0,17,17,-1,0.0,0.08333333333333331,0,0.0,0.0,0.0,0.0,1,confirmed_streak,0,5,0,overconfident,0.95,0,mild_drift,0.9301290328503021,0.0014806451559062192,0.3612903237343751,0.749677419662549,1767842103.5374563,1.4159750938415527,0.06483548134565353
97,24832,24831,INSECTS_abrupt_balanced,insects_real,ts_drift_adapt_severity,9,"error_divergence_ph_meta@error.threshold=0.05,error.min_instances=5",error_divergence_ph_meta,"{""divergence"": {""alpha"": 0.1, ""delta"": 0.005, ""min_instances"": 30, ""threshold"": 0.05}, ""error_rate"": {""alpha"": 0.15, ""delta"": 0.005, ""min_instances"": 5, ""threshold"": 0.05}}","{""error_rate"": {""min_instances"": 5, ""threshold"": 0.05}}",0.05,0.005,0.15,5,0.05,0.005,0.1,30,,,,-1,two_stage,2,0.5,"confirm_cooldown=200,divergence=0.3,error_rate=0.5,teacher_entropy=0.2",1,0,0,0,1.0,0.19462789948453607,0.024014275731274685,0.5833333333333334,1.763797640800476,0.015968549996614456,0,0,17,17,-1,0.0,0.08333333333333337,0,0.0,0.0,0.0,0.0,1,confirmed_streak,0,5,0,overconfident,0.95,0,mild_drift,0.9400645164251511,0.0013903225779531097,0.38064516186718755,0.7548387098312745,1767842103.5485477,1.5722230672836304,0.06535869091749191
98,25088,25087,INSECTS_abrupt_balanced,insects_real,ts_drift_adapt_severity,9,"error_divergence_ph_meta@error.threshold=0.05,error.min_instances=5",error_divergence_ph_meta,"{""divergence"": {""alpha"": 0.1, ""delta"": 0.005, ""min_instances"": 30, ""threshold"": 0.05}, ""error_rate"": {""alpha"": 0.15, ""delta"": 0.005, ""min_instances"": 5, ""threshold"": 0.05}}","{""error_rate"": {""min_instances"": 5, ""threshold"": 0.05}}",0.05,0.005,0.15,5,0.05,0.005,0.1,30,,,,-1,two_stage,2,0.5,"confirm_cooldown=200,divergence=0.3,error_rate=0.5,teacher_entropy=0.2",1,0,0,0,1.0,0.19563137755102042,0.02486817304700466,0.9166666666666666,1.7602441310882568,0.01540393941104412,0,0,17,17,-1,0.0,0.33333333333333326,0,0.0,0.0,0.0,0.0,1,confirmed_streak,0,5,0,overconfident,0.95,0,mild_drift,0.9450322582125755,0.001345161288976555,0.3903225809335938,0.7574193549156373,1767842103.5591137,1.7589612007141113,0.06315778195858002
99,25344,25343,INSECTS_abrupt_balanced,insects_real,ts_drift_adapt_severity,9,"error_divergence_ph_meta@error.threshold=0.05,error.min_instances=5",error_divergence_ph_meta,"{""divergence"": {""alpha"": 0.1, ""delta"": 0.005, ""min_instances"": 30, ""threshold"": 0.05}, ""error_rate"": {""alpha"": 0.15, ""delta"": 0.005, ""min_instances"": 5, ""threshold"": 0.05}}","{""error_rate"": {""min_instances"": 5, ""threshold"": 0.05}}",0.05,0.005,0.15,5,0.05,0.005,0.1,30,,,,-1,two_stage,2,0.5,"confirm_cooldown=200,divergence=0.3,error_rate=0.5,teacher_entropy=0.2",1,0,0,0,1.0,0.1970486111111111,0.026099756618033182,0.9166666666666666,1.7554681301116943,0.01622849889099598,0,0,17,17,-1,0.0,0.0008245594799518585,0,0.0,0.0,0.0,0.0,1,confirmed_streak,0,5,0,overconfident,0.95,0,mild_drift,0.9475161291062877,0.0013225806444882777,0.39516129046679693,0.7587096774578186,1767842103.5701602,1.7159606218338013,0.06671012192964554
100,25600,25599,INSECTS_abrupt_balanced,insects_real,ts_drift_adapt_severity,9,"error_divergence_ph_meta@error.threshold=0.05,error.min_instances=5",error_divergence_ph_meta,"{""divergence"": {""alpha"": 0.1, ""delta"": 0.005, ""min_instances"": 30, ""threshold"": 0.05}, ""error_rate"": {""alpha"": 0.15, ""delta"": 0.005, ""min_instances"": 5, ""threshold"": 0.05}}","{""error_rate"": {""min_instances"": 5, ""threshold"": 0.05}}",0.05,0.005,0.15,5,0.05,0.005,0.1,30,,,,-1,two_stage,2,0.5,"confirm_cooldown=200,divergence=0.3,error_rate=0.5,teacher_entropy=0.2",1,0,0,0,1.0,0.1980859375,0.02690976418843203,0.75,1.7522687911987305,0.0156349316239357,1,1,18,18,0,0.3333333333333333,0.16666666666666663,1,0.5,-0.05317075466725763,0.0,0.0,1,confirmed_streak,0,5,1,overconfident,0.95,0,severe_drift,0.9102580645531438,0.0016612903222441389,0.32258064523339847,0.7393548387289093,1767842103.5813925,1.5443183183670044,0.06458064168691635
101,25856,25855,INSECTS_abrupt_balanced,insects_real,ts_drift_adapt_severity,9,"error_divergence_ph_meta@error.threshold=0.05,error.min_instances=5",error_divergence_ph_meta,"{""divergence"": {""alpha"": 0.1, ""delta"": 0.005, ""min_instances"": 30, ""threshold"": 0.05}, ""error_rate"": {""alpha"": 0.15, ""delta"": 0.005, ""min_instances"": 5, ""threshold"": 0.05}}","{""error_rate"": {""min_instances"": 5, ""threshold"": 0.05}}",0.05,0.005,0.15,5,0.05,0.005,0.1,30,,,,-1,two_stage,2,0.5,"confirm_cooldown=200,divergence=0.3,error_rate=0.5,teacher_entropy=0.2",1,0,0,0,1.0,0.19921875,0.027808593991222614,0.6666666666666666,1.74589204788208,0.015107466839253902,0,0,18,18,-1,0.0,0.08333333333333337,0,0.0,0.0,0.0,0.0,1,confirmed_streak,0,5,0,overconfident,0.95,0,mild_drift,0.9301290322765718,0.0014806451611220695,0.36129032261669924,0.7496774193644546,1767842103.592202,1.5661468505859375,0.062394943088293076
102,26112,26111,INSECTS_abrupt_balanced,insects_real,ts_drift_adapt_severity,9,"error_divergence_ph_meta@error.threshold=0.05,error.min_instances=5",error_divergence_ph_meta,"{""divergence"": {""alpha"": 0.1, ""delta"": 0.005, ""min_instances"": 30, ""threshold"": 0.05}, ""error_rate"": {""alpha"": 0.15, ""delta"": 0.005, ""min_instances"": 5, ""threshold"": 0.05}}","{""error_rate"": {""min_instances"": 5, ""threshold"": 0.05}}",0.05,0.005,0.15,5,0.05,0.005,0.1,30,,,,-1,two_stage,2,0.5,"confirm_cooldown=200,divergence=0.3,error_rate=0.5,teacher_entropy=0.2",1,0,0,0,1.0,0.20002297794117646,0.028224006425363296,0.5,1.7377060651779175,0.01377829723060131,0,0,18,18,-1,0.0,0.16666666666666663,0,0.0,0.0,0.0,0.0,1,confirmed_streak,0,5,0,overconfident,0.95,0,mild_drift,0.9400645161382859,0.0013903225805610348,0.38064516130834963,0.7548387096822273,1767842103.6028774,1.4448271989822388,0.05709092691540718
103,26368,26367,INSECTS_abrupt_balanced,insects_real,ts_drift_adapt_severity,9,"error_divergence_ph_meta@error.threshold=0.05,error.min_instances=5",error_divergence_ph_meta,"{""divergence"": {""alpha"": 0.1, ""delta"": 0.005, ""min_instances"": 30, ""threshold"": 0.05}, ""error_rate"": {""alpha"": 0.15, ""delta"": 0.005, ""min_instances"": 5, ""threshold"": 0.05}}","{""error_rate"": {""min_instances"": 5, ""threshold"": 0.05}}",0.05,0.005,0.15,5,0.05,0.005,0.1,30,,,,-1,two_stage,2,0.5,"confirm_cooldown=200,divergence=0.3,error_rate=0.5,teacher_entropy=0.2",1,0,0,0,1.0,0.20069781553398058,0.02849359984905439,1.0,1.7313567399978638,0.013593572191894054,0,0,18,18,-1,0.0,0.5,0,0.0,0.0,0.0,0.0,1,confirmed_streak,0,5,0,overconfident,0.95,0,mild_drift,0.9450322580691429,0.0013451612902805176,0.3903225806541748,0.7574193548411137,1767842103.6137137,1.8242930173873901,0.05632175877690315
104,26624,26623,INSECTS_abrupt_balanced,insects_real,ts_drift_adapt_severity,9,"error_divergence_ph_meta@error.threshold=0.05,error.min_instances=5",error_divergence_ph_meta,"{""divergence"": {""alpha"": 0.1, ""delta"": 0.005, ""min_instances"": 30, ""threshold"": 0.05}, ""error_rate"": {""alpha"": 0.15, ""delta"": 0.005, ""min_instances"": 5, ""threshold"": 0.05}}","{""error_rate"": {""min_instances"": 5, ""threshold"": 0.05}}",0.05,0.005,0.15,5,0.05,0.005,0.1,30,,,,-1,two_stage,2,0.5,"confirm_cooldown=200,divergence=0.3,error_rate=0.5,teacher_entropy=0.2",1,0,0,0,1.0,0.20135967548076922,0.0288375504325039,0.9166666666666666,1.7258621454238892,0.012471276335418224,0,0,18,18,-1,0.0,0.08333333333333337,0,0.0,0.0,0.0,0.0,1,confirmed_streak,0,5,0,overconfident,0.95,0,mild_drift,0.9475161290345715,0.0013225806451402588,0.3951612903270874,0.7587096774205568,1767842103.6242933,1.6180180311203003,0.05166540667414665
105,26880,26879,INSECTS_abrupt_balanced,insects_real,ts_drift_adapt_severity,9,"error_divergence_ph_meta@error.threshold=0.05,error.min_instances=5",error_divergence_ph_meta,"{""divergence"": {""alpha"": 0.1, ""delta"": 0.005, ""min_instances"": 30, ""threshold"": 0.05}, ""error_rate"": {""alpha"": 0.15, ""delta"": 0.005, ""min_instances"": 5, ""threshold"": 0.05}}","{""error_rate"": {""min_instances"": 5, ""threshold"": 0.05}}",0.05,0.005,0.15,5,0.05,0.005,0.1,30,,,,-1,two_stage,2,0.5,"confirm_cooldown=200,divergence=0.3,error_rate=0.5,teacher_entropy=0.2",1,0,0,0,1.0,0.20208333333333334,0.029192727416159043,1.0,1.7234786748886108,0.011569724418222904,1,1,19,19,0,0.25,0.08333333333333337,1,0.5,0.04564137268480771,0.022820686342403855,0.0,1,confirmed_streak,0,5,1,overconfident,0.95,0,severe_drift,0.9102580645172857,0.0016612903225701294,0.3225806451635437,0.7393548387102784,1767842103.6349893,1.6050463914871216,0.04815440997481346
106,27136,27135,INSECTS_abrupt_balanced,insects_real,ts_drift_adapt_severity,9,"error_divergence_ph_meta@error.threshold=0.05,error.min_instances=5",error_divergence_ph_meta,"{""divergence"": {""alpha"": 0.1, ""delta"": 0.005, ""min_instances"": 30, ""threshold"": 0.05}, ""error_rate"": {""alpha"": 0.15, ""delta"": 0.005, ""min_instances"": 5, ""threshold"": 0.05}}","{""error_rate"": {""min_instances"": 5, ""threshold"": 0.05}}",0.05,0.005,0.15,5,0.05,0.005,0.1,30,,,,-1,two_stage,2,0.5,"confirm_cooldown=200,divergence=0.3,error_rate=0.5,teacher_entropy=0.2",1,0,0,0,1.0,0.20286704009433962,0.029591865350671497,0.6666666666666666,1.7148414850234985,0.00982449296861887,0,0,19,19,-1,0.0,0.33333333333333337,0,0.0,0.0,0.0,0.0,1,confirmed_streak,0,5,0,overconfident,0.95,0,mild_drift,0.9301290322586429,0.0014806451612850648,0.36129032258177185,0.7496774193551392,1767842103.645952,1.6250381469726562,0.04087433964014053
107,27392,27391,INSECTS_abrupt_balanced,insects_real,ts_drift_adapt_severity,9,"error_divergence_ph_meta@error.threshold=0.05,error.min_instances=5",error_divergence_ph_meta,"{""divergence"": {""alpha"": 0.1, ""delta"": 0.005, ""min_instances"": 30, ""threshold"": 0.05}, ""error_rate"": {""alpha"": 0.15, ""delta"": 0.005, ""min_instances"": 5, ""threshold"": 0.05}}","{""error_rate"": {""min_instances"": 5, ""threshold"": 0.05}}",0.05,0.005,0.15,5,0.05,0.005,0.1,30,,,,-1,two_stage,2,0.5,"confirm_cooldown=200,divergence=0.3,error_rate=0.5,teacher_entropy=0.2",1,0,0,0,1.0,0.20363609813084113,0.029956520238380156,0.5833333333333334,1.7068555355072021,0.008133521303534508,0,0,19,19,-1,0.0,0.08333333333333326,0,0.0,0.0,0.0,0.0,1,confirmed_streak,0,5,0,overconfident,0.95,0,mild_drift,0.9400645161293214,0.0013903225806425326,0.38064516129088594,0.7548387096775696,1767842103.6567376,1.3987241983413696,0.034130681306123734
108,27648,27647,INSECTS_abrupt_balanced,insects_real,ts_drift_adapt_severity,9,"error_divergence_ph_meta@error.threshold=0.05,error.min_instances=5",error_divergence_ph_meta,"{""divergence"": {""alpha"": 0.1, ""delta"": 0.005, ""min_instances"": 30, ""threshold"": 0.05}, ""error_rate"": {""alpha"": 0.15, ""delta"": 0.005, ""min_instances"": 5, ""threshold"": 0.05}}","{""error_rate"": {""min_instances"": 5, ""threshold"": 0.05}}",0.05,0.005,0.15,5,0.05,0.005,0.1,30,,,,-1,two_stage,2,0.5,"confirm_cooldown=200,divergence=0.3,error_rate=0.5,teacher_entropy=0.2",1,0,0,0,1.0,0.20446325231481483,0.03037766594187827,0.6666666666666666,1.6986281871795654,0.007542788982391357,0,0,19,19,-1,0.0,0.08333333333333326,0,0.0,0.0,0.0,0.0,1,confirmed_streak,0,5,0,overconfident,0.95,0,mild_drift,0.9450322580646606,0.0013451612903212663,0.390322580645443,0.7574193548387849,1767842103.6673927,1.4009166955947876,0.03169234097003937
109,27904,27903,INSECTS_abrupt_balanced,insects_real,ts_drift_adapt_severity,9,"error_divergence_ph_meta@error.threshold=0.05,error.min_instances=5",error_divergence_ph_meta,"{""divergence"": {""alpha"": 0.1, ""delta"": 0.005, ""min_instances"": 30, ""threshold"": 0.05}, ""error_rate"": {""alpha"": 0.15, ""delta"": 0.005, ""min_instances"": 5, ""threshold"": 0.05}}","{""error_rate"": {""min_instances"": 5, ""threshold"": 0.05}}",0.05,0.005,0.15,5,0.05,0.005,0.1,30,,,,-1,two_stage,2,0.5,"confirm_cooldown=200,divergence=0.3,error_rate=0.5,teacher_entropy=0.2",1,0,0,0,1.0,0.20545441513761467,0.030955812065950574,0.6666666666666666,1.6959235668182373,0.007348048035055399,0,0,19,19,-1,0.0,0.00019474094733595848,0,0.0,0.0,0.0,0.0,1,confirmed_streak,0,5,0,overconfident,0.95,0,mild_drift,0.9475161290323303,0.001322580645160633,0.3951612903227215,0.7587096774193924,1767842103.678573,1.56364107131958,0.03077903389930725
110,28160,28159,INSECTS_abrupt_balanced,insects_real,ts_drift_adapt_severity,9,"error_divergence_ph_meta@error.threshold=0.05,error.min_instances=5",error_divergence_ph_meta,"{""divergence"": {""alpha"": 0.1, ""delta"": 0.005, ""min_instances"": 30, ""threshold"": 0.05}, ""error_rate"": {""alpha"": 0.15, ""delta"": 0.005, ""min_instances"": 5, ""threshold"": 0.05}}","{""error_rate"": {""min_instances"": 5, ""threshold"": 0.05}}",0.05,0.005,0.15,5,0.05,0.005,0.1,30,,,,-1,two_stage,2,0.5,"confirm_cooldown=200,divergence=0.3,error_rate=0.5,teacher_entropy=0.2",1,0,0,0,1.0,0.2037997159090909,0.029452312862356667,1.0,1.6921979188919067,0.006524197291582823,1,1,20,20,0,0.0,0.33333333333333337,1,0.5,0.05174519835704539,0.025872599178522696,0.0,1,confirmed_streak,0,5,1,overconfident,0.95,0,stable,0.9687580645161651,0.0010612903225803165,0.44758064516136076,0.7993548387096963,1767842103.6894052,2.7771966457366943,0.027437254786491394
111,28416,28415,INSECTS_abrupt_balanced,insects_real,ts_drift_adapt_severity,9,"error_divergence_ph_meta@error.threshold=0.05,error.min_instances=5",error_divergence_ph_meta,"{""divergence"": {""alpha"": 0.1, ""delta"": 0.005, ""min_instances"": 30, ""threshold"": 0.05}, ""error_rate"": {""alpha"": 0.15, ""delta"": 0.005, ""min_instances"": 5, ""threshold"": 0.05}}","{""error_rate"": {""min_instances"": 5, ""threshold"": 0.05}}",0.05,0.005,0.15,5,0.05,0.005,0.1,30,,,,-1,two_stage,2,0.5,"confirm_cooldown=200,divergence=0.3,error_rate=0.5,teacher_entropy=0.2",1,0,0,0,1.0,0.20199887387387389,0.02799648435759127,1.0,1.6887118816375732,0.005804093088954687,0,0,20,20,-1,0.0,0.0007201042026281357,0,0.0,0.0,0.0,0.0,1,confirmed_streak,0,5,0,overconfident,0.95,0,mild_drift,0.9593790322580825,0.0011806451612901584,0.4237903225806804,0.7796774193548481,1767842103.7005997,2.6245381832122803,0.02422836236655712
112,28672,28671,INSECTS_abrupt_balanced,insects_real,ts_drift_adapt_severity,9,"error_divergence_ph_meta@error.threshold=0.05,error.min_instances=5",error_divergence_ph_meta,"{""divergence"": {""alpha"": 0.1, ""delta"": 0.005, ""min_instances"": 30, ""threshold"": 0.05}, ""error_rate"": {""alpha"": 0.15, ""delta"": 0.005, ""min_instances"": 5, ""threshold"": 0.05}}","{""error_rate"": {""min_instances"": 5, ""threshold"": 0.05}}",0.05,0.005,0.15,5,0.05,0.005,0.1,30,,,,-1,two_stage,2,0.5,"confirm_cooldown=200,divergence=0.3,error_rate=0.5,teacher_entropy=0.2",1,0,0,0,1.0,0.20026506696428573,0.026717983005795552,1.0,1.684743046760559,0.004955419804900885,0,0,20,20,-1,0.0,0.0008486732840538025,0,0.0,0.0,0.0,0.0,1,confirmed_streak,0,5,0,overconfident,0.95,0,mild_drift,0.9546895161290412,0.0012403225806450792,0.4118951612903402,0.7698387096774241,1767842103.711995,2.7256104946136475,0.02056226134300232
113,28928,28927,INSECTS_abrupt_balanced,insects_real,ts_drift_adapt_severity,9,"error_divergence_ph_meta@error.threshold=0.05,error.min_instances=5",error_divergence_ph_meta,"{""divergence"": {""alpha"": 0.1, ""delta"": 0.005, ""min_instances"": 30, ""threshold"": 0.05}, ""error_rate"": {""alpha"": 0.15, ""delta"": 0.005, ""min_instances"": 5, ""threshold"": 0.05}}","{""error_rate"": {""min_instances"": 5, ""threshold"": 0.05}}",0.05,0.005,0.15,5,0.05,0.005,0.1,30,,,,-1,two_stage,2,0.5,"confirm_cooldown=200,divergence=0.3,error_rate=0.5,teacher_entropy=0.2",1,0,0,0,1.0,0.19849280973451328,0.02527932871690375,1.0,1.6837950944900513,0.0037598724011331797,0,0,20,20,-1,0.0,0.001195547403767705,0,0.0,0.0,0.0,0.0,1,confirmed_streak,0,5,0,overconfident,0.95,0,mild_drift,0.9523447580645206,0.0012701612903225396,0.4059475806451701,0.7649193548387121,1767842103.7228854,2.7076704502105713,0.015524483285844326
114,29184,29183,INSECTS_abrupt_balanced,insects_real,ts_drift_adapt_severity,9,"error_divergence_ph_meta@error.threshold=0.05,error.min_instances=5",error_divergence_ph_meta,"{""divergence"": {""alpha"": 0.1, ""delta"": 0.005, ""min_instances"": 30, ""threshold"": 0.05}, ""error_rate"": {""alpha"": 0.15, ""delta"": 0.005, ""min_instances"": 5, ""threshold"": 0.05}}","{""error_rate"": {""min_instances"": 5, ""threshold"": 0.05}}",0.05,0.005,0.15,5,0.05,0.005,0.1,30,,,,-1,two_stage,2,0.5,"confirm_cooldown=200,divergence=0.3,error_rate=0.5,teacher_entropy=0.2",1,0,0,0,1.0,0.19682017543859648,0.02402857029111936,1.0,1.6831555366516113,0.0028814291581511497,0,0,20,20,-1,0.0,0.0008784432429820299,0,0.0,0.0,0.0,0.0,1,confirmed_streak,0,5,0,overconfident,0.95,0,mild_drift,0.9511723790322603,0.00128508064516127,0.40297379032258507,0.762459677419356,1767842103.733849,2.3819992542266846,0.011787797324359417
115,29440,29439,INSECTS_abrupt_balanced,insects_real,ts_drift_adapt_severity,9,"error_divergence_ph_meta@error.threshold=0.05,error.min_instances=5",error_divergence_ph_meta,"{""divergence"": {""alpha"": 0.1, ""delta"": 0.005, ""min_instances"": 30, ""threshold"": 0.05}, ""error_rate"": {""alpha"": 0.15, ""delta"": 0.005, ""min_instances"": 5, ""threshold"": 0.05}}","{""error_rate"": {""min_instances"": 5, ""threshold"": 0.05}}",0.05,0.005,0.15,5,0.05,0.005,0.1,30,,,,-1,two_stage,2,0.5,"confirm_cooldown=200,divergence=0.3,error_rate=0.5,teacher_entropy=0.2",1,0,0,0,1.0,0.19510869565217392,0.02270319201031801,1.0,1.680969476699829,0.0023238614667207003,0,0,20,20,-1,0.0,0.0005575676914304495,0,0.0,0.0,0.0,0.0,1,confirmed_streak,0,5,0,overconfident,0.95,0,mild_drift,0.95058618951613,0.001292540322580635,0.40148689516129255,0.7612298387096781,1767842103.7451031,2.6680305004119873,0.009401866234838963
116,29696,29695,INSECTS_abrupt_balanced,insects_real,ts_drift_adapt_severity,9,"error_divergence_ph_meta@error.threshold=0.05,error.min_instances=5",error_divergence_ph_meta,"{""divergence"": {""alpha"": 0.1, ""delta"": 0.005, ""min_instances"": 30, ""threshold"": 0.05}, ""error_rate"": {""alpha"": 0.15, ""delta"": 0.005, ""min_instances"": 5, ""threshold"": 0.05}}","{""error_rate"": {""min_instances"": 5, ""threshold"": 0.05}}",0.05,0.005,0.15,5,0.05,0.005,0.1,30,,,,-1,two_stage,2,0.5,"confirm_cooldown=200,divergence=0.3,error_rate=0.5,teacher_entropy=0.2",1,0,0,0,1.0,0.19342672413793102,0.02143409986043738,1.0,1.684182047843933,0.0019156503258273005,0,0,20,20,-1,0.0,0.0004082111408933997,0,0.0,0.0,0.0,0.0,1,confirmed_streak,0,5,0,overconfident,0.95,0,mild_drift,0.950293094758065,0.0012962701612903174,0.4007434475806463,0.760614919354839,1767842103.7561107,2.451594114303589,0.0076868110336363316
117,29952,29951,INSECTS_abrupt_balanced,insects_real,ts_drift_adapt_severity,9,"error_divergence_ph_meta@error.threshold=0.05,error.min_instances=5",error_divergence_ph_meta,"{""divergence"": {""alpha"": 0.1, ""delta"": 0.005, ""min_instances"": 30, ""threshold"": 0.05}, ""error_rate"": {""alpha"": 0.15, ""delta"": 0.005, ""min_instances"": 5, ""threshold"": 0.05}}","{""error_rate"": {""min_instances"": 5, ""threshold"": 0.05}}",0.05,0.005,0.15,5,0.05,0.005,0.1,30,,,,-1,two_stage,2,0.5,"confirm_cooldown=200,divergence=0.3,error_rate=0.5,teacher_entropy=0.2",1,0,0,0,1.0,0.1919070512820513,0.020360093417901105,1.0,1.681833028793335,0.0023309446405619383,0,0,20,20,-1,0.0,0.00041529431473463774,0,0.0,0.0,0.0,0.0,1,confirmed_streak,0,5,0,overconfident,0.95,0,mild_drift,0.9501465473790325,0.0012981350806451587,0.40037172379032315,0.7603074596774195,1767842103.7667396,2.1405413150787354,0.009299510158598423
118,30208,30207,INSECTS_abrupt_balanced,insects_real,ts_drift_adapt_severity,9,"error_divergence_ph_meta@error.threshold=0.05,error.min_instances=5",error_divergence_ph_meta,"{""divergence"": {""alpha"": 0.1, ""delta"": 0.005, ""min_instances"": 30, ""threshold"": 0.05}, ""error_rate"": {""alpha"": 0.15, ""delta"": 0.005, ""min_instances"": 5, ""threshold"": 0.05}}","{""error_rate"": {""min_instances"": 5, ""threshold"": 0.05}}",0.05,0.005,0.15,5,0.05,0.005,0.1,30,,,,-1,two_stage,2,0.5,"confirm_cooldown=200,divergence=0.3,error_rate=0.5,teacher_entropy=0.2",1,0,0,0,1.0,0.1903469279661017,0.019275719102683688,1.0,1.6841081380844116,0.0029385641682893038,0,0,20,20,-1,0.0,0.0006076195277273655,0,0.0,0.0,0.0,0.0,1,confirmed_streak,0,5,0,overconfident,0.95,0,mild_drift,0.9500732736895162,0.0012990675403225793,0.4001858618951616,0.7601537298387098,1767842103.7777035,2.312326669692993,0.011638677679002285
119,30464,30463,INSECTS_abrupt_balanced,insects_real,ts_drift_adapt_severity,9,"error_divergence_ph_meta@error.threshold=0.05,error.min_instances=5",error_divergence_ph_meta,"{""divergence"": {""alpha"": 0.1, ""delta"": 0.005, ""min_instances"": 30, ""threshold"": 0.05}, ""error_rate"": {""alpha"": 0.15, ""delta"": 0.005, ""min_instances"": 5, ""threshold"": 0.05}}","{""error_rate"": {""min_instances"": 5, ""threshold"": 0.05}}",0.05,0.005,0.15,5,0.05,0.005,0.1,30,,,,-1,two_stage,2,0.5,"confirm_cooldown=200,divergence=0.3,error_rate=0.5,teacher_entropy=0.2",1,0,0,0,1.0,0.18874737394957983,0.018108687095132536,1.0,1.688768744468689,0.004050515126436949,0,0,20,20,-1,0.0,0.001111950958147645,0,0.0,0.0,0.0,0.0,1,confirmed_streak,0,5,0,overconfident,0.95,0,mild_drift,0.9500366368447581,0.0012995337701612896,0.4000929309475808,0.7600768649193549,1767842103.7884033,2.1655142307281494,0.01596343144774437
120,30720,30719,INSECTS_abrupt_balanced,insects_real,ts_drift_adapt_severity,9,"error_divergence_ph_meta@error.threshold=0.05,error.min_instances=5",error_divergence_ph_meta,"{""divergence"": {""alpha"": 0.1, ""delta"": 0.005, ""min_instances"": 30, ""threshold"": 0.05}, ""error_rate"": {""alpha"": 0.15, ""delta"": 0.005, ""min_instances"": 5, ""threshold"": 0.05}}","{""error_rate"": {""min_instances"": 5, ""threshold"": 0.05}}",0.05,0.005,0.15,5,0.05,0.005,0.1,30,,,,-1,two_stage,2,0.5,"confirm_cooldown=200,divergence=0.3,error_rate=0.5,teacher_entropy=0.2",1,0,0,0,1.0,0.1873046875,0.01721861345410003,1.0,1.6922297477722168,0.005791441537439823,0,0,20,20,-1,0.0,0.0017409264110028744,0,0.0,0.0,0.0,0.0,1,confirmed_streak,0,5,0,overconfident,0.95,0,mild_drift,0.950018318422379,0.001299766885080645,0.4000464654737904,0.7600384324596774,1767842103.80003,2.0812394618988037,0.022808527573943138
121,30976,30975,INSECTS_abrupt_balanced,insects_real,ts_drift_adapt_severity,9,"error_divergence_ph_meta@error.threshold=0.05,error.min_instances=5",error_divergence_ph_meta,"{""divergence"": {""alpha"": 0.1, ""delta"": 0.005, ""min_instances"": 30, ""threshold"": 0.05}, ""error_rate"": {""alpha"": 0.15, ""delta"": 0.005, ""min_instances"": 5, ""threshold"": 0.05}}","{""error_rate"": {""min_instances"": 5, ""threshold"": 0.05}}",0.05,0.005,0.15,5,0.05,0.005,0.1,30,,,,-1,two_stage,2,0.5,"confirm_cooldown=200,divergence=0.3,error_rate=0.5,teacher_entropy=0.2",1,0,0,0,1.0,0.18588584710743802,0.016354644359122213,1.0,1.697079062461853,0.007830129936337471,0,0,20,20,-1,0.0,0.002038688398897648,0,0.0,0.0,0.0,0.0,1,confirmed_streak,0,5,0,overconfident,0.95,0,mild_drift,0.9500091592111894,0.0012998834425403225,0.4000232327368952,0.7600192162298387,1767842103.8109214,2.012577772140503,0.030671952292323112
122,31232,31231,INSECTS_abrupt_balanced,insects_real,ts_drift_adapt_severity,9,"error_divergence_ph_meta@error.threshold=0.05,error.min_instances=5",error_divergence_ph_meta,"{""divergence"": {""alpha"": 0.1, ""delta"": 0.005, ""min_instances"": 30, ""threshold"": 0.05}, ""error_rate"": {""alpha"": 0.15, ""delta"": 0.005, ""min_instances"": 5, ""threshold"": 0.05}}","{""error_rate"": {""min_instances"": 5, ""threshold"": 0.05}}",0.05,0.005,0.15,5,0.05,0.005,0.1,30,,,,-1,two_stage,2,0.5,"confirm_cooldown=200,divergence=0.3,error_rate=0.5,teacher_entropy=0.2",1,0,0,0,1.0,0.18465035860655737,0.01571040161357762,1.0,1.701882243156433,0.009208429604768753,0,0,20,20,-1,0.0,0.001378299668431282,0,0.0,0.0,0.0,0.0,1,confirmed_streak,0,5,0,overconfident,0.95,0,mild_drift,0.9500045796055947,0.0012999417212701614,0.4000116163684476,0.7600096081149194,1767842103.8218791,2.0503523349761963,0.03605610877275467
123,31488,31487,INSECTS_abrupt_balanced,insects_real,ts_drift_adapt_severity,9,"error_divergence_ph_meta@error.threshold=0.05,error.min_instances=5",error_divergence_ph_meta,"{""divergence"": {""alpha"": 0.1, ""delta"": 0.005, ""min_instances"": 30, ""threshold"": 0.05}, ""error_rate"": {""alpha"": 0.15, ""delta"": 0.005, ""min_instances"": 5, ""threshold"": 0.05}}","{""error_rate"": {""min_instances"": 5, ""threshold"": 0.05}}",0.05,0.005,0.15,5,0.05,0.005,0.1,30,,,,-1,two_stage,2,0.5,"confirm_cooldown=200,divergence=0.3,error_rate=0.5,teacher_entropy=0.2",1,0,0,0,1.0,0.1834667174796748,0.015197952350077802,1.0,1.707680344581604,0.011569681577384472,0,0,20,20,-1,0.0,0.002361251972615719,0,0.0,0.0,0.0,0.0,1,confirmed_streak,0,5,0,overconfident,0.95,0,mild_drift,0.9500022898027973,0.0012999708606350807,0.4000058081842238,0.7600048040574596,1767842103.8329647,1.8561855554580688,0.04521327465772629
124,31744,31743,INSECTS_abrupt_balanced,insects_real,ts_drift_adapt_severity,9,"error_divergence_ph_meta@error.threshold=0.05,error.min_instances=5",error_divergence_ph_meta,"{""divergence"": {""alpha"": 0.1, ""delta"": 0.005, ""min_instances"": 30, ""threshold"": 0.05}, ""error_rate"": {""alpha"": 0.15, ""delta"": 0.005, ""min_instances"": 5, ""threshold"": 0.05}}","{""error_rate"": {""min_instances"": 5, ""threshold"": 0.05}}",0.05,0.005,0.15,5,0.05,0.005,0.1,30,,,,-1,two_stage,2,0.5,"confirm_cooldown=200,divergence=0.3,error_rate=0.5,teacher_entropy=0.2",1,0,0,0,1.0,0.18337323588709678,0.015907625013843088,0.9166666666666666,1.7122437953948975,0.014184043742716312,1,1,21,21,0,0.08333333333333337,0.08333333333333337,1,0.5,-0.015684259710720315,0.0,0.0,1,confirmed_streak,0,5,1,overconfident,0.95,0,mild_drift,0.9500011449013986,0.0012999854303175403,0.4000029040921119,0.7600024020287298,1767842103.8439658,1.905954360961914,0.05534132570028305
125,32000,31999,INSECTS_abrupt_balanced,insects_real,ts_drift_adapt_severity,9,"error_divergence_ph_meta@error.threshold=0.05,error.min_instances=5",error_divergence_ph_meta,"{""divergence"": {""alpha"": 0.1, ""delta"": 0.005, ""min_instances"": 30, ""threshold"": 0.05}, ""error_rate"": {""alpha"": 0.15, ""delta"": 0.005, ""min_instances"": 5, ""threshold"": 0.05}}","{""error_rate"": {""min_instances"": 5, ""threshold"": 0.05}}",0.05,0.005,0.15,5,0.05,0.005,0.1,30,,,,-1,two_stage,2,0.5,"confirm_cooldown=200,divergence=0.3,error_rate=0.5,teacher_entropy=0.2",1,0,0,0,1.0,0.18403125,0.0176088815666787,0.75,1.7201565504074097,0.01582944206893444,0,0,21,21,-1,0.0,0.16666666666666663,0,0.0,0.0,0.0,0.0,1,confirmed_streak,0,5,0,overconfident,0.95,0,mild_drift,0.9500005724506992,0.0012999927151587701,0.40000145204605597,0.7600012010143649,1767842103.854794,1.8596173524856567,0.061802979558706284
126,32256,32255,INSECTS_abrupt_balanced,insects_real,ts_drift_adapt_severity,9,"error_divergence_ph_meta@error.threshold=0.05,error.min_instances=5",error_divergence_ph_meta,"{""divergence"": {""alpha"": 0.1, ""delta"": 0.005, ""min_instances"": 30, ""threshold"": 0.05}, ""error_rate"": {""alpha"": 0.15, ""delta"": 0.005, ""min_instances"": 5, ""threshold"": 0.05}}","{""error_rate"": {""min_instances"": 5, ""threshold"": 0.05}}",0.05,0.005,0.15,5,0.05,0.005,0.1,30,,,,-1,two_stage,2,0.5,"confirm_cooldown=200,divergence=0.3,error_rate=0.5,teacher_entropy=0.2",1,0,0,0,1.0,0.18498883928571427,0.01960082265488471,0.8333333333333334,1.7288269996643066,0.017482226714491844,0,0,21,21,-1,0.0,0.08333333333333337,0,0.0,0.0,0.0,0.0,1,confirmed_streak,0,5,0,overconfident,0.95,0,mild_drift,0.9500002862253496,0.0012999963575793852,0.400000726023028,0.7600006005071824,1767842103.865723,1.8608323335647583,0.06841646134853363
127,32512,32511,INSECTS_abrupt_balanced,insects_real,ts_drift_adapt_severity,9,"error_divergence_ph_meta@error.threshold=0.05,error.min_instances=5",error_divergence_ph_meta,"{""divergence"": {""alpha"": 0.1, ""delta"": 0.005, ""min_instances"": 30, ""threshold"": 0.05}, ""error_rate"": {""alpha"": 0.15, ""delta"": 0.005, ""min_instances"": 5, ""threshold"": 0.05}}","{""error_rate"": {""min_instances"": 5, ""threshold"": 0.05}}",0.05,0.005,0.15,5,0.05,0.005,0.1,30,,,,-1,two_stage,2,0.5,"confirm_cooldown=200,divergence=0.3,error_rate=0.5,teacher_entropy=0.2",1,0,0,0,1.0,0.18623892716535434,0.021920708886394694,0.75,1.730939507484436,0.019739190116524696,0,0,21,21,-1,0.0,0.08333333333333337,0,0.0,0.0,0.0,0.0,1,confirmed_streak,0,5,0,overconfident,0.95,0,mild_drift,0.9500001431126748,0.0012999981787896928,0.400000363011514,0.7600003002535912,1767842103.8768094,1.7702358961105347,0.07744260877370834
128,32768,32767,INSECTS_abrupt_balanced,insects_real,ts_drift_adapt_severity,9,"error_divergence_ph_meta@error.threshold=0.05,error.min_instances=5",error_divergence_ph_meta,"{""divergence"": {""alpha"": 0.1, ""delta"": 0.005, ""min_instances"": 30, ""threshold"": 0.05}, ""error_rate"": {""alpha"": 0.15, ""delta"": 0.005, ""min_instances"": 5, ""threshold"": 0.05}}","{""error_rate"": {""min_instances"": 5, ""threshold"": 0.05}}",0.05,0.005,0.15,5,0.05,0.005,0.1,30,,,,-1,two_stage,2,0.5,"confirm_cooldown=200,divergence=0.3,error_rate=0.5,teacher_entropy=0.2",1,0,0,0,1.0,0.1873779296875,0.024018025427096353,0.5,1.7391835451126099,0.020486686378717422,0,0,21,21,-1,0.0,0.25,0,0.0,0.0,0.0,0.0,1,confirmed_streak,0,5,0,overconfident,0.95,0,mild_drift,0.9500000715563374,0.0012999990893948466,0.400000181505757,0.7600001501267957,1767842103.8876252,1.666749119758606,0.08059607446193695
129,33024,33023,INSECTS_abrupt_balanced,insects_real,ts_drift_adapt_severity,9,"error_divergence_ph_meta@error.threshold=0.05,error.min_instances=5",error_divergence_ph_meta,"{""divergence"": {""alpha"": 0.1, ""delta"": 0.005, ""min_instances"": 30, ""threshold"": 0.05}, ""error_rate"": {""alpha"": 0.15, ""delta"": 0.005, ""min_instances"": 5, ""threshold"": 0.05}}","{""error_rate"": {""min_instances"": 5, ""threshold"": 0.05}}",0.05,0.005,0.15,5,0.05,0.005,0.1,30,,,,-1,two_stage,2,0.5,"confirm_cooldown=200,divergence=0.3,error_rate=0.5,teacher_entropy=0.2",1,0,0,0,1.0,0.1886203972868217,0.02625614855271589,0.75,1.7470616102218628,0.021553266793489456,1,1,22,22,0,0.16666666666666663,0.25,1,0.5,-0.05268776518590382,0.0,0.0,1,confirmed_streak,0,5,1,overconfident,0.95,0,severe_drift,0.9115000357781686,0.0016499995446974233,0.3250000907528785,0.7400000750633979,1767842103.8985574,1.7167078256607056,0.085103340446949
130,33280,33279,INSECTS_abrupt_balanced,insects_real,ts_drift_adapt_severity,9,"error_divergence_ph_meta@error.threshold=0.05,error.min_instances=5",error_divergence_ph_meta,"{""divergence"": {""alpha"": 0.1, ""delta"": 0.005, ""min_instances"": 30, ""threshold"": 0.05}, ""error_rate"": {""alpha"": 0.15, ""delta"": 0.005, ""min_instances"": 5, ""threshold"": 0.05}}","{""error_rate"": {""min_instances"": 5, ""threshold"": 0.05}}",0.05,0.005,0.15,5,0.05,0.005,0.1,30,,,,-1,two_stage,2,0.5,"confirm_cooldown=200,divergence=0.3,error_rate=0.5,teacher_entropy=0.2",1,0,0,0,1.0,0.18861177884615385,0.026344545278476527,0.75,1.7503772974014282,0.023240093141794205,0,0,22,22,-1,0.0,0.0016868263483047485,0,0.0,0.0,0.0,0.0,1,confirmed_streak,0,5,0,overconfident,0.95,0,mild_drift,0.9307500178890843,0.0014749997723487117,0.36250004537643926,0.750000037531699,1767842103.909454,1.6239410638809204,0.09214568138122559
131,33536,33535,INSECTS_abrupt_balanced,insects_real,ts_drift_adapt_severity,9,"error_divergence_ph_meta@error.threshold=0.05,error.min_instances=5",error_divergence_ph_meta,"{""divergence"": {""alpha"": 0.1, ""delta"": 0.005, ""min_instances"": 30, ""threshold"": 0.05}, ""error_rate"": {""alpha"": 0.15, ""delta"": 0.005, ""min_instances"": 5, ""threshold"": 0.05}}","{""error_rate"": {""min_instances"": 5, ""threshold"": 0.05}}",0.05,0.005,0.15,5,0.05,0.005,0.1,30,,,,-1,two_stage,2,0.5,"confirm_cooldown=200,divergence=0.3,error_rate=0.5,teacher_entropy=0.2",1,0,0,0,1.0,0.1886331106870229,0.02635208328787496,0.9166666666666666,1.7608160972595215,0.022573359310626984,0,0,22,22,-1,0.0,0.16666666666666663,0,0.0,0.0,0.0,0.0,1,confirmed_streak,0,5,0,overconfident,0.95,0,mild_drift,0.9403750089445422,0.001387499886174356,0.3812500226882196,0.7550000187658494,1767842103.9203508,1.8601078987121582,0.0901055708527565
132,33792,33791,INSECTS_abrupt_balanced,insects_real,ts_drift_adapt_severity,9,"error_divergence_ph_meta@error.threshold=0.05,error.min_instances=5",error_divergence_ph_meta,"{""divergence"": {""alpha"": 0.1, ""delta"": 0.005, ""min_instances"": 30, ""threshold"": 0.05}, ""error_rate"": {""alpha"": 0.15, ""delta"": 0.005, ""min_instances"": 5, ""threshold"": 0.05}}","{""error_rate"": {""min_instances"": 5, ""threshold"": 0.05}}",0.05,0.005,0.15,5,0.05,0.005,0.1,30,,,,-1,two_stage,2,0.5,"confirm_cooldown=200,divergence=0.3,error_rate=0.5,teacher_entropy=0.2",1,0,0,0,1.0,0.18895004734848486,0.02685782388599589,0.6666666666666666,1.7669169902801514,0.022006960585713387,0,0,22,22,-1,0.0,0.25,0,0.0,0.0,0.0,0.0,1,confirmed_streak,0,5,0,overconfident,0.95,0,mild_drift,0.9451875044722711,0.0013437499430871782,0.3906250113441098,0.7575000093829247,1767842103.9315288,1.6726611852645874,0.08812116086483002
133,34048,34047,INSECTS_abrupt_balanced,insects_real,ts_drift_adapt_severity,9,"error_divergence_ph_meta@error.threshold=0.05,error.min_instances=5",error_divergence_ph_meta,"{""divergence"": {""alpha"": 0.1, ""delta"": 0.005, ""min_instances"": 30, ""threshold"": 0.05}, ""error_rate"": {""alpha"": 0.15, ""delta"": 0.005, ""min_instances"": 5, ""threshold"": 0.05}}","{""error_rate"": {""min_instances"": 5, ""threshold"": 0.05}}",0.05,0.005,0.15,5,0.05,0.005,0.1,30,,,,-1,two_stage,2,0.5,"confirm_cooldown=200,divergence=0.3,error_rate=0.5,teacher_entropy=0.2",1,0,0,0,1.0,0.188968515037594,0.026983535071057364,0.75,1.7708808183670044,0.02179197408258915,0,0,22,22,-1,0.0,0.08333333333333337,0,0.0,0.0,0.0,0.0,1,confirmed_streak,0,5,0,overconfident,0.95,0,mild_drift,0.9475937522361355,0.0013218749715435893,0.3953125056720549,0.7587500046914624,1767842103.9425097,1.7758488655090332,0.08769544214010239
134,34304,34303,INSECTS_abrupt_balanced,insects_real,ts_drift_adapt_severity,9,"error_divergence_ph_meta@error.threshold=0.05,error.min_instances=5",error_divergence_ph_meta,"{""divergence"": {""alpha"": 0.1, ""delta"": 0.005, ""min_instances"": 30, ""threshold"": 0.05}, ""error_rate"": {""alpha"": 0.15, ""delta"": 0.005, ""min_instances"": 5, ""threshold"": 0.05}}","{""error_rate"": {""min_instances"": 5, ""threshold"": 0.05}}",0.05,0.005,0.15,5,0.05,0.005,0.1,30,,,,-1,two_stage,2,0.5,"confirm_cooldown=200,divergence=0.3,error_rate=0.5,teacher_entropy=0.2",1,0,0,0,1.0,0.1888701026119403,0.026892018807792593,0.9166666666666666,1.7740581035614014,0.020711230114102364,1,1,23,23,0,0.16666666666666663,0.16666666666666663,1,0.5,-0.00998547966510331,0.0,0.0,1,confirmed_streak,0,5,1,overconfident,0.95,0,severe_drift,0.9102968761180678,0.0016609374857717947,0.32265625283602745,0.7393750023457313,1767842103.953628,1.9911094903945923,0.08347206562757492
135,34560,34559,INSECTS_abrupt_balanced,insects_real,ts_drift_adapt_severity,9,"error_divergence_ph_meta@error.threshold=0.05,error.min_instances=5",error_divergence_ph_meta,"{""divergence"": {""alpha"": 0.1, ""delta"": 0.005, ""min_instances"": 30, ""threshold"": 0.05}, ""error_rate"": {""alpha"": 0.15, ""delta"": 0.005, ""min_instances"": 5, ""threshold"": 0.05}}","{""error_rate"": {""min_instances"": 5, ""threshold"": 0.05}}",0.05,0.005,0.15,5,0.05,0.005,0.1,30,,,,-1,two_stage,2,0.5,"confirm_cooldown=200,divergence=0.3,error_rate=0.5,teacher_entropy=0.2",1,0,0,0,1.0,0.18909143518518517,0.027232299063058425,0.5833333333333334,1.7756495475769043,0.019586335867643356,0,0,23,23,-1,0.0,0.33333333333333326,0,0.0,0.0,0.0,0.0,1,confirmed_streak,0,5,0,overconfident,0.95,0,mild_drift,0.9301484380590339,0.0014804687428858973,0.3613281264180137,0.7496875011728656,1767842103.9644635,1.6466625928878784,0.07889370620250702
136,34816,34815,INSECTS_abrupt_balanced,insects_real,ts_drift_adapt_severity,9,"error_divergence_ph_meta@error.threshold=0.05,error.min_instances=5",error_divergence_ph_meta,"{""divergence"": {""alpha"": 0.1, ""delta"": 0.005, ""min_instances"": 30, ""threshold"": 0.05}, ""error_rate"": {""alpha"": 0.15, ""delta"": 0.005, ""min_instances"": 5, ""threshold"": 0.05}}","{""error_rate"": {""min_instances"": 5, ""threshold"": 0.05}}",0.05,0.005,0.15,5,0.05,0.005,0.1,30,,,,-1,two_stage,2,0.5,"confirm_cooldown=200,divergence=0.3,error_rate=0.5,teacher_entropy=0.2",1,0,0,0,1.0,0.18910845588235295,0.027145797286123593,0.75,1.7779617309570312,0.017339734360575676,0,0,23,23,-1,0.0,0.16666666666666663,0,0.0,0.0,0.0,0.0,1,confirmed_streak,0,5,0,overconfident,0.95,0,mild_drift,0.9400742190295169,0.0013902343714429486,0.38066406320900686,0.7548437505864328,1767842103.9754584,1.69303560256958,0.06993339955806732
137,35072,35071,INSECTS_abrupt_balanced,insects_real,ts_drift_adapt_severity,9,"error_divergence_ph_meta@error.threshold=0.05,error.min_instances=5",error_divergence_ph_meta,"{""divergence"": {""alpha"": 0.1, ""delta"": 0.005, ""min_instances"": 30, ""threshold"": 0.05}, ""error_rate"": {""alpha"": 0.15, ""delta"": 0.005, ""min_instances"": 5, ""threshold"": 0.05}}","{""error_rate"": {""min_instances"": 5, ""threshold"": 0.05}}",0.05,0.005,0.15,5,0.05,0.005,0.1,30,,,,-1,two_stage,2,0.5,"confirm_cooldown=200,divergence=0.3,error_rate=0.5,teacher_entropy=0.2",1,0,0,0,1.0,0.1891537408759124,0.027123846937897895,0.75,1.7798887491226196,0.015506080351769924,0,0,23,23,-1,0.0,0.0018336540088057518,0,0.0,0.0,0.0,0.0,1,confirmed_streak,0,5,0,overconfident,0.95,0,mild_drift,0.9450371095147585,0.0013451171857214745,0.39033203160450347,0.7574218752932165,1767842103.9861581,1.8058260679244995,0.06249536573886871
138,35328,35327,INSECTS_abrupt_balanced,insects_real,ts_drift_adapt_severity,9,"error_divergence_ph_meta@error.threshold=0.05,error.min_instances=5",error_divergence_ph_meta,"{""divergence"": {""alpha"": 0.1, ""delta"": 0.005, ""min_instances"": 30, ""threshold"": 0.05}, ""error_rate"": {""alpha"": 0.15, ""delta"": 0.005, ""min_instances"": 5, ""threshold"": 0.05}}","{""error_rate"": {""min_instances"": 5, ""threshold"": 0.05}}",0.05,0.005,0.15,5,0.05,0.005,0.1,30,,,,-1,two_stage,2,0.5,"confirm_cooldown=200,divergence=0.3,error_rate=0.5,teacher_entropy=0.2",1,0,0,0,1.0,0.18877377717391305,0.026791953596496856,0.9166666666666666,1.7793910503387451,0.014377311803400517,0,0,23,23,-1,0.0,0.16666666666666663,0,0.0,0.0,0.0,0.0,1,confirmed_streak,0,5,0,overconfident,0.95,0,mild_drift,0.9475185547573792,0.0013225585928607372,0.39516601580225175,0.7587109376466082,1767842103.9974265,1.9990955591201782,0.057891830801963806
139,35584,35583,INSECTS_abrupt_balanced,insects_real,ts_drift_adapt_severity,9,"error_divergence_ph_meta@error.threshold=0.05,error.min_instances=5",error_divergence_ph_meta,"{""divergence"": {""alpha"": 0.1, ""delta"": 0.005, ""min_instances"": 30, ""threshold"": 0.05}, ""error_rate"": {""alpha"": 0.15, ""delta"": 0.005, ""min_instances"": 5, ""threshold"": 0.05}}","{""error_rate"": {""min_instances"": 5, ""threshold"": 0.05}}",0.05,0.005,0.15,5,0.05,0.005,0.1,30,,,,-1,two_stage,2,0.5,"confirm_cooldown=200,divergence=0.3,error_rate=0.5,teacher_entropy=0.2",1,0,0,0,1.0,0.18901753597122303,0.027196155068724432,0.75,1.7788898944854736,0.013322881422936916,1,1,24,24,0,0.16666666666666663,0.16666666666666663,1,0.5,-0.05554462306539276,0.0,0.0,1,confirmed_streak,0,5,1,overconfident,0.95,0,severe_drift,0.9102592773786896,0.0016612792964303686,0.3225830079011259,0.7393554688233042,1767842104.008522,1.8113497495651245,0.05355159938335419
140,35840,35839,INSECTS_abrupt_balanced,insects_real,ts_drift_adapt_severity,9,"error_divergence_ph_meta@error.threshold=0.05,error.min_instances=5",error_divergence_ph_meta,"{""divergence"": {""alpha"": 0.1, ""delta"": 0.005, ""min_instances"": 30, ""threshold"": 0.05}, ""error_rate"": {""alpha"": 0.15, ""delta"": 0.005, ""min_instances"": 5, ""threshold"": 0.05}}","{""error_rate"": {""min_instances"": 5, ""threshold"": 0.05}}",0.05,0.005,0.15,5,0.05,0.005,0.1,30,,,,-1,two_stage,2,0.5,"confirm_cooldown=200,divergence=0.3,error_rate=0.5,teacher_entropy=0.2",1,0,0,0,1.0,0.18900669642857143,0.027222946909058066,0.8333333333333334,1.778283715248108,0.011503336019814014,0,0,24,24,-1,0.0,0.08333333333333337,0,0.0,0.0,0.0,0.0,1,confirmed_streak,0,5,0,overconfident,0.95,0,mild_drift,0.9301296386893447,0.0014806396482151844,0.361291503950563,0.7496777344116521,1767842104.0192568,1.8562555313110352,0.046077679842710495
141,36096,36095,INSECTS_abrupt_balanced,insects_real,ts_drift_adapt_severity,9,"error_divergence_ph_meta@error.threshold=0.05,error.min_instances=5",error_divergence_ph_meta,"{""divergence"": {""alpha"": 0.1, ""delta"": 0.005, ""min_instances"": 30, ""threshold"": 0.05}, ""error_rate"": {""alpha"": 0.15, ""delta"": 0.005, ""min_instances"": 5, ""threshold"": 0.05}}","{""error_rate"": {""min_instances"": 5, ""threshold"": 0.05}}",0.05,0.005,0.15,5,0.05,0.005,0.1,30,,,,-1,two_stage,2,0.5,"confirm_cooldown=200,divergence=0.3,error_rate=0.5,teacher_entropy=0.2",1,0,0,0,1.0,0.18927304964539007,0.02754741459595074,0.8333333333333334,1.7765042781829834,0.009326372295618057,0,0,24,24,-1,0.0,0.002176963724195957,0,0.0,0.0,0.0,0.0,1,confirmed_streak,0,5,0,overconfident,0.95,0,mild_drift,0.9400648193446723,0.0013903198241075922,0.3806457519752815,0.754838867205826,1767842104.030147,1.9668577909469604,0.037298474460840225
142,36352,36351,INSECTS_abrupt_balanced,insects_real,ts_drift_adapt_severity,9,"error_divergence_ph_meta@error.threshold=0.05,error.min_instances=5",error_divergence_ph_meta,"{""divergence"": {""alpha"": 0.1, ""delta"": 0.005, ""min_instances"": 30, ""threshold"": 0.05}, ""error_rate"": {""alpha"": 0.15, ""delta"": 0.005, ""min_instances"": 5, ""threshold"": 0.05}}","{""error_rate"": {""min_instances"": 5, ""threshold"": 0.05}}",0.05,0.005,0.15,5,0.05,0.005,0.1,30,,,,-1,two_stage,2,0.5,"confirm_cooldown=200,divergence=0.3,error_rate=0.5,teacher_entropy=0.2",1,0,0,0,1.0,0.1891230193661972,0.027435128014933283,0.9166666666666666,1.7746880054473877,0.007881459780037403,0,0,24,24,-1,0.0,0.08333333333333326,0,0.0,0.0,0.0,0.0,1,confirmed_streak,0,5,0,overconfident,0.95,0,mild_drift,0.9450324096723361,0.001345159912053796,0.39032287598764076,0.757419433602913,1767842104.041765,1.9302706718444824,0.03138136863708496
143,36608,36607,INSECTS_abrupt_balanced,insects_real,ts_drift_adapt_severity,9,"error_divergence_ph_meta@error.threshold=0.05,error.min_instances=5",error_divergence_ph_meta,"{""divergence"": {""alpha"": 0.1, ""delta"": 0.005, ""min_instances"": 30, ""threshold"": 0.05}, ""error_rate"": {""alpha"": 0.15, ""delta"": 0.005, ""min_instances"": 5, ""threshold"": 0.05}}","{""error_rate"": {""min_instances"": 5, ""threshold"": 0.05}}",0.05,0.005,0.15,5,0.05,0.005,0.1,30,,,,-1,two_stage,2,0.5,"confirm_cooldown=200,divergence=0.3,error_rate=0.5,teacher_entropy=0.2",1,0,0,0,1.0,0.18916630244755245,0.02750298240192107,0.75,1.7739571332931519,0.0066733886487782,0,0,24,24,-1,0.0,0.16666666666666663,0,0.0,0.0,0.0,0.0,1,confirmed_streak,0,5,0,overconfident,0.95,0,mild_drift,0.947516204836168,0.0013225799560268982,0.3951614379938204,0.7587097168014565,1767842104.052955,1.8139303922653198,0.026556335389614105
144,36864,36863,INSECTS_abrupt_balanced,insects_real,ts_drift_adapt_severity,9,"error_divergence_ph_meta@error.threshold=0.05,error.min_instances=5",error_divergence_ph_meta,"{""divergence"": {""alpha"": 0.1, ""delta"": 0.005, ""min_instances"": 30, ""threshold"": 0.05}, ""error_rate"": {""alpha"": 0.15, ""delta"": 0.005, ""min_instances"": 5, ""threshold"": 0.05}}","{""error_rate"": {""min_instances"": 5, ""threshold"": 0.05}}",0.05,0.005,0.15,5,0.05,0.005,0.1,30,,,,-1,two_stage,2,0.5,"confirm_cooldown=200,divergence=0.3,error_rate=0.5,teacher_entropy=0.2",1,0,0,0,1.0,0.1893988715277778,0.027767410604039408,0.6666666666666666,1.7721880674362183,0.005497431382536888,1,1,25,25,0,0.08333333333333337,0.08333333333333337,1,0.5,0.0,0.0,0.0,1,confirmed_streak,0,5,1,overconfident,0.95,0,mild_drift,0.948758102418084,0.001311289978013449,0.3975807189969102,0.7593548584007282,1767842104.0643792,1.7105302810668945,0.021844306960701942
145,37120,37119,INSECTS_abrupt_balanced,insects_real,ts_drift_adapt_severity,9,"error_divergence_ph_meta@error.threshold=0.05,error.min_instances=5",error_divergence_ph_meta,"{""divergence"": {""alpha"": 0.1, ""delta"": 0.005, ""min_instances"": 30, ""threshold"": 0.05}, ""error_rate"": {""alpha"": 0.15, ""delta"": 0.005, ""min_instances"": 5, ""threshold"": 0.05}}","{""error_rate"": {""min_instances"": 5, ""threshold"": 0.05}}",0.05,0.005,0.15,5,0.05,0.005,0.1,30,,,,-1,two_stage,2,0.5,"confirm_cooldown=200,divergence=0.3,error_rate=0.5,teacher_entropy=0.2",1,0,0,0,1.0,0.1890625,0.027408132150690812,0.75,1.7715166807174683,0.004751560278236866,0,0,25,25,-1,0.0,0.08333333333333337,0,0.0,0.0,0.0,0.0,1,confirmed_streak,0,5,0,overconfident,0.95,0,mild_drift,0.949379051209042,0.0013056449890067245,0.3987903594984551,0.7596774292003641,1767842104.0760148,1.6733702421188354,0.018888359889388084
146,37376,37375,INSECTS_abrupt_balanced,insects_real,ts_drift_adapt_severity,9,"error_divergence_ph_meta@error.threshold=0.05,error.min_instances=5",error_divergence_ph_meta,"{""divergence"": {""alpha"": 0.1, ""delta"": 0.005, ""min_instances"": 30, ""threshold"": 0.05}, ""error_rate"": {""alpha"": 0.15, ""delta"": 0.005, ""min_instances"": 5, ""threshold"": 0.05}}","{""error_rate"": {""min_instances"": 5, ""threshold"": 0.05}}",0.05,0.005,0.15,5,0.05,0.005,0.1,30,,,,-1,two_stage,2,0.5,"confirm_cooldown=200,divergence=0.3,error_rate=0.5,teacher_entropy=0.2",1,0,0,0,1.0,0.1890517979452055,0.02734349170494368,0.8333333333333334,1.7699289321899414,0.004330034367740154,0,0,25,25,-1,0.0,0.08333333333333337,0,0.0,0.0,0.0,0.0,1,confirmed_streak,0,5,0,overconfident,0.95,0,mild_drift,0.949689525604521,0.0013028224945033622,0.39939517974922756,0.759838714600182,1767842104.087443,1.8480563163757324,0.017218515276908875
147,37632,37631,INSECTS_abrupt_balanced,insects_real,ts_drift_adapt_severity,9,"error_divergence_ph_meta@error.threshold=0.05,error.min_instances=5",error_divergence_ph_meta,"{""divergence"": {""alpha"": 0.1, ""delta"": 0.005, ""min_instances"": 30, ""threshold"": 0.05}, ""error_rate"": {""alpha"": 0.15, ""delta"": 0.005, ""min_instances"": 5, ""threshold"": 0.05}}","{""error_rate"": {""min_instances"": 5, ""threshold"": 0.05}}",0.05,0.005,0.15,5,0.05,0.005,0.1,30,,,,-1,two_stage,2,0.5,"confirm_cooldown=200,divergence=0.3,error_rate=0.5,teacher_entropy=0.2",1,0,0,0,1.0,0.18912096088435373,0.02743236008488336,0.8333333333333334,1.7690825462341309,0.0036313822492957115,0,0,25,25,-1,0.0,0.0006986521184444427,0,0.0,0.0,0.0,0.0,1,confirmed_streak,0,5,0,overconfident,0.95,0,mild_drift,0.9498447628022605,0.001301411247251681,0.3996975898746138,0.7599193573000911,1767842104.098737,1.8148356676101685,0.014408976770937443
148,37888,37887,INSECTS_abrupt_balanced,insects_real,ts_drift_adapt_severity,9,"error_divergence_ph_meta@error.threshold=0.05,error.min_instances=5",error_divergence_ph_meta,"{""divergence"": {""alpha"": 0.1, ""delta"": 0.005, ""min_instances"": 30, ""threshold"": 0.05}, ""error_rate"": {""alpha"": 0.15, ""delta"": 0.005, ""min_instances"": 5, ""threshold"": 0.05}}","{""error_rate"": {""min_instances"": 5, ""threshold"": 0.05}}",0.05,0.005,0.15,5,0.05,0.005,0.1,30,,,,-1,two_stage,2,0.5,"confirm_cooldown=200,divergence=0.3,error_rate=0.5,teacher_entropy=0.2",1,0,0,0,1.0,0.18947951858108109,0.027837031240991076,0.5833333333333334,1.768222451210022,0.0032758775632828474,0,0,25,25,-1,0.0,0.25,0,0.0,0.0,0.0,0.0,1,confirmed_streak,0,5,0,overconfident,0.95,0,mild_drift,0.9499223814011302,0.0013007056236258407,0.3998487949373069,0.7599596786500455,1767842104.1098022,1.6978492736816406,0.012987452559173107
149,38144,38143,INSECTS_abrupt_balanced,insects_real,ts_drift_adapt_severity,9,"error_divergence_ph_meta@error.threshold=0.05,error.min_instances=5",error_divergence_ph_meta,"{""divergence"": {""alpha"": 0.1, ""delta"": 0.005, ""min_instances"": 30, ""threshold"": 0.05}, ""error_rate"": {""alpha"": 0.15, ""delta"": 0.005, ""min_instances"": 5, ""threshold"": 0.05}}","{""error_rate"": {""min_instances"": 5, ""threshold"": 0.05}}",0.05,0.005,0.15,5,0.05,0.005,0.1,30,,,,-1,two_stage,2,0.5,"confirm_cooldown=200,divergence=0.3,error_rate=0.5,teacher_entropy=0.2",1,0,0,0,1.0,0.18959731543624161,0.02804996969881564,0.9166666666666666,1.7687675952911377,0.0031703549902886152,1,1,26,26,0,0.25,0.33333333333333326,1,0.5,-0.006410572328382901,0.0,0.0,1,confirmed_streak,0,5,1,overconfident,0.95,0,severe_drift,0.9114611907005651,0.0016503528118129204,0.3249243974686534,0.7399798393250228,1767842104.120828,1.7876029014587402,0.012582475319504738
150,38400,38399,INSECTS_abrupt_balanced,insects_real,ts_drift_adapt_severity,9,"error_divergence_ph_meta@error.threshold=0.05,error.min_instances=5",error_divergence_ph_meta,"{""divergence"": {""alpha"": 0.1, ""delta"": 0.005, ""min_instances"": 30, ""threshold"": 0.05}, ""error_rate"": {""alpha"": 0.15, ""delta"": 0.005, ""min_instances"": 5, ""threshold"": 0.05}}","{""error_rate"": {""min_instances"": 5, ""threshold"": 0.05}}",0.05,0.005,0.15,5,0.05,0.005,0.1,30,,,,-1,two_stage,2,0.5,"confirm_cooldown=200,divergence=0.3,error_rate=0.5,teacher_entropy=0.2",1,0,0,0,1.0,0.18833333333333332,0.026264533845589143,1.0,1.7670871019363403,0.0029823642689734697,0,0,26,26,-1,0.0,0.08333333333333337,0,0.0,0.0,0.0,0.0,1,confirmed_streak,0,5,0,overconfident,0.95,0,mild_drift,0.9307305953502825,0.0014751764059064603,0.3624621987343267,0.7499899196625114,1767842104.1320426,1.9681612253189087,0.011836422607302666
151,38656,38655,INSECTS_abrupt_balanced,insects_real,ts_drift_adapt_severity,9,"error_divergence_ph_meta@error.threshold=0.05,error.min_instances=5",error_divergence_ph_meta,"{""divergence"": {""alpha"": 0.1, ""delta"": 0.005, ""min_instances"": 30, ""threshold"": 0.05}, ""error_rate"": {""alpha"": 0.15, ""delta"": 0.005, ""min_instances"": 5, ""threshold"": 0.05}}","{""error_rate"": {""min_instances"": 5, ""threshold"": 0.05}}",0.05,0.005,0.15,5,0.05,0.005,0.1,30,,,,-1,two_stage,2,0.5,"confirm_cooldown=200,divergence=0.3,error_rate=0.5,teacher_entropy=0.2",1,0,0,0,1.0,0.1870860927152318,0.024522403193410605,1.0,1.766430377960205,0.002459184266626835,0,0,26,26,-1,0.0,0.0005231800023466349,0,0.0,0.0,0.0,0.0,1,confirmed_streak,0,5,0,overconfident,0.95,0,mild_drift,0.9403652976751412,0.00138758820295323,0.3812310993671634,0.7549949598312558,1767842104.14286,1.9091612100601196,0.009771591983735561
152,38912,38911,INSECTS_abrupt_balanced,insects_real,ts_drift_adapt_severity,9,"error_divergence_ph_meta@error.threshold=0.05,error.min_instances=5",error_divergence_ph_meta,"{""divergence"": {""alpha"": 0.1, ""delta"": 0.005, ""min_instances"": 30, ""threshold"": 0.05}, ""error_rate"": {""alpha"": 0.15, ""delta"": 0.005, ""min_instances"": 5, ""threshold"": 0.05}}","{""error_rate"": {""min_instances"": 5, ""threshold"": 0.05}}",0.05,0.005,0.15,5,0.05,0.005,0.1,30,,,,-1,two_stage,2,0.5,"confirm_cooldown=200,divergence=0.3,error_rate=0.5,teacher_entropy=0.2",1,0,0,0,1.0,0.18662623355263158,0.023932087622044414,1.0,1.7665541172027588,0.0022447416558861732,0,0,26,26,-1,0.0,0.00021444261074066162,0,0.0,0.0,0.0,0.0,1,confirmed_streak,0,5,0,overconfident,0.95,0,mild_drift,0.9451826488375705,0.001343794101476615,0.3906155496835817,0.7574974799156279,1767842104.1538703,1.8913437128067017,0.008930792100727558
153,39168,39167,INSECTS_abrupt_balanced,insects_real,ts_drift_adapt_severity,9,"error_divergence_ph_meta@error.threshold=0.05,error.min_instances=5",error_divergence_ph_meta,"{""divergence"": {""alpha"": 0.1, ""delta"": 0.005, ""min_instances"": 30, ""threshold"": 0.05}, ""error_rate"": {""alpha"": 0.15, ""delta"": 0.005, ""min_instances"": 5, ""threshold"": 0.05}}","{""error_rate"": {""min_instances"": 5, ""threshold"": 0.05}}",0.05,0.005,0.15,5,0.05,0.005,0.1,30,,,,-1,two_stage,2,0.5,"confirm_cooldown=200,divergence=0.3,error_rate=0.5,teacher_entropy=0.2",1,0,0,0,1.0,0.1866064133986928,0.023871533952905016,0.9166666666666666,1.7673207521438599,0.0019783200696110725,0,0,26,26,-1,0.0,0.08333333333333337,0,0.0,0.0,0.0,0.0,1,confirmed_streak,0,5,0,overconfident,0.95,0,mild_drift,0.9475913244187852,0.0013218970507383075,0.39530777484179086,0.7587487399578139,1767842104.1649642,1.9437774419784546,0.007894684560596943
154,39424,39423,INSECTS_abrupt_balanced,insects_real,ts_drift_adapt_severity,9,"error_divergence_ph_meta@error.threshold=0.05,error.min_instances=5",error_divergence_ph_meta,"{""divergence"": {""alpha"": 0.1, ""delta"": 0.005, ""min_instances"": 30, ""threshold"": 0.05}, ""error_rate"": {""alpha"": 0.15, ""delta"": 0.005, ""min_instances"": 5, ""threshold"": 0.05}}","{""error_rate"": {""min_instances"": 5, ""threshold"": 0.05}}",0.05,0.005,0.15,5,0.05,0.005,0.1,30,,,,-1,two_stage,2,0.5,"confirm_cooldown=200,divergence=0.3,error_rate=0.5,teacher_entropy=0.2",1,0,0,0,1.0,0.18646002435064934,0.023662507671062954,0.75,1.7676141262054443,0.0017621477600187063,1,1,27,27,0,0.16666666666666663,0.16666666666666663,1,0.5,0.0,0.0,0.0,1,confirmed_streak,0,5,1,overconfident,0.95,0,severe_drift,0.9102956622093926,0.0016609485253691538,0.3226538874208954,0.739374369978907,1767842104.1758354,1.745591640472412,0.007052117493003607
155,39680,39679,INSECTS_abrupt_balanced,insects_real,ts_drift_adapt_severity,9,"error_divergence_ph_meta@error.threshold=0.05,error.min_instances=5",error_divergence_ph_meta,"{""divergence"": {""alpha"": 0.1, ""delta"": 0.005, ""min_instances"": 30, ""threshold"": 0.05}, ""error_rate"": {""alpha"": 0.15, ""delta"": 0.005, ""min_instances"": 5, ""threshold"": 0.05}}","{""error_rate"": {""min_instances"": 5, ""threshold"": 0.05}}",0.05,0.005,0.15,5,0.05,0.005,0.1,30,,,,-1,two_stage,2,0.5,"confirm_cooldown=200,divergence=0.3,error_rate=0.5,teacher_entropy=0.2",1,0,0,0,1.0,0.1866179435483871,0.02374592707836279,0.75,1.7664464712142944,0.0017403208184987307,0,0,27,27,-1,0.0,2.1826941519975662e-05,0,0.0,0.0,0.0,0.0,1,confirmed_streak,0,5,0,overconfident,0.95,0,mild_drift,0.9301478311046962,0.001480474262684577,0.3613269437104477,0.7496871849894535,1767842104.18657,1.7233142852783203,0.006976456381380558
156,39936,39935,INSECTS_abrupt_balanced,insects_real,ts_drift_adapt_severity,9,"error_divergence_ph_meta@error.threshold=0.05,error.min_instances=5",error_divergence_ph_meta,"{""divergence"": {""alpha"": 0.1, ""delta"": 0.005, ""min_instances"": 30, ""threshold"": 0.05}, ""error_rate"": {""alpha"": 0.15, ""delta"": 0.005, ""min_instances"": 5, ""threshold"": 0.05}}","{""error_rate"": {""min_instances"": 5, ""threshold"": 0.05}}",0.05,0.005,0.15,5,0.05,0.005,0.1,30,,,,-1,two_stage,2,0.5,"confirm_cooldown=200,divergence=0.3,error_rate=0.5,teacher_entropy=0.2",1,0,0,0,1.0,0.1866736778846154,0.023577212189621,0.9166666666666666,1.768070101737976,0.0016662422567605972,0,0,27,27,-1,0.0,0.16666666666666663,0,0.0,0.0,0.0,0.0,1,confirmed_streak,0,5,0,overconfident,0.95,0,mild_drift,0.9400739155523481,0.0013902371313422885,0.38066347185522387,0.7548435924947268,1767842104.1976426,1.8213858604431152,0.006690219976007938
157,40192,40191,INSECTS_abrupt_balanced,insects_real,ts_drift_adapt_severity,9,"error_divergence_ph_meta@error.threshold=0.05,error.min_instances=5",error_divergence_ph_meta,"{""divergence"": {""alpha"": 0.1, ""delta"": 0.005, ""min_instances"": 30, ""threshold"": 0.05}, ""error_rate"": {""alpha"": 0.15, ""delta"": 0.005, ""min_instances"": 5, ""threshold"": 0.05}}","{""error_rate"": {""min_instances"": 5, ""threshold"": 0.05}}",0.05,0.005,0.15,5,0.05,0.005,0.1,30,,,,-1,two_stage,2,0.5,"confirm_cooldown=200,divergence=0.3,error_rate=0.5,teacher_entropy=0.2",1,0,0,0,1.0,0.1865296576433121,0.023139424751178594,0.9166666666666666,1.7676026821136475,0.0015955361304804683,0,0,27,27,-1,0.0,7.070612628012896e-05,0,0.0,0.0,0.0,0.0,1,confirmed_streak,0,5,0,overconfident,0.95,0,mild_drift,0.945036957776174,0.0013451185656711442,0.39033173592761194,0.7574217962473634,1767842104.2081614,1.7963067293167114,0.006415273062884808
158,40448,40447,INSECTS_abrupt_balanced,insects_real,ts_drift_adapt_severity,9,"error_divergence_ph_meta@error.threshold=0.05,error.min_instances=5",error_divergence_ph_meta,"{""divergence"": {""alpha"": 0.1, ""delta"": 0.005, ""min_instances"": 30, ""threshold"": 0.05}, ""error_rate"": {""alpha"": 0.15, ""delta"": 0.005, ""min_instances"": 5, ""threshold"": 0.05}}","{""error_rate"": {""min_instances"": 5, ""threshold"": 0.05}}",0.05,0.005,0.15,5,0.05,0.005,0.1,30,,,,-1,two_stage,2,0.5,"confirm_cooldown=200,divergence=0.3,error_rate=0.5,teacher_entropy=0.2",1,0,0,0,1.0,0.18665941455696203,0.023033792889794222,0.8333333333333334,1.7684152126312256,0.00161035917699337,0,0,27,27,-1,0.0,0.08333333333333326,0,0.0,0.0,0.0,0.0,1,confirmed_streak,0,5,0,overconfident,0.95,0,mild_drift,0.947518478888087,0.0013225592828355723,0.395165867963806,0.7587108981236816,1767842104.2191389,1.7726720571517944,0.006478915456682444
159,40704,40703,INSECTS_abrupt_balanced,insects_real,ts_drift_adapt_severity,9,"error_divergence_ph_meta@error.threshold=0.05,error.min_instances=5",error_divergence_ph_meta,"{""divergence"": {""alpha"": 0.1, ""delta"": 0.005, ""min_instances"": 30, ""threshold"": 0.05}, ""error_rate"": {""alpha"": 0.15, ""delta"": 0.005, ""min_instances"": 5, ""threshold"": 0.05}}","{""error_rate"": {""min_instances"": 5, ""threshold"": 0.05}}",0.05,0.005,0.15,5,0.05,0.005,0.1,30,,,,-1,two_stage,2,0.5,"confirm_cooldown=200,divergence=0.3,error_rate=0.5,teacher_entropy=0.2",1,0,0,0,1.0,0.18661556603773585,0.022676858423646005,0.6666666666666666,1.7685309648513794,0.001489263609983027,1,1,28,28,0,0.08333333333333337,0.16666666666666674,1,0.5,0.0,0.0,0.0,1,confirmed_streak,0,5,1,overconfident,0.95,0,mild_drift,0.9487592394440435,0.0013112796414177863,0.39758293398190303,0.7593554490618408,1767842104.2305405,1.6997227668762207,0.005977823864668608
160,40960,40959,INSECTS_abrupt_balanced,insects_real,ts_drift_adapt_severity,9,"error_divergence_ph_meta@error.threshold=0.05,error.min_instances=5",error_divergence_ph_meta,"{""divergence"": {""alpha"": 0.1, ""delta"": 0.005, ""min_instances"": 30, ""threshold"": 0.05}, ""error_rate"": {""alpha"": 0.15, ""delta"": 0.005, ""min_instances"": 5, ""threshold"": 0.05}}","{""error_rate"": {""min_instances"": 5, ""threshold"": 0.05}}",0.05,0.005,0.15,5,0.05,0.005,0.1,30,,,,-1,two_stage,2,0.5,"confirm_cooldown=200,divergence=0.3,error_rate=0.5,teacher_entropy=0.2",1,0,0,0,1.0,0.187158203125,0.023113028832498866,0.5833333333333334,1.7693018913269043,0.001479373429901898,0,0,28,28,-1,0.0,0.08333333333333326,0,0.0,0.0,0.0,0.0,1,confirmed_streak,0,5,0,overconfident,0.95,0,mild_drift,0.9493796197220217,0.0013056398207088931,0.3987914669909515,0.7596777245309204,1767842104.241862,1.6872285604476929,0.005930069833993912
161,41216,41215,INSECTS_abrupt_balanced,insects_real,ts_drift_adapt_severity,9,"error_divergence_ph_meta@error.threshold=0.05,error.min_instances=5",error_divergence_ph_meta,"{""divergence"": {""alpha"": 0.1, ""delta"": 0.005, ""min_instances"": 30, ""threshold"": 0.05}, ""error_rate"": {""alpha"": 0.15, ""delta"": 0.005, ""min_instances"": 5, ""threshold"": 0.05}}","{""error_rate"": {""min_instances"": 5, ""threshold"": 0.05}}",0.05,0.005,0.15,5,0.05,0.005,0.1,30,,,,-1,two_stage,2,0.5,"confirm_cooldown=200,divergence=0.3,error_rate=0.5,teacher_entropy=0.2",1,0,0,0,1.0,0.1874514751552795,0.02323574538383829,0.6666666666666666,1.7700365781784058,0.0015697494382038713,0,0,28,28,-1,0.0,0.08333333333333326,0,0.0,0.0,0.0,0.0,1,confirmed_streak,0,5,0,overconfident,0.95,0,mild_drift,0.9496898098610108,0.0013028199103544465,0.39939573349547575,0.7598388622654602,1767842104.2531276,1.7855215072631836,0.006292682606726885
162,41472,41471,INSECTS_abrupt_balanced,insects_real,ts_drift_adapt_severity,9,"error_divergence_ph_meta@error.threshold=0.05,error.min_instances=5",error_divergence_ph_meta,"{""divergence"": {""alpha"": 0.1, ""delta"": 0.005, ""min_instances"": 30, ""threshold"": 0.05}, ""error_rate"": {""alpha"": 0.15, ""delta"": 0.005, ""min_instances"": 5, ""threshold"": 0.05}}","{""error_rate"": {""min_instances"": 5, ""threshold"": 0.05}}",0.05,0.005,0.15,5,0.05,0.005,0.1,30,,,,-1,two_stage,2,0.5,"confirm_cooldown=200,divergence=0.3,error_rate=0.5,teacher_entropy=0.2",1,0,0,0,1.0,0.1882957175925926,0.02399564280413392,0.4166666666666667,1.7698286771774292,0.0017565019661560655,0,0,28,28,-1,0.0,0.24999999999999994,0,0.0,0.0,0.0,0.0,1,confirmed_streak,0,5,0,overconfident,0.95,0,mild_drift,0.9498449049305053,0.0013014099551772232,0.3996978667477379,0.7599194311327301,1767842104.2643795,1.6576718091964722,0.007061364594846964
163,41728,41727,INSECTS_abrupt_balanced,insects_real,ts_drift_adapt_severity,9,"error_divergence_ph_meta@error.threshold=0.05,error.min_instances=5",error_divergence_ph_meta,"{""divergence"": {""alpha"": 0.1, ""delta"": 0.005, ""min_instances"": 30, ""threshold"": 0.05}, ""error_rate"": {""alpha"": 0.15, ""delta"": 0.005, ""min_instances"": 5, ""threshold"": 0.05}}","{""error_rate"": {""min_instances"": 5, ""threshold"": 0.05}}",0.05,0.005,0.15,5,0.05,0.005,0.1,30,,,,-1,two_stage,2,0.5,"confirm_cooldown=200,divergence=0.3,error_rate=0.5,teacher_entropy=0.2",1,0,0,0,1.0,0.18900977760736196,0.02460460538061743,0.5,1.7694987058639526,0.0017739227041602135,0,0,28,28,-1,0.0,0.08333333333333331,0,0.0,0.0,0.0,0.0,1,confirmed_streak,0,5,0,overconfident,0.95,0,mild_drift,0.9499224524652526,0.0013007049775886118,0.39984893337386895,0.7599597155663651,1767842104.2760086,1.6465762853622437,0.007126513868570328
164,41984,41983,INSECTS_abrupt_balanced,insects_real,ts_drift_adapt_severity,9,"error_divergence_ph_meta@error.threshold=0.05,error.min_instances=5",error_divergence_ph_meta,"{""divergence"": {""alpha"": 0.1, ""delta"": 0.005, ""min_instances"": 30, ""threshold"": 0.05}, ""error_rate"": {""alpha"": 0.15, ""delta"": 0.005, ""min_instances"": 5, ""threshold"": 0.05}}","{""error_rate"": {""min_instances"": 5, ""threshold"": 0.05}}",0.05,0.005,0.15,5,0.05,0.005,0.1,30,,,,-1,two_stage,2,0.5,"confirm_cooldown=200,divergence=0.3,error_rate=0.5,teacher_entropy=0.2",1,0,0,0,1.0,0.18942930640243902,0.02482471455373523,0.9166666666666666,1.7705354690551758,0.0020493052434176207,1,1,29,29,0,0.25,0.41666666666666663,1,0.5,-0.0012065330045270659,0.0,0.0,1,confirmed_streak,0,5,1,overconfident,0.95,0,severe_drift,0.9114612262326263,0.001650352488794306,0.3249244666869345,0.7399798577831826,1767842104.287532,1.726224422454834,0.008247913792729378
165,42240,42239,INSECTS_abrupt_balanced,insects_real,ts_drift_adapt_severity,9,"error_divergence_ph_meta@error.threshold=0.05,error.min_instances=5",error_divergence_ph_meta,"{""divergence"": {""alpha"": 0.1, ""delta"": 0.005, ""min_instances"": 30, ""threshold"": 0.05}, ""error_rate"": {""alpha"": 0.15, ""delta"": 0.005, ""min_instances"": 5, ""threshold"": 0.05}}","{""error_rate"": {""min_instances"": 5, ""threshold"": 0.05}}",0.05,0.005,0.15,5,0.05,0.005,0.1,30,,,,-1,two_stage,2,0.5,"confirm_cooldown=200,divergence=0.3,error_rate=0.5,teacher_entropy=0.2",1,0,0,0,1.0,0.19036458333333334,0.025618434086058118,0.75,1.770565390586853,0.002291284967213869,0,0,29,29,-1,0.0,0.16666666666666663,0,0.0,0.0,0.0,0.0,1,confirmed_streak,0,5,0,overconfident,0.95,0,mild_drift,0.9307306131163131,0.001475176244397153,0.3624622333434673,0.7499899288915913,1767842104.2988229,1.6804496049880981,0.009224329143762589
166,42496,42495,INSECTS_abrupt_balanced,insects_real,ts_drift_adapt_severity,9,"error_divergence_ph_meta@error.threshold=0.05,error.min_instances=5",error_divergence_ph_meta,"{""divergence"": {""alpha"": 0.1, ""delta"": 0.005, ""min_instances"": 30, ""threshold"": 0.05}, ""error_rate"": {""alpha"": 0.15, ""delta"": 0.005, ""min_instances"": 5, ""threshold"": 0.05}}","{""error_rate"": {""min_instances"": 5, ""threshold"": 0.05}}",0.05,0.005,0.15,5,0.05,0.005,0.1,30,,,,-1,two_stage,2,0.5,"confirm_cooldown=200,divergence=0.3,error_rate=0.5,teacher_entropy=0.2",1,0,0,0,1.0,0.19107680722891565,0.026147555473847707,0.6666666666666666,1.771506905555725,0.00267785438336432,0,0,29,29,-1,0.0,0.08333333333333337,0,0.0,0.0,0.0,0.0,1,confirmed_streak,0,5,0,overconfident,0.95,0,mild_drift,0.9403653065581565,0.0013875881221985767,0.38123111667173365,0.7549949644457956,1767842104.3099751,1.653549075126648,0.010796962305903435
167,42752,42751,INSECTS_abrupt_balanced,insects_real,ts_drift_adapt_severity,9,"error_divergence_ph_meta@error.threshold=0.05,error.min_instances=5",error_divergence_ph_meta,"{""divergence"": {""alpha"": 0.1, ""delta"": 0.005, ""min_instances"": 30, ""threshold"": 0.05}, ""error_rate"": {""alpha"": 0.15, ""delta"": 0.005, ""min_instances"": 5, ""threshold"": 0.05}}","{""error_rate"": {""min_instances"": 5, ""threshold"": 0.05}}",0.05,0.005,0.15,5,0.05,0.005,0.1,30,,,,-1,two_stage,2,0.5,"confirm_cooldown=200,divergence=0.3,error_rate=0.5,teacher_entropy=0.2",1,0,0,0,1.0,0.19171032934131738,0.026621958380641023,0.6666666666666666,1.7703142166137695,0.00305476738139987,0,0,29,29,-1,0.0,0.0003769129980355501,0,0.0,0.0,0.0,0.0,1,confirmed_streak,0,5,0,overconfident,0.95,0,mild_drift,0.9451826532790782,0.0013437940610992885,0.3906155583358668,0.7574974822228978,1767842104.321229,1.6954330205917358,0.012341506779193878
168,43008,43007,INSECTS_abrupt_balanced,insects_real,ts_drift_adapt_severity,9,"error_divergence_ph_meta@error.threshold=0.05,error.min_instances=5",error_divergence_ph_meta,"{""divergence"": {""alpha"": 0.1, ""delta"": 0.005, ""min_instances"": 30, ""threshold"": 0.05}, ""error_rate"": {""alpha"": 0.15, ""delta"": 0.005, ""min_instances"": 5, ""threshold"": 0.05}}","{""error_rate"": {""min_instances"": 5, ""threshold"": 0.05}}",0.05,0.005,0.15,5,0.05,0.005,0.1,30,,,,-1,two_stage,2,0.5,"confirm_cooldown=200,divergence=0.3,error_rate=0.5,teacher_entropy=0.2",1,0,0,0,1.0,0.19256882440476192,0.027339154318771,0.6666666666666666,1.7706629037857056,0.0035669405478984118,0,0,29,29,-1,0.0,0.0005121731664985418,0,0.0,0.0,0.0,0.0,1,confirmed_streak,0,5,0,overconfident,0.95,0,mild_drift,0.947591326639539,0.0013218970305496442,0.3953077791679334,0.7587487411114489,1767842104.3328276,1.7599796056747437,0.01445864513516426
169,43264,43263,INSECTS_abrupt_balanced,insects_real,ts_drift_adapt_severity,9,"error_divergence_ph_meta@error.threshold=0.05,error.min_instances=5",error_divergence_ph_meta,"{""divergence"": {""alpha"": 0.1, ""delta"": 0.005, ""min_instances"": 30, ""threshold"": 0.05}, ""error_rate"": {""alpha"": 0.15, ""delta"": 0.005, ""min_instances"": 5, ""threshold"": 0.05}}","{""error_rate"": {""min_instances"": 5, ""threshold"": 0.05}}",0.05,0.005,0.15,5,0.05,0.005,0.1,30,,,,-1,two_stage,2,0.5,"confirm_cooldown=200,divergence=0.3,error_rate=0.5,teacher_entropy=0.2",1,0,0,0,1.0,0.1934633875739645,0.028052145729926786,0.6666666666666666,1.769558310508728,0.003869244595989585,0,0,29,29,-1,0.0,0.00030230404809117317,0,0.0,0.0,0.0,0.0,1,confirmed_streak,0,5,0,overconfident,0.95,0,mild_drift,0.9487956633197695,0.001310948515274822,0.39765388958396675,0.7593743705557244,1767842104.3440905,1.6617432832717896,0.015713931992650032
170,43520,43519,INSECTS_abrupt_balanced,insects_real,ts_drift_adapt_severity,9,"error_divergence_ph_meta@error.threshold=0.05,error.min_instances=5",error_divergence_ph_meta,"{""divergence"": {""alpha"": 0.1, ""delta"": 0.005, ""min_instances"": 30, ""threshold"": 0.05}, ""error_rate"": {""alpha"": 0.15, ""delta"": 0.005, ""min_instances"": 5, ""threshold"": 0.05}}","{""error_rate"": {""min_instances"": 5, ""threshold"": 0.05}}",0.05,0.005,0.15,5,0.05,0.005,0.1,30,,,,-1,two_stage,2,0.5,"confirm_cooldown=200,divergence=0.3,error_rate=0.5,teacher_entropy=0.2",1,0,0,0,1.0,0.19439338235294118,0.028847860017078026,0.5833333333333334,1.7695342302322388,0.00412515364587307,1,1,30,30,0,0.33333333333333326,0.08333333333333326,1,0.5,0.0,0.0,0.0,1,confirmed_streak,0,5,1,overconfident,0.95,0,severe_drift,0.9108978316598848,0.001655474257637411,0.3238269447919834,0.7396871852778623,1767842104.3555515,1.5657882690429688,0.01680808700621128
171,43776,43775,INSECTS_abrupt_balanced,insects_real,ts_drift_adapt_severity,9,"error_divergence_ph_meta@error.threshold=0.05,error.min_instances=5",error_divergence_ph_meta,"{""divergence"": {""alpha"": 0.1, ""delta"": 0.005, ""min_instances"": 30, ""threshold"": 0.05}, ""error_rate"": {""alpha"": 0.15, ""delta"": 0.005, ""min_instances"": 5, ""threshold"": 0.05}}","{""error_rate"": {""min_instances"": 5, ""threshold"": 0.05}}",0.05,0.005,0.15,5,0.05,0.005,0.1,30,,,,-1,two_stage,2,0.5,"confirm_cooldown=200,divergence=0.3,error_rate=0.5,teacher_entropy=0.2",1,0,0,0,1.0,0.19501553362573099,0.029326469513355918,0.8333333333333334,1.768333077430725,0.00447305990383029,0,0,30,30,-1,0.0,0.25,0,0.0,0.0,0.0,0.0,1,confirmed_streak,0,5,0,overconfident,0.95,0,mild_drift,0.9304489158299424,0.0014777371288187055,0.3619134723959917,0.7498435926389311,1767842104.3668296,1.7498704195022583,0.018197597935795784
172,44032,44031,INSECTS_abrupt_balanced,insects_real,ts_drift_adapt_severity,9,"error_divergence_ph_meta@error.threshold=0.05,error.min_instances=5",error_divergence_ph_meta,"{""divergence"": {""alpha"": 0.1, ""delta"": 0.005, ""min_instances"": 30, ""threshold"": 0.05}, ""error_rate"": {""alpha"": 0.15, ""delta"": 0.005, ""min_instances"": 5, ""threshold"": 0.05}}","{""error_rate"": {""min_instances"": 5, ""threshold"": 0.05}}",0.05,0.005,0.15,5,0.05,0.005,0.1,30,,,,-1,two_stage,2,0.5,"confirm_cooldown=200,divergence=0.3,error_rate=0.5,teacher_entropy=0.2",1,0,0,0,1.0,0.19606195494186046,0.030242997471845747,0.8333333333333334,1.7669497728347778,0.004775458946824074,0,0,30,30,-1,0.0,0.00030239904299378395,0,0.0,0.0,0.0,0.0,1,confirmed_streak,0,5,0,overconfident,0.95,0,mild_drift,0.9402244579149712,0.0013888685644093527,0.38095673619799586,0.7549217963194655,1767842104.3781822,1.6267127990722656,0.01955036073923111
173,44288,44287,INSECTS_abrupt_balanced,insects_real,ts_drift_adapt_severity,9,"error_divergence_ph_meta@error.threshold=0.05,error.min_instances=5",error_divergence_ph_meta,"{""divergence"": {""alpha"": 0.1, ""delta"": 0.005, ""min_instances"": 30, ""threshold"": 0.05}, ""error_rate"": {""alpha"": 0.15, ""delta"": 0.005, ""min_instances"": 5, ""threshold"": 0.05}}","{""error_rate"": {""min_instances"": 5, ""threshold"": 0.05}}",0.05,0.005,0.15,5,0.05,0.005,0.1,30,,,,-1,two_stage,2,0.5,"confirm_cooldown=200,divergence=0.3,error_rate=0.5,teacher_entropy=0.2",1,0,0,0,1.0,0.19639631502890173,0.03036830089615415,0.75,1.7648627758026123,0.00495192501693964,0,0,30,30,-1,0.0,0.08333333333333337,0,0.0,0.0,0.0,0.0,1,confirmed_streak,0,5,0,overconfident,0.95,0,mild_drift,0.9451122289574856,0.0013444342822046765,0.39047836809899794,0.7574608981597328,1767842104.389628,1.735234260559082,0.020329754799604416
174,44544,44543,INSECTS_abrupt_balanced,insects_real,ts_drift_adapt_severity,9,"error_divergence_ph_meta@error.threshold=0.05,error.min_instances=5",error_divergence_ph_meta,"{""divergence"": {""alpha"": 0.1, ""delta"": 0.005, ""min_instances"": 30, ""threshold"": 0.05}, ""error_rate"": {""alpha"": 0.15, ""delta"": 0.005, ""min_instances"": 5, ""threshold"": 0.05}}","{""error_rate"": {""min_instances"": 5, ""threshold"": 0.05}}",0.05,0.005,0.15,5,0.05,0.005,0.1,30,,,,-1,two_stage,2,0.5,"confirm_cooldown=200,divergence=0.3,error_rate=0.5,teacher_entropy=0.2",1,0,0,0,1.0,0.19699622844827586,0.03077945518881116,0.75,1.7643533945083618,0.0051489886827766895,0,0,30,30,-1,0.0,0.00019706366583704948,0,0.0,0.0,0.0,0.0,1,confirmed_streak,0,5,0,overconfident,0.95,0,mild_drift,0.9475561144787428,0.0013222171411023382,0.395239184049499,0.7587304490798664,1767842104.4006243,1.6305432319641113,0.021143274381756783
175,44800,44799,INSECTS_abrupt_balanced,insects_real,ts_drift_adapt_severity,9,"error_divergence_ph_meta@error.threshold=0.05,error.min_instances=5",error_divergence_ph_meta,"{""divergence"": {""alpha"": 0.1, ""delta"": 0.005, ""min_instances"": 30, ""threshold"": 0.05}, ""error_rate"": {""alpha"": 0.15, ""delta"": 0.005, ""min_instances"": 5, ""threshold"": 0.05}}","{""error_rate"": {""min_instances"": 5, ""threshold"": 0.05}}",0.05,0.005,0.15,5,0.05,0.005,0.1,30,,,,-1,two_stage,2,0.5,"confirm_cooldown=200,divergence=0.3,error_rate=0.5,teacher_entropy=0.2",1,0,0,0,1.0,0.19776785714285713,0.03136970155550421,0.9166666666666666,1.762831449508667,0.005209560506045818,1,1,31,31,0,0.33333333333333326,0.16666666666666663,1,0.5,0.005356688575584436,0.002678344287792218,0.0,1,confirmed_streak,0,5,1,overconfident,0.95,0,severe_drift,0.9102780572393714,0.0016611085705511691,0.3226195920247495,0.7393652245399333,1767842104.412059,1.7004718780517578,0.021404067054390907
176,45056,45055,INSECTS_abrupt_balanced,insects_real,ts_drift_adapt_severity,9,"error_divergence_ph_meta@error.threshold=0.05,error.min_instances=5",error_divergence_ph_meta,"{""divergence"": {""alpha"": 0.1, ""delta"": 0.005, ""min_instances"": 30, ""threshold"": 0.05}, ""error_rate"": {""alpha"": 0.15, ""delta"": 0.005, ""min_instances"": 5, ""threshold"": 0.05}}","{""error_rate"": {""min_instances"": 5, ""threshold"": 0.05}}",0.05,0.005,0.15,5,0.05,0.005,0.1,30,,,,-1,two_stage,2,0.5,"confirm_cooldown=200,divergence=0.3,error_rate=0.5,teacher_entropy=0.2",1,0,0,0,1.0,0.19841974431818182,0.03180807550519333,0.75,1.7605972290039062,0.00539971049875021,0,0,31,31,-1,0.0,0.16666666666666663,0,0.0,0.0,0.0,0.0,1,confirmed_streak,0,5,0,overconfident,0.95,0,mild_drift,0.9301390286196857,0.0014805542852755847,0.3613097960123748,0.7496826122699667,1767842104.4237497,1.6507267951965332,0.02216336317360401
177,45312,45311,INSECTS_abrupt_balanced,insects_real,ts_drift_adapt_severity,9,"error_divergence_ph_meta@error.threshold=0.05,error.min_instances=5",error_divergence_ph_meta,"{""divergence"": {""alpha"": 0.1, ""delta"": 0.005, ""min_instances"": 30, ""threshold"": 0.05}, ""error_rate"": {""alpha"": 0.15, ""delta"": 0.005, ""min_instances"": 5, ""threshold"": 0.05}}","{""error_rate"": {""min_instances"": 5, ""threshold"": 0.05}}",0.05,0.005,0.15,5,0.05,0.005,0.1,30,,,,-1,two_stage,2,0.5,"confirm_cooldown=200,divergence=0.3,error_rate=0.5,teacher_entropy=0.2",1,0,0,0,1.0,0.19897598870056496,0.03215484191126764,0.6666666666666666,1.758296251296997,0.005260593723505735,0,0,31,31,-1,0.0,0.08333333333333337,0,0.0,0.0,0.0,0.0,1,confirmed_streak,0,5,0,overconfident,0.95,0,mild_drift,0.9400695143098428,0.0013902771426377923,0.3806548980061874,0.7548413061349833,1767842104.4351947,1.6911306381225586,0.021613016724586487
178,45568,45567,INSECTS_abrupt_balanced,insects_real,ts_drift_adapt_severity,9,"error_divergence_ph_meta@error.threshold=0.05,error.min_instances=5",error_divergence_ph_meta,"{""divergence"": {""alpha"": 0.1, ""delta"": 0.005, ""min_instances"": 30, ""threshold"": 0.05}, ""error_rate"": {""alpha"": 0.15, ""delta"": 0.005, ""min_instances"": 5, ""threshold"": 0.05}}","{""error_rate"": {""min_instances"": 5, ""threshold"": 0.05}}",0.05,0.005,0.15,5,0.05,0.005,0.1,30,,,,-1,two_stage,2,0.5,"confirm_cooldown=200,divergence=0.3,error_rate=0.5,teacher_entropy=0.2",1,0,0,0,1.0,0.19994294241573032,0.03296504905109494,0.5,1.7548047304153442,0.00521797314286232,0,0,31,31,-1,0.0,0.16666666666666663,0,0.0,0.0,0.0,0.0,1,confirmed_streak,0,5,0,overconfident,0.95,0,mild_drift,0.9450347571549214,0.0013451385713188963,0.3903274490030937,0.7574206530674916,1767842104.4466555,1.5796995162963867,0.021487785503268242
179,45824,45823,INSECTS_abrupt_balanced,insects_real,ts_drift_adapt_severity,9,"error_divergence_ph_meta@error.threshold=0.05,error.min_instances=5",error_divergence_ph_meta,"{""divergence"": {""alpha"": 0.1, ""delta"": 0.005, ""min_instances"": 30, ""threshold"": 0.05}, ""error_rate"": {""alpha"": 0.15, ""delta"": 0.005, ""min_instances"": 5, ""threshold"": 0.05}}","{""error_rate"": {""min_instances"": 5, ""threshold"": 0.05}}",0.05,0.005,0.15,5,0.05,0.005,0.1,30,,,,-1,two_stage,2,0.5,"confirm_cooldown=200,divergence=0.3,error_rate=0.5,teacher_entropy=0.2",1,0,0,0,1.0,0.20063722067039105,0.03349180937293581,0.5833333333333334,1.754154086112976,0.00540939811617136,0,0,31,31,-1,0.0,0.08333333333333337,0,0.0,0.0,0.0,0.0,1,confirmed_streak,0,5,0,overconfident,0.95,0,mild_drift,0.9475173785774607,0.0013225692856594484,0.39516372450154685,0.7587103265337458,1767842104.4578414,1.5381101369857788,0.02229883149266243
180,46080,46079,INSECTS_abrupt_balanced,insects_real,ts_drift_adapt_severity,9,"error_divergence_ph_meta@error.threshold=0.05,error.min_instances=5",error_divergence_ph_meta,"{""divergence"": {""alpha"": 0.1, ""delta"": 0.005, ""min_instances"": 30, ""threshold"": 0.05}, ""error_rate"": {""alpha"": 0.15, ""delta"": 0.005, ""min_instances"": 5, ""threshold"": 0.05}}","{""error_rate"": {""min_instances"": 5, ""threshold"": 0.05}}",0.05,0.005,0.15,5,0.05,0.005,0.1,30,,,,-1,two_stage,2,0.5,"confirm_cooldown=200,divergence=0.3,error_rate=0.5,teacher_entropy=0.2",1,0,0,0,1.0,0.20145399305555556,0.034100338816409885,0.5,1.752150535583496,0.005517118144780397,1,1,32,32,0,0.41666666666666663,0.08333333333333337,1,0.5,0.0,0.0,0.0,1,confirmed_streak,0,5,1,overconfident,0.95,0,severe_drift,0.9102586892887303,0.0016612846428297242,0.32258186225077345,0.7393551632668729,1767842104.4692323,1.5120502710342407,0.02278730645775795
181,46336,46335,INSECTS_abrupt_balanced,insects_real,ts_drift_adapt_severity,9,"error_divergence_ph_meta@error.threshold=0.05,error.min_instances=5",error_divergence_ph_meta,"{""divergence"": {""alpha"": 0.1, ""delta"": 0.005, ""min_instances"": 30, ""threshold"": 0.05}, ""error_rate"": {""alpha"": 0.15, ""delta"": 0.005, ""min_instances"": 5, ""threshold"": 0.05}}","{""error_rate"": {""min_instances"": 5, ""threshold"": 0.05}}",0.05,0.005,0.15,5,0.05,0.005,0.1,30,,,,-1,two_stage,2,0.5,"confirm_cooldown=200,divergence=0.3,error_rate=0.5,teacher_entropy=0.2",1,0,0,0,1.0,0.202240158839779,0.03472103406006871,0.5,1.7500898838043213,0.005576157011091709,0,0,32,32,-1,0.0,5.903886631131172e-05,0,0.0,0.0,0.0,0.0,1,confirmed_streak,0,5,0,overconfident,0.95,0,mild_drift,0.9301293446443651,0.001480642321414862,0.36129093112538674,0.7496775816334365,1767842104.4802635,1.495640754699707,0.02302326075732708
182,46592,46591,INSECTS_abrupt_balanced,insects_real,ts_drift_adapt_severity,9,"error_divergence_ph_meta@error.threshold=0.05,error.min_instances=5",error_divergence_ph_meta,"{""divergence"": {""alpha"": 0.1, ""delta"": 0.005, ""min_instances"": 30, ""threshold"": 0.05}, ""error_rate"": {""alpha"": 0.15, ""delta"": 0.005, ""min_instances"": 5, ""threshold"": 0.05}}","{""error_rate"": {""min_instances"": 5, ""threshold"": 0.05}}",0.05,0.005,0.15,5,0.05,0.005,0.1,30,,,,-1,two_stage,2,0.5,"confirm_cooldown=200,divergence=0.3,error_rate=0.5,teacher_entropy=0.2",1,0,0,0,1.0,0.203125,0.035442816830206544,0.6666666666666666,1.7480566501617432,0.005538642406463623,0,0,32,32,-1,0.0,0.16666666666666663,0,0.0,0.0,0.0,0.0,1,confirmed_streak,0,5,0,overconfident,0.95,0,mild_drift,0.9400646723221826,0.0013903211607074312,0.3806454655626934,0.7548387908167182,1767842104.491687,1.4775590896606445,0.022899877279996872
183,46848,46847,INSECTS_abrupt_balanced,insects_real,ts_drift_adapt_severity,9,"error_divergence_ph_meta@error.threshold=0.05,error.min_instances=5",error_divergence_ph_meta,"{""divergence"": {""alpha"": 0.1, ""delta"": 0.005, ""min_instances"": 30, ""threshold"": 0.05}, ""error_rate"": {""alpha"": 0.15, ""delta"": 0.005, ""min_instances"": 5, ""threshold"": 0.05}}","{""error_rate"": {""min_instances"": 5, ""threshold"": 0.05}}",0.05,0.005,0.15,5,0.05,0.005,0.1,30,,,,-1,two_stage,2,0.5,"confirm_cooldown=200,divergence=0.3,error_rate=0.5,teacher_entropy=0.2",1,0,0,0,1.0,0.2032957650273224,0.03557417363401373,0.8333333333333334,1.7444872856140137,0.005319041199982166,0,0,32,32,-1,0.0,0.16666666666666674,0,0.0,0.0,0.0,0.0,1,confirmed_streak,0,5,0,overconfident,0.95,0,mild_drift,0.9450323361610913,0.0013451605803537158,0.3903227327813467,0.7574193954083591,1767842104.5028088,1.8653432130813599,0.02194957621395588
184,47104,47103,INSECTS_abrupt_balanced,insects_real,ts_drift_adapt_severity,9,"error_divergence_ph_meta@error.threshold=0.05,error.min_instances=5",error_divergence_ph_meta,"{""divergence"": {""alpha"": 0.1, ""delta"": 0.005, ""min_instances"": 30, ""threshold"": 0.05}, ""error_rate"": {""alpha"": 0.15, ""delta"": 0.005, ""min_instances"": 5, ""threshold"": 0.05}}","{""error_rate"": {""min_instances"": 5, ""threshold"": 0.05}}",0.05,0.005,0.15,5,0.05,0.005,0.1,30,,,,-1,two_stage,2,0.5,"confirm_cooldown=200,divergence=0.3,error_rate=0.5,teacher_entropy=0.2",1,0,0,0,1.0,0.20221212635869565,0.034645789067965845,1.0,1.7426213026046753,0.005404181312769651,0,0,32,32,-1,0.0,0.16666666666666663,0,0.0,0.0,0.0,0.0,1,confirmed_streak,0,5,0,overconfident,0.95,0,mild_drift,0.9475161680805456,0.001322580290176858,0.39516136639067334,0.7587096977041796,1767842104.5139234,2.384996175765991,0.022314470261335373
185,47360,47359,INSECTS_abrupt_balanced,insects_real,ts_drift_adapt_severity,9,"error_divergence_ph_meta@error.threshold=0.05,error.min_instances=5",error_divergence_ph_meta,"{""divergence"": {""alpha"": 0.1, ""delta"": 0.005, ""min_instances"": 30, ""threshold"": 0.05}, ""error_rate"": {""alpha"": 0.15, ""delta"": 0.005, ""min_instances"": 5, ""threshold"": 0.05}}","{""error_rate"": {""min_instances"": 5, ""threshold"": 0.05}}",0.05,0.005,0.15,5,0.05,0.005,0.1,30,,,,-1,two_stage,2,0.5,"confirm_cooldown=200,divergence=0.3,error_rate=0.5,teacher_entropy=0.2",1,0,0,0,1.0,0.20116131756756755,0.033719372654535784,1.0,1.7399629354476929,0.004793068394064903,1,1,33,33,0,0.5,0.0006111129187047482,1,0.5,0.06885392735832979,0.034426963679164896,0.0,1,confirmed_streak,0,5,1,overconfident,0.95,0,severe_drift,0.9102580840402728,0.001661290145088429,0.32258068319533667,0.7393548488520898,1767842104.525089,2.3720004558563232,0.019712364301085472
186,47616,47615,INSECTS_abrupt_balanced,insects_real,ts_drift_adapt_severity,9,"error_divergence_ph_meta@error.threshold=0.05,error.min_instances=5",error_divergence_ph_meta,"{""divergence"": {""alpha"": 0.1, ""delta"": 0.005, ""min_instances"": 30, ""threshold"": 0.05}, ""error_rate"": {""alpha"": 0.15, ""delta"": 0.005, ""min_instances"": 5, ""threshold"": 0.05}}","{""error_rate"": {""min_instances"": 5, ""threshold"": 0.05}}",0.05,0.005,0.15,5,0.05,0.005,0.1,30,,,,-1,two_stage,2,0.5,"confirm_cooldown=200,divergence=0.3,error_rate=0.5,teacher_entropy=0.2",1,0,0,0,1.0,0.20007980510752688,0.032809444059737514,1.0,1.7370171546936035,0.0043636285699903965,0,0,33,33,-1,0.0,0.00042943982407450676,0,0.0,0.0,0.0,0.0,1,confirmed_streak,0,5,0,overconfident,0.95,0,mild_drift,0.9301290420201364,0.0014806450725442146,0.3612903415976684,0.7496774244260449,1767842104.5365267,2.353299856185913,0.017852770164608955
187,47872,47871,INSECTS_abrupt_balanced,insects_real,ts_drift_adapt_severity,9,"error_divergence_ph_meta@error.threshold=0.05,error.min_instances=5",error_divergence_ph_meta,"{""divergence"": {""alpha"": 0.1, ""delta"": 0.005, ""min_instances"": 30, ""threshold"": 0.05}, ""error_rate"": {""alpha"": 0.15, ""delta"": 0.005, ""min_instances"": 5, ""threshold"": 0.05}}","{""error_rate"": {""min_instances"": 5, ""threshold"": 0.05}}",0.05,0.005,0.15,5,0.05,0.005,0.1,30,,,,-1,two_stage,2,0.5,"confirm_cooldown=200,divergence=0.3,error_rate=0.5,teacher_entropy=0.2",1,0,0,0,1.0,0.19900985962566844,0.03190536019655189,1.0,1.7343217134475708,0.0031452681869268417,0,0,33,33,-1,0.0,0.0012183603830635548,0,0.0,0.0,0.0,0.0,1,confirmed_streak,0,5,0,overconfident,0.95,0,mild_drift,0.9400645210100682,0.0013903225362721073,0.3806451707988342,0.7548387122130225,1767842104.5479155,2.3721530437469482,0.012781057506799698
188,48128,48127,INSECTS_abrupt_balanced,insects_real,ts_drift_adapt_severity,9,"error_divergence_ph_meta@error.threshold=0.05,error.min_instances=5",error_divergence_ph_meta,"{""divergence"": {""alpha"": 0.1, ""delta"": 0.005, ""min_instances"": 30, ""threshold"": 0.05}, ""error_rate"": {""alpha"": 0.15, ""delta"": 0.005, ""min_instances"": 5, ""threshold"": 0.05}}","{""error_rate"": {""min_instances"": 5, ""threshold"": 0.05}}",0.05,0.005,0.15,5,0.05,0.005,0.1,30,,,,-1,two_stage,2,0.5,"confirm_cooldown=200,divergence=0.3,error_rate=0.5,teacher_entropy=0.2",1,0,0,0,1.0,0.1979512965425532,0.031022247047097787,1.0,1.7327792644500732,0.00251945317722857,0,0,33,33,-1,0.0,0.0006258150096982718,0,0.0,0.0,0.0,0.0,1,confirmed_streak,0,5,0,overconfident,0.95,0,mild_drift,0.9450322605050341,0.0013451612681360538,0.3903225853994171,0.7574193561065112,1767842104.5593069,2.3997802734375,0.010187597014009953
189,48384,48383,INSECTS_abrupt_balanced,insects_real,ts_drift_adapt_severity,9,"error_divergence_ph_meta@error.threshold=0.05,error.min_instances=5",error_divergence_ph_meta,"{""divergence"": {""alpha"": 0.1, ""delta"": 0.005, ""min_instances"": 30, ""threshold"": 0.05}, ""error_rate"": {""alpha"": 0.15, ""delta"": 0.005, ""min_instances"": 5, ""threshold"": 0.05}}","{""error_rate"": {""min_instances"": 5, ""threshold"": 0.05}}",0.05,0.005,0.15,5,0.05,0.005,0.1,30,,,,-1,two_stage,2,0.5,"confirm_cooldown=200,divergence=0.3,error_rate=0.5,teacher_entropy=0.2",1,0,0,0,1.0,0.19694527116402116,0.03019841257761484,0.9166666666666666,1.7323375940322876,0.0019609923474490643,0,0,33,33,-1,0.0,0.08333333333333337,0,0.0,0.0,0.0,0.0,1,confirmed_streak,0,5,0,overconfident,0.95,0,mild_drift,0.947516130252517,0.001322580634068027,0.39516129269970857,0.7587096780532556,1767842104.570512,2.1443119049072266,0.00785788893699646
190,48640,48639,INSECTS_abrupt_balanced,insects_real,ts_drift_adapt_severity,9,"error_divergence_ph_meta@error.threshold=0.05,error.min_instances=5",error_divergence_ph_meta,"{""divergence"": {""alpha"": 0.1, ""delta"": 0.005, ""min_instances"": 30, ""threshold"": 0.05}, ""error_rate"": {""alpha"": 0.15, ""delta"": 0.005, ""min_instances"": 5, ""threshold"": 0.05}}","{""error_rate"": {""min_instances"": 5, ""threshold"": 0.05}}",0.05,0.005,0.15,5,0.05,0.005,0.1,30,,,,-1,two_stage,2,0.5,"confirm_cooldown=200,divergence=0.3,error_rate=0.5,teacher_entropy=0.2",1,0,0,0,1.0,0.1959703947368421,0.029402399326334584,1.0,1.7312417030334473,0.001827538013458252,1,1,34,34,0,0.0,0.08333333333333337,1,0.5,0.06377785692141816,0.03188892846070908,0.0,1,confirmed_streak,0,5,1,overconfident,0.95,0,stable,0.9687580651262585,0.0010612903170340135,0.4475806463498543,0.7993548390266279,1767842104.5819237,2.120166063308716,0.007312539964914322
191,48896,48895,INSECTS_abrupt_balanced,insects_real,ts_drift_adapt_severity,9,"error_divergence_ph_meta@error.threshold=0.05,error.min_instances=5",error_divergence_ph_meta,"{""divergence"": {""alpha"": 0.1, ""delta"": 0.005, ""min_instances"": 30, ""threshold"": 0.05}, ""error_rate"": {""alpha"": 0.15, ""delta"": 0.005, ""min_instances"": 5, ""threshold"": 0.05}}","{""error_rate"": {""min_instances"": 5, ""threshold"": 0.05}}",0.05,0.005,0.15,5,0.05,0.005,0.1,30,,,,-1,two_stage,2,0.5,"confirm_cooldown=200,divergence=0.3,error_rate=0.5,teacher_entropy=0.2",1,0,0,0,1.0,0.19504662958115182,0.028706449923352292,1.0,1.7310960292816162,0.001514825620688498,0,0,34,34,-1,0.0,0.00031271239276975393,0,0.0,0.0,0.0,0.0,1,confirmed_streak,0,5,0,overconfident,0.95,0,mild_drift,0.9593790325631293,0.001180645158517007,0.42379032317492715,0.7796774195133139,1767842104.5934691,2.1048600673675537,0.00604323809966445
192,49152,49151,INSECTS_abrupt_balanced,insects_real,ts_drift_adapt_severity,9,"error_divergence_ph_meta@error.threshold=0.05,error.min_instances=5",error_divergence_ph_meta,"{""divergence"": {""alpha"": 0.1, ""delta"": 0.005, ""min_instances"": 30, ""threshold"": 0.05}, ""error_rate"": {""alpha"": 0.15, ""delta"": 0.005, ""min_instances"": 5, ""threshold"": 0.05}}","{""error_rate"": {""min_instances"": 5, ""threshold"": 0.05}}",0.05,0.005,0.15,5,0.05,0.005,0.1,30,,,,-1,two_stage,2,0.5,"confirm_cooldown=200,divergence=0.3,error_rate=0.5,teacher_entropy=0.2",1,0,0,0,1.0,0.19423421223958334,0.028160491923011656,1.0,1.7313377857208252,0.0016894673462957144,0,0,34,34,-1,0.0,0.00017464172560721636,0,0.0,0.0,0.0,0.0,1,confirmed_streak,0,5,0,overconfident,0.95,0,mild_drift,0.9546895162815646,0.0012403225792585034,0.4118951615874636,0.769838709756657,1767842104.6048486,2.008035659790039,0.006752081215381622
193,49408,49407,INSECTS_abrupt_balanced,insects_real,ts_drift_adapt_severity,9,"error_divergence_ph_meta@error.threshold=0.05,error.min_instances=5",error_divergence_ph_meta,"{""divergence"": {""alpha"": 0.1, ""delta"": 0.005, ""min_instances"": 30, ""threshold"": 0.05}, ""error_rate"": {""alpha"": 0.15, ""delta"": 0.005, ""min_instances"": 5, ""threshold"": 0.05}}","{""error_rate"": {""min_instances"": 5, ""threshold"": 0.05}}",0.05,0.005,0.15,5,0.05,0.005,0.1,30,,,,-1,two_stage,2,0.5,"confirm_cooldown=200,divergence=0.3,error_rate=0.5,teacher_entropy=0.2",1,0,0,0,1.0,0.19330877590673576,0.027450528529223483,0.9166666666666666,1.7322064638137817,0.0020062595140188932,0,0,34,34,-1,0.0,0.08333333333333337,0,0.0,0.0,0.0,0.0,1,confirmed_streak,0,5,0,overconfident,0.95,0,mild_drift,0.9523447581407822,0.0012701612896292517,0.40594758079373183,0.7649193548783285,1767842104.6163368,1.805651068687439,0.008013959974050522
194,49664,49663,INSECTS_abrupt_balanced,insects_real,ts_drift_adapt_severity,9,"error_divergence_ph_meta@error.threshold=0.05,error.min_instances=5",error_divergence_ph_meta,"{""divergence"": {""alpha"": 0.1, ""delta"": 0.005, ""min_instances"": 30, ""threshold"": 0.05}, ""error_rate"": {""alpha"": 0.15, ""delta"": 0.005, ""min_instances"": 5, ""threshold"": 0.05}}","{""error_rate"": {""min_instances"": 5, ""threshold"": 0.05}}",0.05,0.005,0.15,5,0.05,0.005,0.1,30,,,,-1,two_stage,2,0.5,"confirm_cooldown=200,divergence=0.3,error_rate=0.5,teacher_entropy=0.2",1,0,0,0,1.0,0.19251369201030927,0.0268892657865699,0.9166666666666666,1.7342268228530884,0.0026059087831526995,0,0,34,34,-1,0.0,0.0005996492691338062,0,0.0,0.0,0.0,0.0,1,confirmed_streak,0,5,0,overconfident,0.95,0,mild_drift,0.9511723790703911,0.0012850806448146258,0.4029737903968659,0.7624596774391643,1767842104.6276898,1.8859633207321167,0.010374074801802635
195,49920,49919,INSECTS_abrupt_balanced,insects_real,ts_drift_adapt_severity,9,"error_divergence_ph_meta@error.threshold=0.05,error.min_instances=5",error_divergence_ph_meta,"{""divergence"": {""alpha"": 0.1, ""delta"": 0.005, ""min_instances"": 30, ""threshold"": 0.05}, ""error_rate"": {""alpha"": 0.15, ""delta"": 0.005, ""min_instances"": 5, ""threshold"": 0.05}}","{""error_rate"": {""min_instances"": 5, ""threshold"": 0.05}}",0.05,0.005,0.15,5,0.05,0.005,0.1,30,,,,-1,two_stage,2,0.5,"confirm_cooldown=200,divergence=0.3,error_rate=0.5,teacher_entropy=0.2",1,0,0,0,1.0,0.1918669871794872,0.026501978050719178,0.8333333333333334,1.7360106706619263,0.0036050511989742517,1,1,35,35,0,0.16666666666666663,0.08333333333333326,1,0.5,-0.05192098042315005,0.0,0.0,1,confirmed_streak,0,5,1,overconfident,0.95,0,severe_drift,0.9120861895351955,0.001642540322407313,0.326486895198433,0.7412298387195821,1767842104.6391826,1.9173564910888672,0.01438265759497881
196,50176,50175,INSECTS_abrupt_balanced,insects_real,ts_drift_adapt_severity,9,"error_divergence_ph_meta@error.threshold=0.05,error.min_instances=5",error_divergence_ph_meta,"{""divergence"": {""alpha"": 0.1, ""delta"": 0.005, ""min_instances"": 30, ""threshold"": 0.05}, ""error_rate"": {""alpha"": 0.15, ""delta"": 0.005, ""min_instances"": 5, ""threshold"": 0.05}}","{""error_rate"": {""min_instances"": 5, ""threshold"": 0.05}}",0.05,0.005,0.15,5,0.05,0.005,0.1,30,,,,-1,two_stage,2,0.5,"confirm_cooldown=200,divergence=0.3,error_rate=0.5,teacher_entropy=0.2",1,0,0,0,1.0,0.19154575892857142,0.026546227832475205,0.9166666666666666,1.7376246452331543,0.004424386192113161,0,0,35,35,-1,0.0,0.08333333333333326,0,0.0,0.0,0.0,0.0,1,confirmed_streak,0,5,0,overconfident,0.95,0,mild_drift,0.9310430947675977,0.0014712701612036565,0.3632434475992165,0.7506149193597911,1767842104.6506119,1.9427250623703003,0.017627371475100517
197,50432,50431,INSECTS_abrupt_balanced,insects_real,ts_drift_adapt_severity,9,"error_divergence_ph_meta@error.threshold=0.05,error.min_instances=5",error_divergence_ph_meta,"{""divergence"": {""alpha"": 0.1, ""delta"": 0.005, ""min_instances"": 30, ""threshold"": 0.05}, ""error_rate"": {""alpha"": 0.15, ""delta"": 0.005, ""min_instances"": 5, ""threshold"": 0.05}}","{""error_rate"": {""min_instances"": 5, ""threshold"": 0.05}}",0.05,0.005,0.15,5,0.05,0.005,0.1,30,,,,-1,two_stage,2,0.5,"confirm_cooldown=200,divergence=0.3,error_rate=0.5,teacher_entropy=0.2",1,0,0,0,1.0,0.19130710659898478,0.026679897352383717,0.9166666666666666,1.7411319017410278,0.005691710393875837,0,0,35,35,-1,0.0,0.0012673242017626762,0,0.0,0.0,0.0,0.0,1,confirmed_streak,0,5,0,overconfident,0.95,0,mild_drift,0.9405215473837989,0.0013856350806018282,0.38162172379960824,0.7553074596798955,1767842104.6620295,1.9271821975708008,0.02265332266688347
198,50688,50687,INSECTS_abrupt_balanced,insects_real,ts_drift_adapt_severity,9,"error_divergence_ph_meta@error.threshold=0.05,error.min_instances=5",error_divergence_ph_meta,"{""divergence"": {""alpha"": 0.1, ""delta"": 0.005, ""min_instances"": 30, ""threshold"": 0.05}, ""error_rate"": {""alpha"": 0.15, ""delta"": 0.005, ""min_instances"": 5, ""threshold"": 0.05}}","{""error_rate"": {""min_instances"": 5, ""threshold"": 0.05}}",0.05,0.005,0.15,5,0.05,0.005,0.1,30,,,,-1,two_stage,2,0.5,"confirm_cooldown=200,divergence=0.3,error_rate=0.5,teacher_entropy=0.2",1,0,0,0,1.0,0.19109059343434343,0.02683765939494214,0.9166666666666666,1.7452476024627686,0.006706584710627794,0,0,35,35,-1,0.0,0.001014874316751957,0,0.0,0.0,0.0,0.0,1,confirmed_streak,0,5,0,overconfident,0.95,0,mild_drift,0.9452607736918994,0.0013428175403009143,0.39081086189980413,0.7576537298399477,1767842104.6736681,1.8623934984207153,0.026665687561035156
199,50944,50943,INSECTS_abrupt_balanced,insects_real,ts_drift_adapt_severity,9,"error_divergence_ph_meta@error.threshold=0.05,error.min_instances=5",error_divergence_ph_meta,"{""divergence"": {""alpha"": 0.1, ""delta"": 0.005, ""min_instances"": 30, ""threshold"": 0.05}, ""error_rate"": {""alpha"": 0.15, ""delta"": 0.005, ""min_instances"": 5, ""threshold"": 0.05}}","{""error_rate"": {""min_instances"": 5, ""threshold"": 0.05}}",0.05,0.005,0.15,5,0.05,0.005,0.1,30,,,,-1,two_stage,2,0.5,"confirm_cooldown=200,divergence=0.3,error_rate=0.5,teacher_entropy=0.2",1,0,0,0,1.0,0.19115106783919597,0.027316917114039486,0.9166666666666666,1.7490314245224,0.007495235186070204,0,0,35,35,-1,0.0,0.0007886504754424095,0,0.0,0.0,0.0,0.0,1,confirmed_streak,0,5,0,overconfident,0.95,0,mild_drift,0.9476303868459497,0.0013214087701504573,0.3954054309499021,0.7588268649199739,1767842104.6846104,1.8305021524429321,0.029873071238398552
200,51200,51199,INSECTS_abrupt_balanced,insects_real,ts_drift_adapt_severity,9,"error_divergence_ph_meta@error.threshold=0.05,error.min_instances=5",error_divergence_ph_meta,"{""divergence"": {""alpha"": 0.1, ""delta"": 0.005, ""min_instances"": 30, ""threshold"": 0.05}, ""error_rate"": {""alpha"": 0.15, ""delta"": 0.005, ""min_instances"": 5, ""threshold"": 0.05}}","{""error_rate"": {""min_instances"": 5, ""threshold"": 0.05}}",0.05,0.005,0.15,5,0.05,0.005,0.1,30,,,,-1,two_stage,2,0.5,"confirm_cooldown=200,divergence=0.3,error_rate=0.5,teacher_entropy=0.2",1,0,0,0,1.0,0.19177734375,0.02848513137679574,0.4166666666666667,1.7526352405548096,0.008811968378722668,1,1,36,36,0,0.4166666666666667,0.49999999999999994,1,0.5,-0.05829718514662156,0.0,0.0,1,confirmed_streak,0,5,1,overconfident,0.95,0,severe_drift,0.9103151934229748,0.0016607043850752287,0.32270271547495105,0.739413432459987,1767842104.6960342,1.687863826751709,0.035103462636470795
201,51456,51455,INSECTS_abrupt_balanced,insects_real,ts_drift_adapt_severity,9,"error_divergence_ph_meta@error.threshold=0.05,error.min_instances=5",error_divergence_ph_meta,"{""divergence"": {""alpha"": 0.1, ""delta"": 0.005, ""min_instances"": 30, ""threshold"": 0.05}, ""error_rate"": {""alpha"": 0.15, ""delta"": 0.005, ""min_instances"": 5, ""threshold"": 0.05}}","{""error_rate"": {""min_instances"": 5, ""threshold"": 0.05}}",0.05,0.005,0.15,5,0.05,0.005,0.1,30,,,,-1,two_stage,2,0.5,"confirm_cooldown=200,divergence=0.3,error_rate=0.5,teacher_entropy=0.2",1,0,0,0,1.0,0.1925917288557214,0.029888957416676222,0.6666666666666666,1.7561087608337402,0.010157575830817223,0,0,36,36,-1,0.0,0.24999999999999994,0,0.0,0.0,0.0,0.0,1,confirmed_streak,0,5,0,overconfident,0.95,0,mild_drift,0.9301575967114875,0.0014803521925376144,0.3613513577374755,0.7497067162299935,1767842104.7074943,1.704539179801941,0.04048517718911171
202,51712,51711,INSECTS_abrupt_balanced,insects_real,ts_drift_adapt_severity,9,"error_divergence_ph_meta@error.threshold=0.05,error.min_instances=5",error_divergence_ph_meta,"{""divergence"": {""alpha"": 0.1, ""delta"": 0.005, ""min_instances"": 30, ""threshold"": 0.05}, ""error_rate"": {""alpha"": 0.15, ""delta"": 0.005, ""min_instances"": 5, ""threshold"": 0.05}}","{""error_rate"": {""min_instances"": 5, ""threshold"": 0.05}}",0.05,0.005,0.15,5,0.05,0.005,0.1,30,,,,-1,two_stage,2,0.5,"confirm_cooldown=200,divergence=0.3,error_rate=0.5,teacher_entropy=0.2",1,0,0,0,1.0,0.1936881188118812,0.03161960022521533,0.6666666666666666,1.7605443000793457,0.011155208572745323,0,0,36,36,-1,0.0,0.0009976327419281006,0,0.0,0.0,0.0,0.0,1,confirmed_streak,0,5,0,overconfident,0.95,0,mild_drift,0.9400787983557437,0.0013901760962688073,0.38067567886873777,0.7548533581149968,1767842104.718798,1.6930538415908813,0.04452536255121231
203,51968,51967,INSECTS_abrupt_balanced,insects_real,ts_drift_adapt_severity,9,"error_divergence_ph_meta@error.threshold=0.05,error.min_instances=5",error_divergence_ph_meta,"{""divergence"": {""alpha"": 0.1, ""delta"": 0.005, ""min_instances"": 30, ""threshold"": 0.05}, ""error_rate"": {""alpha"": 0.15, ""delta"": 0.005, ""min_instances"": 5, ""threshold"": 0.05}}","{""error_rate"": {""min_instances"": 5, ""threshold"": 0.05}}",0.05,0.005,0.15,5,0.05,0.005,0.1,30,,,,-1,two_stage,2,0.5,"confirm_cooldown=200,divergence=0.3,error_rate=0.5,teacher_entropy=0.2",1,0,0,0,1.0,0.19469673645320196,0.033234747045150684,0.5833333333333334,1.7637922763824463,0.012271467596292496,0,0,36,36,-1,0.0,0.08333333333333326,0,0.0,0.0,0.0,0.0,1,confirmed_streak,0,5,0,overconfident,0.95,0,mild_drift,0.9450393991778718,0.0013450880481344037,0.3903378394343689,0.7574266790574984,1767842104.7304122,1.6361322402954102,0.04910336434841156
204,52224,52223,INSECTS_abrupt_balanced,insects_real,ts_drift_adapt_severity,9,"error_divergence_ph_meta@error.threshold=0.05,error.min_instances=5",error_divergence_ph_meta,"{""divergence"": {""alpha"": 0.1, ""delta"": 0.005, ""min_instances"": 30, ""threshold"": 0.05}, ""error_rate"": {""alpha"": 0.15, ""delta"": 0.005, ""min_instances"": 5, ""threshold"": 0.05}}","{""error_rate"": {""min_instances"": 5, ""threshold"": 0.05}}",0.05,0.005,0.15,5,0.05,0.005,0.1,30,,,,-1,two_stage,2,0.5,"confirm_cooldown=200,divergence=0.3,error_rate=0.5,teacher_entropy=0.2",1,0,0,0,1.0,0.19410615808823528,0.03267537797744464,0.8333333333333334,1.767691731452942,0.01296085026115179,0,0,36,36,-1,0.0,0.25,0,0.0,0.0,0.0,0.0,1,confirmed_streak,0,5,0,overconfident,0.95,0,mild_drift,0.9475196995889359,0.001322544024067202,0.3951689197171845,0.7587133395287492,1767842104.741673,1.9753936529159546,0.05196083337068558
205,52480,52479,INSECTS_abrupt_balanced,insects_real,ts_drift_adapt_severity,9,"error_divergence_ph_meta@error.threshold=0.05,error.min_instances=5",error_divergence_ph_meta,"{""divergence"": {""alpha"": 0.1, ""delta"": 0.005, ""min_instances"": 30, ""threshold"": 0.05}, ""error_rate"": {""alpha"": 0.15, ""delta"": 0.005, ""min_instances"": 5, ""threshold"": 0.05}}","{""error_rate"": {""min_instances"": 5, ""threshold"": 0.05}}",0.05,0.005,0.15,5,0.05,0.005,0.1,30,,,,-1,two_stage,2,0.5,"confirm_cooldown=200,divergence=0.3,error_rate=0.5,teacher_entropy=0.2",1,0,0,0,1.0,0.1931592987804878,0.03163647382929163,1.0,1.769535779953003,0.014113587327301502,1,1,37,37,0,0.5833333333333333,0.16666666666666663,1,0.5,0.06440153752157632,0.03220076876078816,0.0,1,confirmed_streak,0,5,1,overconfident,0.95,0,severe_drift,0.910259849794468,0.001661272012033601,0.32258445985859224,0.7393566697643746,1767842104.7532392,2.0598647594451904,0.056804392486810684
206,52736,52735,INSECTS_abrupt_balanced,insects_real,ts_drift_adapt_severity,9,"error_divergence_ph_meta@error.threshold=0.05,error.min_instances=5",error_divergence_ph_meta,"{""divergence"": {""alpha"": 0.1, ""delta"": 0.005, ""min_instances"": 30, ""threshold"": 0.05}, ""error_rate"": {""alpha"": 0.15, ""delta"": 0.005, ""min_instances"": 5, ""threshold"": 0.05}}","{""error_rate"": {""min_instances"": 5, ""threshold"": 0.05}}",0.05,0.005,0.15,5,0.05,0.005,0.1,30,,,,-1,two_stage,2,0.5,"confirm_cooldown=200,divergence=0.3,error_rate=0.5,teacher_entropy=0.2",1,0,0,0,1.0,0.1922216322815534,0.030616067084645964,1.0,1.7704957723617554,0.013994954526424408,0,0,37,37,-1,0.0,0.00011863280087709427,0,0.0,0.0,0.0,0.0,1,confirmed_streak,0,5,0,overconfident,0.95,0,mild_drift,0.9301299248972339,0.0014806360060168006,0.3612922299292961,0.7496783348821874,1767842104.7642224,2.0509490966796875,0.05646238476037979
207,52847,52846,INSECTS_abrupt_balanced,insects_real,ts_drift_adapt_severity,9,"error_divergence_ph_meta@error.threshold=0.05,error.min_instances=5",error_divergence_ph_meta,"{""divergence"": {""alpha"": 0.1, ""delta"": 0.005, ""min_instances"": 30, ""threshold"": 0.05}, ""error_rate"": {""alpha"": 0.15, ""delta"": 0.005, ""min_instances"": 5, ""threshold"": 0.05}}","{""error_rate"": {""min_instances"": 5, ""threshold"": 0.05}}",0.05,0.005,0.15,5,0.05,0.005,0.1,30,,,,-1,two_stage,2,0.5,"confirm_cooldown=200,divergence=0.3,error_rate=0.5,teacher_entropy=0.2",1,0,0,0,1.0,0.19181788937877267,0.030179279606023433,1.0,1.7733373641967773,0.012823335826396942,0,0,37,37,-1,0.0,0.0011716187000274658,0,0.0,0.0,0.0,0.0,1,confirmed_streak,0,5,0,overconfident,0.95,0,mild_drift,0.9400649624486169,0.0013903180030084004,0.38064611496464806,0.7548391674410937,1767842104.7730677,2.0009448528289795,0.05190923064947128
