step,seen_samples,sample_idx,dataset_name,dataset_type,model_variant,seed,monitor_preset,monitor_preset_base,monitor_ph_params,monitor_ph_overrides,ph_error_threshold,ph_error_delta,ph_error_alpha,ph_error_min_instances,ph_divergence_threshold,ph_divergence_delta,ph_divergence_alpha,ph_divergence_min_instances,ph_entropy_threshold,ph_entropy_delta,ph_entropy_alpha,ph_entropy_min_instances,trigger_mode,trigger_k,trigger_threshold,trigger_weights,confirm_window,confirm_cooldown,effective_confirm_cooldown,confirm_rate_per10k,adaptive_cooldown_enabled,adaptive_window,adaptive_lower_per10k,adaptive_upper_per10k,adaptive_cooldown_low,adaptive_cooldown_high,confirm_cooldown_active,confirm_cooldown_remaining,severity_scheduler_scale,metric_accuracy,metric_kappa,student_error_rate,teacher_entropy,divergence_js,drift_flag,candidate_flag,candidate_count_total,confirmed_count_total,confirm_delay,monitor_severity,monitor_fused_severity,monitor_vote_count,monitor_vote_score,drift_severity_raw,drift_severity,severity_carry,use_severity_v2,severity_gate,severity_confirmed,severity_gate_min_streak,severity_confirmed_streak,entropy_mode,decay,freeze_baseline_steps,regime,alpha,lr,lambda_u,tau,timestamp,supervised_loss,unsupervised_loss
1,256,255,INSECTS_abrupt_balanced,insects_real,ts_drift_adapt_severity,20,"error_divergence_ph_meta@error.threshold=0.05,error.min_instances=5",error_divergence_ph_meta,"{""divergence"": {""alpha"": 0.1, ""delta"": 0.005, ""min_instances"": 30, ""threshold"": 0.05}, ""error_rate"": {""alpha"": 0.15, ""delta"": 0.005, ""min_instances"": 5, ""threshold"": 0.05}}","{""error_rate"": {""min_instances"": 5, ""threshold"": 0.05}}",0.05,0.005,0.15,5,0.05,0.005,0.1,30,,,,-1,two_stage,2,0.5,"confirm_cooldown=200,divergence=0.3,error_rate=0.5,teacher_entropy=0.2",1,0,200,0.0,0,10000,10.0,25.0,200,500,0,0,2.0,0.0859375,0.005313496280552604,1.0,1.6769657135009766,0.007412364240735769,0,0,0,0,-1,0.0,0.0,0,0.0,0.0,0.0,0.0,1,confirmed_streak,0,5,0,uncertain,0.95,5,mild_drift,0.96,0.00115,0.45,0.78,1767889182.1000576,1.8440743684768677,0.02969605103135109
2,512,511,INSECTS_abrupt_balanced,insects_real,ts_drift_adapt_severity,20,"error_divergence_ph_meta@error.threshold=0.05,error.min_instances=5",error_divergence_ph_meta,"{""divergence"": {""alpha"": 0.1, ""delta"": 0.005, ""min_instances"": 30, ""threshold"": 0.05}, ""error_rate"": {""alpha"": 0.15, ""delta"": 0.005, ""min_instances"": 5, ""threshold"": 0.05}}","{""error_rate"": {""min_instances"": 5, ""threshold"": 0.05}}",0.05,0.005,0.15,5,0.05,0.005,0.1,30,,,,-1,two_stage,2,0.5,"confirm_cooldown=200,divergence=0.3,error_rate=0.5,teacher_entropy=0.2",1,0,200,0.0,0,10000,10.0,25.0,200,500,0,0,2.0,0.130859375,0.010668831986521752,0.6666666666666666,1.67333984375,0.009374028071761131,0,0,0,0,-1,0.0,0.33333333333333337,0,0.0,0.0,0.0,0.0,1,confirmed_streak,0,5,0,uncertain,0.95,5,mild_drift,0.955,0.001225,0.42500000000000004,0.77,1767889182.2692504,1.7513891458511353,0.03776837885379791
3,768,767,INSECTS_abrupt_balanced,insects_real,ts_drift_adapt_severity,20,"error_divergence_ph_meta@error.threshold=0.05,error.min_instances=5",error_divergence_ph_meta,"{""divergence"": {""alpha"": 0.1, ""delta"": 0.005, ""min_instances"": 30, ""threshold"": 0.05}, ""error_rate"": {""alpha"": 0.15, ""delta"": 0.005, ""min_instances"": 5, ""threshold"": 0.05}}","{""error_rate"": {""min_instances"": 5, ""threshold"": 0.05}}",0.05,0.005,0.15,5,0.05,0.005,0.1,30,,,,-1,two_stage,2,0.5,"confirm_cooldown=200,divergence=0.3,error_rate=0.5,teacher_entropy=0.2",1,0,200,0.0,0,10000,10.0,25.0,200,500,0,0,2.0,0.15494791666666666,0.0091504567276631,1.0,1.6743223667144775,0.014177822507917881,0,0,0,0,-1,0.0,0.33333333333333337,0,0.0,0.0,0.0,0.0,1,confirmed_streak,0,5,0,uncertain,0.95,5,mild_drift,0.9524999999999999,0.0012625000000000002,0.41250000000000003,0.765,1767889182.4573245,2.18953013420105,0.05798402056097984
4,1024,1023,INSECTS_abrupt_balanced,insects_real,ts_drift_adapt_severity,20,"error_divergence_ph_meta@error.threshold=0.05,error.min_instances=5",error_divergence_ph_meta,"{""divergence"": {""alpha"": 0.1, ""delta"": 0.005, ""min_instances"": 30, ""threshold"": 0.05}, ""error_rate"": {""alpha"": 0.15, ""delta"": 0.005, ""min_instances"": 5, ""threshold"": 0.05}}","{""error_rate"": {""min_instances"": 5, ""threshold"": 0.05}}",0.05,0.005,0.15,5,0.05,0.005,0.1,30,,,,-1,two_stage,2,0.5,"confirm_cooldown=200,divergence=0.3,error_rate=0.5,teacher_entropy=0.2",1,0,200,0.0,0,10000,10.0,25.0,200,500,0,0,2.0,0.15625,0.009220914476410182,0.9166666666666666,1.677565574645996,0.015450096689164639,0,0,0,0,-1,0.0,0.08333333333333337,0,0.0,0.0,0.0,0.0,1,confirmed_streak,0,5,0,uncertain,0.95,5,mild_drift,0.9512499999999999,0.0012812500000000003,0.40625,0.7625,1767889182.6404257,1.9042109251022339,0.06412281095981598
5,1280,1279,INSECTS_abrupt_balanced,insects_real,ts_drift_adapt_severity,20,"error_divergence_ph_meta@error.threshold=0.05,error.min_instances=5",error_divergence_ph_meta,"{""divergence"": {""alpha"": 0.1, ""delta"": 0.005, ""min_instances"": 30, ""threshold"": 0.05}, ""error_rate"": {""alpha"": 0.15, ""delta"": 0.005, ""min_instances"": 5, ""threshold"": 0.05}}","{""error_rate"": {""min_instances"": 5, ""threshold"": 0.05}}",0.05,0.005,0.15,5,0.05,0.005,0.1,30,,,,-1,two_stage,2,0.5,"confirm_cooldown=200,divergence=0.3,error_rate=0.5,teacher_entropy=0.2",1,0,200,0.0,0,10000,10.0,25.0,200,500,0,0,2.0,0.1609375,0.006826478558615331,0.9166666666666666,1.6832671165466309,0.016416214406490326,1,1,1,1,0,0.0,0.0009661177173256874,1,0.5,0.0,0.0,0.0,1,confirmed_streak,0,5,1,uncertain,0.95,5,stable,0.970625,0.001040625,0.453125,0.80125,1767889182.8167517,1.9779335260391235,0.06823542714118958
6,1536,1535,INSECTS_abrupt_balanced,insects_real,ts_drift_adapt_severity,20,"error_divergence_ph_meta@error.threshold=0.05,error.min_instances=5",error_divergence_ph_meta,"{""divergence"": {""alpha"": 0.1, ""delta"": 0.005, ""min_instances"": 30, ""threshold"": 0.05}, ""error_rate"": {""alpha"": 0.15, ""delta"": 0.005, ""min_instances"": 5, ""threshold"": 0.05}}","{""error_rate"": {""min_instances"": 5, ""threshold"": 0.05}}",0.05,0.005,0.15,5,0.05,0.005,0.1,30,,,,-1,two_stage,2,0.5,"confirm_cooldown=200,divergence=0.3,error_rate=0.5,teacher_entropy=0.2",1,0,200,0.0,0,10000,10.0,25.0,200,500,0,0,2.0,0.17122395833333334,0.011323628233074074,1.0,1.690290093421936,0.018653882667422295,0,0,1,1,-1,0.0,0.08333333333333337,0,0.0,0.0,0.0,0.0,1,confirmed_streak,0,5,0,uncertain,0.95,5,mild_drift,0.9603124999999999,0.0011703125000000001,0.4265625,0.780625,1767889183.010628,1.892655849456787,0.07725708931684494
7,1792,1791,INSECTS_abrupt_balanced,insects_real,ts_drift_adapt_severity,20,"error_divergence_ph_meta@error.threshold=0.05,error.min_instances=5",error_divergence_ph_meta,"{""divergence"": {""alpha"": 0.1, ""delta"": 0.005, ""min_instances"": 30, ""threshold"": 0.05}, ""error_rate"": {""alpha"": 0.15, ""delta"": 0.005, ""min_instances"": 5, ""threshold"": 0.05}}","{""error_rate"": {""min_instances"": 5, ""threshold"": 0.05}}",0.05,0.005,0.15,5,0.05,0.005,0.1,30,,,,-1,two_stage,2,0.5,"confirm_cooldown=200,divergence=0.3,error_rate=0.5,teacher_entropy=0.2",1,0,200,0.0,0,10000,10.0,25.0,200,500,0,0,2.0,0.17689732142857142,0.008264586843822315,0.9166666666666666,1.6932480335235596,0.01936851441860199,0,0,1,1,-1,0.0,0.08333333333333337,0,0.0,0.0,0.0,0.0,1,confirmed_streak,0,5,0,uncertain,0.95,5,mild_drift,0.9551562499999999,0.0012351562500000001,0.41328125000000004,0.7703125,1767889183.1862905,1.8545795679092407,0.07952533662319183
8,2048,2047,INSECTS_abrupt_balanced,insects_real,ts_drift_adapt_severity,20,"error_divergence_ph_meta@error.threshold=0.05,error.min_instances=5",error_divergence_ph_meta,"{""divergence"": {""alpha"": 0.1, ""delta"": 0.005, ""min_instances"": 30, ""threshold"": 0.05}, ""error_rate"": {""alpha"": 0.15, ""delta"": 0.005, ""min_instances"": 5, ""threshold"": 0.05}}","{""error_rate"": {""min_instances"": 5, ""threshold"": 0.05}}",0.05,0.005,0.15,5,0.05,0.005,0.1,30,,,,-1,two_stage,2,0.5,"confirm_cooldown=200,divergence=0.3,error_rate=0.5,teacher_entropy=0.2",1,0,200,0.0,0,10000,10.0,25.0,200,500,0,0,2.0,0.1796875,0.01072559268510151,0.8333333333333334,1.6984987258911133,0.02231265790760517,0,0,1,1,-1,0.0,0.08333333333333326,0,0.0,0.0,0.0,0.0,1,confirmed_streak,0,5,0,uncertain,0.95,5,mild_drift,0.9525781249999999,0.001267578125,0.40664062500000003,0.76515625,1767889183.3434622,1.8357877731323242,0.09138494729995728
9,2304,2303,INSECTS_abrupt_balanced,insects_real,ts_drift_adapt_severity,20,"error_divergence_ph_meta@error.threshold=0.05,error.min_instances=5",error_divergence_ph_meta,"{""divergence"": {""alpha"": 0.1, ""delta"": 0.005, ""min_instances"": 30, ""threshold"": 0.05}, ""error_rate"": {""alpha"": 0.15, ""delta"": 0.005, ""min_instances"": 5, ""threshold"": 0.05}}","{""error_rate"": {""min_instances"": 5, ""threshold"": 0.05}}",0.05,0.005,0.15,5,0.05,0.005,0.1,30,,,,-1,two_stage,2,0.5,"confirm_cooldown=200,divergence=0.3,error_rate=0.5,teacher_entropy=0.2",1,0,200,0.0,0,10000,10.0,25.0,200,500,0,0,2.0,0.1857638888888889,0.011613072590107389,0.5,1.706460952758789,0.023521458730101585,0,0,1,1,-1,0.0,0.33333333333333337,0,0.0,0.0,0.0,0.0,1,confirmed_streak,0,5,0,uncertain,0.95,5,mild_drift,0.9512890624999999,0.0012837890625,0.4033203125,0.762578125,1767889183.5251281,1.6834897994995117,0.09618479013442993
10,2560,2559,INSECTS_abrupt_balanced,insects_real,ts_drift_adapt_severity,20,"error_divergence_ph_meta@error.threshold=0.05,error.min_instances=5",error_divergence_ph_meta,"{""divergence"": {""alpha"": 0.1, ""delta"": 0.005, ""min_instances"": 30, ""threshold"": 0.05}, ""error_rate"": {""alpha"": 0.15, ""delta"": 0.005, ""min_instances"": 5, ""threshold"": 0.05}}","{""error_rate"": {""min_instances"": 5, ""threshold"": 0.05}}",0.05,0.005,0.15,5,0.05,0.005,0.1,30,,,,-1,two_stage,2,0.5,"confirm_cooldown=200,divergence=0.3,error_rate=0.5,teacher_entropy=0.2",1,0,200,0.0,0,10000,10.0,25.0,200,500,0,0,2.0,0.191015625,0.01723986123584619,0.6666666666666666,1.7112727165222168,0.02641483210027218,1,1,2,2,0,0.25,0.16666666666666663,1,0.5,0.00544740445015972,0.00272370222507986,0.0,1,confirmed_streak,0,5,1,uncertain,0.95,5,severe_drift,0.91214453125,0.00164189453125,0.32666015625,0.7412890625,1767889183.7278798,1.7814275026321411,0.10879919677972794
11,2816,2815,INSECTS_abrupt_balanced,insects_real,ts_drift_adapt_severity,20,"error_divergence_ph_meta@error.threshold=0.05,error.min_instances=5",error_divergence_ph_meta,"{""divergence"": {""alpha"": 0.1, ""delta"": 0.005, ""min_instances"": 30, ""threshold"": 0.05}, ""error_rate"": {""alpha"": 0.15, ""delta"": 0.005, ""min_instances"": 5, ""threshold"": 0.05}}","{""error_rate"": {""min_instances"": 5, ""threshold"": 0.05}}",0.05,0.005,0.15,5,0.05,0.005,0.1,30,,,,-1,two_stage,2,0.5,"confirm_cooldown=200,divergence=0.3,error_rate=0.5,teacher_entropy=0.2",1,0,200,0.0,0,10000,10.0,25.0,200,500,0,0,2.0,0.19140625,0.017506590656093016,0.6666666666666666,1.7187460660934448,0.027724042534828186,0,0,2,2,-1,0.0,0.0013092104345560074,0,0.0,0.0,0.0,0.0,1,confirmed_streak,0,5,0,uncertain,0.95,5,mild_drift,0.9310722656249999,0.001470947265625,0.363330078125,0.7506445312500001,1767889183.8540814,1.681686520576477,0.11405239999294281
12,3072,3071,INSECTS_abrupt_balanced,insects_real,ts_drift_adapt_severity,20,"error_divergence_ph_meta@error.threshold=0.05,error.min_instances=5",error_divergence_ph_meta,"{""divergence"": {""alpha"": 0.1, ""delta"": 0.005, ""min_instances"": 30, ""threshold"": 0.05}, ""error_rate"": {""alpha"": 0.15, ""delta"": 0.005, ""min_instances"": 5, ""threshold"": 0.05}}","{""error_rate"": {""min_instances"": 5, ""threshold"": 0.05}}",0.05,0.005,0.15,5,0.05,0.005,0.1,30,,,,-1,two_stage,2,0.5,"confirm_cooldown=200,divergence=0.3,error_rate=0.5,teacher_entropy=0.2",1,0,200,0.0,0,10000,10.0,25.0,200,500,0,0,2.0,0.19303385416666666,0.018034386838197275,0.5833333333333334,1.7318552732467651,0.0267329141497612,0,0,2,2,-1,0.0,0.08333333333333326,0,0.0,0.0,0.0,0.0,1,confirmed_streak,0,5,0,uncertain,0.95,5,mild_drift,0.9405361328124999,0.0013854736328125002,0.38166503906250004,0.755322265625,1767889184.0246022,1.7239497900009155,0.10968901962041855
13,3328,3327,INSECTS_abrupt_balanced,insects_real,ts_drift_adapt_severity,20,"error_divergence_ph_meta@error.threshold=0.05,error.min_instances=5",error_divergence_ph_meta,"{""divergence"": {""alpha"": 0.1, ""delta"": 0.005, ""min_instances"": 30, ""threshold"": 0.05}, ""error_rate"": {""alpha"": 0.15, ""delta"": 0.005, ""min_instances"": 5, ""threshold"": 0.05}}","{""error_rate"": {""min_instances"": 5, ""threshold"": 0.05}}",0.05,0.005,0.15,5,0.05,0.005,0.1,30,,,,-1,two_stage,2,0.5,"confirm_cooldown=200,divergence=0.3,error_rate=0.5,teacher_entropy=0.2",1,0,200,0.0,0,10000,10.0,25.0,200,500,0,0,2.0,0.19471153846153846,0.018857887059047656,0.9166666666666666,1.7423182725906372,0.027112629264593124,0,0,2,2,-1,0.0,0.33333333333333326,0,0.0,0.0,0.0,0.0,1,confirmed_streak,0,5,0,uncertain,0.95,5,mild_drift,0.9452680664062499,0.00134273681640625,0.39083251953125003,0.7576611328125,1767889184.207168,1.7360873222351074,0.11171098798513412
14,3584,3583,INSECTS_abrupt_balanced,insects_real,ts_drift_adapt_severity,20,"error_divergence_ph_meta@error.threshold=0.05,error.min_instances=5",error_divergence_ph_meta,"{""divergence"": {""alpha"": 0.1, ""delta"": 0.005, ""min_instances"": 30, ""threshold"": 0.05}, ""error_rate"": {""alpha"": 0.15, ""delta"": 0.005, ""min_instances"": 5, ""threshold"": 0.05}}","{""error_rate"": {""min_instances"": 5, ""threshold"": 0.05}}",0.05,0.005,0.15,5,0.05,0.005,0.1,30,,,,-1,two_stage,2,0.5,"confirm_cooldown=200,divergence=0.3,error_rate=0.5,teacher_entropy=0.2",1,0,200,0.0,0,10000,10.0,25.0,200,500,0,0,2.0,0.19698660714285715,0.021632171139095997,0.6666666666666666,1.7519487142562866,0.025348776951432228,0,0,2,2,-1,0.0,0.25,0,0.0,0.0,0.0,0.0,1,confirmed_streak,0,5,0,uncertain,0.95,5,mild_drift,0.947634033203125,0.0013213684082031252,0.395416259765625,0.75883056640625,1767889184.3789632,1.5458955764770508,0.10381408780813217
15,3840,3839,INSECTS_abrupt_balanced,insects_real,ts_drift_adapt_severity,20,"error_divergence_ph_meta@error.threshold=0.05,error.min_instances=5",error_divergence_ph_meta,"{""divergence"": {""alpha"": 0.1, ""delta"": 0.005, ""min_instances"": 30, ""threshold"": 0.05}, ""error_rate"": {""alpha"": 0.15, ""delta"": 0.005, ""min_instances"": 5, ""threshold"": 0.05}}","{""error_rate"": {""min_instances"": 5, ""threshold"": 0.05}}",0.05,0.005,0.15,5,0.05,0.005,0.1,30,,,,-1,two_stage,2,0.5,"confirm_cooldown=200,divergence=0.3,error_rate=0.5,teacher_entropy=0.2",1,0,200,0.0,0,10000,10.0,25.0,200,500,0,0,2.0,0.19947916666666668,0.023159349812289294,0.8333333333333334,1.7549968957901,0.026376008987426758,1,1,3,3,0,0.16666666666666674,0.16666666666666674,1,0.5,0.009207859154188914,0.004603929577094457,0.0,1,confirmed_streak,0,5,1,uncertain,0.95,5,severe_drift,0.9103170166015625,0.0016606842041015626,0.3227081298828125,0.7394152832031251,1767889184.5638568,1.6979007720947266,0.10891294479370117
16,4096,4095,INSECTS_abrupt_balanced,insects_real,ts_drift_adapt_severity,20,"error_divergence_ph_meta@error.threshold=0.05,error.min_instances=5",error_divergence_ph_meta,"{""divergence"": {""alpha"": 0.1, ""delta"": 0.005, ""min_instances"": 30, ""threshold"": 0.05}, ""error_rate"": {""alpha"": 0.15, ""delta"": 0.005, ""min_instances"": 5, ""threshold"": 0.05}}","{""error_rate"": {""min_instances"": 5, ""threshold"": 0.05}}",0.05,0.005,0.15,5,0.05,0.005,0.1,30,,,,-1,two_stage,2,0.5,"confirm_cooldown=200,divergence=0.3,error_rate=0.5,teacher_entropy=0.2",1,0,200,0.0,0,10000,10.0,25.0,200,500,0,0,2.0,0.201416015625,0.025029169770904688,0.9166666666666666,1.7567768096923828,0.024061881005764008,0,0,3,3,-1,0.0,0.08333333333333326,0,0.0,0.0,0.0,0.0,1,confirmed_streak,0,5,0,uncertain,0.95,5,mild_drift,0.9301585083007813,0.0014803421020507814,0.36135406494140626,0.7497076416015626,1767889184.749068,1.9772549867630005,0.09904903918504715
17,4352,4351,INSECTS_abrupt_balanced,insects_real,ts_drift_adapt_severity,20,"error_divergence_ph_meta@error.threshold=0.05,error.min_instances=5",error_divergence_ph_meta,"{""divergence"": {""alpha"": 0.1, ""delta"": 0.005, ""min_instances"": 30, ""threshold"": 0.05}, ""error_rate"": {""alpha"": 0.15, ""delta"": 0.005, ""min_instances"": 5, ""threshold"": 0.05}}","{""error_rate"": {""min_instances"": 5, ""threshold"": 0.05}}",0.05,0.005,0.15,5,0.05,0.005,0.1,30,,,,-1,two_stage,2,0.5,"confirm_cooldown=200,divergence=0.3,error_rate=0.5,teacher_entropy=0.2",1,0,200,0.0,0,10000,10.0,25.0,200,500,0,0,2.0,0.20174632352941177,0.024780525034443283,0.9166666666666666,1.758567452430725,0.022617626935243607,0,0,3,3,-1,0.0,0.001444254070520401,0,0.0,0.0,0.0,0.0,1,confirmed_streak,0,5,0,uncertain,0.95,5,mild_drift,0.9400792541503906,0.0013901710510253909,0.38067703247070317,0.7548538208007813,1767889184.9632225,1.8452569246292114,0.09325984865427017
18,4608,4607,INSECTS_abrupt_balanced,insects_real,ts_drift_adapt_severity,20,"error_divergence_ph_meta@error.threshold=0.05,error.min_instances=5",error_divergence_ph_meta,"{""divergence"": {""alpha"": 0.1, ""delta"": 0.005, ""min_instances"": 30, ""threshold"": 0.05}, ""error_rate"": {""alpha"": 0.15, ""delta"": 0.005, ""min_instances"": 5, ""threshold"": 0.05}}","{""error_rate"": {""min_instances"": 5, ""threshold"": 0.05}}",0.05,0.005,0.15,5,0.05,0.005,0.1,30,,,,-1,two_stage,2,0.5,"confirm_cooldown=200,divergence=0.3,error_rate=0.5,teacher_entropy=0.2",1,0,200,0.0,0,10000,10.0,25.0,200,500,0,0,2.0,0.2026909722222222,0.02549515585131443,0.75,1.7629189491271973,0.018274087458848953,0,0,3,3,-1,0.0,0.16666666666666663,0,0.0,0.0,0.0,0.0,1,confirmed_streak,0,5,0,uncertain,0.95,5,mild_drift,0.9450396270751953,0.0013450855255126956,0.3903385162353516,0.7574269104003907,1767889185.1321483,1.7698124647140503,0.07521422207355499
19,4864,4863,INSECTS_abrupt_balanced,insects_real,ts_drift_adapt_severity,20,"error_divergence_ph_meta@error.threshold=0.05,error.min_instances=5",error_divergence_ph_meta,"{""divergence"": {""alpha"": 0.1, ""delta"": 0.005, ""min_instances"": 30, ""threshold"": 0.05}, ""error_rate"": {""alpha"": 0.15, ""delta"": 0.005, ""min_instances"": 5, ""threshold"": 0.05}}","{""error_rate"": {""min_instances"": 5, ""threshold"": 0.05}}",0.05,0.005,0.15,5,0.05,0.005,0.1,30,,,,-1,two_stage,2,0.5,"confirm_cooldown=200,divergence=0.3,error_rate=0.5,teacher_entropy=0.2",1,0,200,0.0,0,10000,10.0,25.0,200,500,0,0,2.0,0.20497532894736842,0.02797284579475548,0.6666666666666666,1.7609405517578125,0.014821379445493221,0,0,3,3,-1,0.0,0.08333333333333337,0,0.0,0.0,0.0,0.0,1,confirmed_streak,0,5,0,uncertain,0.95,5,mild_drift,0.9475198135375976,0.001322542762756348,0.3951692581176758,0.7587134552001953,1767889185.3139174,1.6553540229797363,0.061057694256305695
20,5120,5119,INSECTS_abrupt_balanced,insects_real,ts_drift_adapt_severity,20,"error_divergence_ph_meta@error.threshold=0.05,error.min_instances=5",error_divergence_ph_meta,"{""divergence"": {""alpha"": 0.1, ""delta"": 0.005, ""min_instances"": 30, ""threshold"": 0.05}, ""error_rate"": {""alpha"": 0.15, ""delta"": 0.005, ""min_instances"": 5, ""threshold"": 0.05}}","{""error_rate"": {""min_instances"": 5, ""threshold"": 0.05}}",0.05,0.005,0.15,5,0.05,0.005,0.1,30,,,,-1,two_stage,2,0.5,"confirm_cooldown=200,divergence=0.3,error_rate=0.5,teacher_entropy=0.2",1,0,200,0.0,0,10000,10.0,25.0,200,500,0,0,2.0,0.204296875,0.027333897970054342,0.6666666666666666,1.761190414428711,0.012890981510281563,1,1,4,4,0,0.16666666666666674,0.0019303979352116585,1,0.5,0.005193228179442888,0.002596614089721444,0.0,1,confirmed_streak,0,5,1,uncertain,0.95,5,severe_drift,0.9102599067687989,0.001661271381378174,0.3225846290588379,0.7393567276000976,1767889185.538714,1.622714638710022,0.05309199169278145
21,5376,5375,INSECTS_abrupt_balanced,insects_real,ts_drift_adapt_severity,20,"error_divergence_ph_meta@error.threshold=0.05,error.min_instances=5",error_divergence_ph_meta,"{""divergence"": {""alpha"": 0.1, ""delta"": 0.005, ""min_instances"": 30, ""threshold"": 0.05}, ""error_rate"": {""alpha"": 0.15, ""delta"": 0.005, ""min_instances"": 5, ""threshold"": 0.05}}","{""error_rate"": {""min_instances"": 5, ""threshold"": 0.05}}",0.05,0.005,0.15,5,0.05,0.005,0.1,30,,,,-1,two_stage,2,0.5,"confirm_cooldown=200,divergence=0.3,error_rate=0.5,teacher_entropy=0.2",1,0,200,0.0,0,10000,10.0,25.0,200,500,0,0,2.0,0.20777529761904762,0.031264016364661695,0.75,1.7618356943130493,0.010942759923636913,0,0,4,4,-1,0.0,0.08333333333333337,0,0.0,0.0,0.0,0.0,1,confirmed_streak,0,5,0,uncertain,0.95,5,mild_drift,0.9301299533843994,0.0014806356906890872,0.36129231452941896,0.7496783638000488,1767889185.5845373,1.7301445007324219,0.04527644068002701
22,5632,5631,INSECTS_abrupt_balanced,insects_real,ts_drift_adapt_severity,20,"error_divergence_ph_meta@error.threshold=0.05,error.min_instances=5",error_divergence_ph_meta,"{""divergence"": {""alpha"": 0.1, ""delta"": 0.005, ""min_instances"": 30, ""threshold"": 0.05}, ""error_rate"": {""alpha"": 0.15, ""delta"": 0.005, ""min_instances"": 5, ""threshold"": 0.05}}","{""error_rate"": {""min_instances"": 5, ""threshold"": 0.05}}",0.05,0.005,0.15,5,0.05,0.005,0.1,30,,,,-1,two_stage,2,0.5,"confirm_cooldown=200,divergence=0.3,error_rate=0.5,teacher_entropy=0.2",1,0,200,0.0,0,10000,10.0,25.0,200,500,0,0,2.0,0.20685369318181818,0.029644503168911134,0.8333333333333334,1.7603148221969604,0.010102291591465473,0,0,4,4,-1,0.0,0.08333333333333337,0,0.0,0.0,0.0,0.0,1,confirmed_streak,0,5,0,uncertain,0.95,5,mild_drift,0.9400649766921997,0.0013903178453445438,0.3806461572647095,0.7548391819000244,1767889185.730879,1.7754831314086914,0.04151105508208275
23,5888,5887,INSECTS_abrupt_balanced,insects_real,ts_drift_adapt_severity,20,"error_divergence_ph_meta@error.threshold=0.05,error.min_instances=5",error_divergence_ph_meta,"{""divergence"": {""alpha"": 0.1, ""delta"": 0.005, ""min_instances"": 30, ""threshold"": 0.05}, ""error_rate"": {""alpha"": 0.15, ""delta"": 0.005, ""min_instances"": 5, ""threshold"": 0.05}}","{""error_rate"": {""min_instances"": 5, ""threshold"": 0.05}}",0.05,0.005,0.15,5,0.05,0.005,0.1,30,,,,-1,two_stage,2,0.5,"confirm_cooldown=200,divergence=0.3,error_rate=0.5,teacher_entropy=0.2",1,0,200,0.0,0,10000,10.0,25.0,200,500,0,0,2.0,0.20872961956521738,0.031691479692984206,0.9166666666666666,1.760010838508606,0.009504199959337711,0,0,4,4,-1,0.0,0.08333333333333326,0,0.0,0.0,0.0,0.0,1,confirmed_streak,0,5,0,uncertain,0.95,5,mild_drift,0.9450324883460999,0.0013451589226722719,0.39032307863235477,0.7574195909500122,1767889186.0297225,1.7482088804244995,0.03884965553879738
24,6144,6143,INSECTS_abrupt_balanced,insects_real,ts_drift_adapt_severity,20,"error_divergence_ph_meta@error.threshold=0.05,error.min_instances=5",error_divergence_ph_meta,"{""divergence"": {""alpha"": 0.1, ""delta"": 0.005, ""min_instances"": 30, ""threshold"": 0.05}, ""error_rate"": {""alpha"": 0.15, ""delta"": 0.005, ""min_instances"": 5, ""threshold"": 0.05}}","{""error_rate"": {""min_instances"": 5, ""threshold"": 0.05}}",0.05,0.005,0.15,5,0.05,0.005,0.1,30,,,,-1,two_stage,2,0.5,"confirm_cooldown=200,divergence=0.3,error_rate=0.5,teacher_entropy=0.2",1,0,200,0.0,0,10000,10.0,25.0,200,500,0,0,2.0,0.20865885416666666,0.031105838811044288,0.6666666666666666,1.7608652114868164,0.008676378056406975,0,0,4,4,-1,0.0,0.25,0,0.0,0.0,0.0,0.0,1,confirmed_streak,0,5,0,uncertain,0.95,5,mild_drift,0.9475162441730499,0.001322579461336136,0.39516153931617737,0.7587097954750062,1767889186.1863167,1.6234475374221802,0.03551102802157402
25,6400,6399,INSECTS_abrupt_balanced,insects_real,ts_drift_adapt_severity,20,"error_divergence_ph_meta@error.threshold=0.05,error.min_instances=5",error_divergence_ph_meta,"{""divergence"": {""alpha"": 0.1, ""delta"": 0.005, ""min_instances"": 30, ""threshold"": 0.05}, ""error_rate"": {""alpha"": 0.15, ""delta"": 0.005, ""min_instances"": 5, ""threshold"": 0.05}}","{""error_rate"": {""min_instances"": 5, ""threshold"": 0.05}}",0.05,0.005,0.15,5,0.05,0.005,0.1,30,,,,-1,two_stage,2,0.5,"confirm_cooldown=200,divergence=0.3,error_rate=0.5,teacher_entropy=0.2",1,0,200,0.0,0,10000,10.0,25.0,200,500,0,0,2.0,0.20953125,0.03163744570090672,1.0,1.7596124410629272,0.008741847239434719,1,1,5,5,0,0.33333333333333337,0.33333333333333337,1,0.5,0.02992328480412464,0.01496164240206232,0.0,1,confirmed_streak,0,5,1,uncertain,0.95,5,severe_drift,0.9102581220865249,0.001661289730668068,0.3225807696580887,0.7393548977375031,1767889186.3329954,1.716802716255188,0.036004334688186646
26,6656,6655,INSECTS_abrupt_balanced,insects_real,ts_drift_adapt_severity,20,"error_divergence_ph_meta@error.threshold=0.05,error.min_instances=5",error_divergence_ph_meta,"{""divergence"": {""alpha"": 0.1, ""delta"": 0.005, ""min_instances"": 30, ""threshold"": 0.05}, ""error_rate"": {""alpha"": 0.15, ""delta"": 0.005, ""min_instances"": 5, ""threshold"": 0.05}}","{""error_rate"": {""min_instances"": 5, ""threshold"": 0.05}}",0.05,0.005,0.15,5,0.05,0.005,0.1,30,,,,-1,two_stage,2,0.5,"confirm_cooldown=200,divergence=0.3,error_rate=0.5,teacher_entropy=0.2",1,0,200,0.0,0,10000,10.0,25.0,200,500,0,0,2.0,0.21063701923076922,0.032233681314343225,0.6666666666666666,1.759774923324585,0.008079683408141136,0,0,5,5,-1,0.0,0.33333333333333337,0,0.0,0.0,0.0,0.0,1,confirmed_streak,0,5,0,uncertain,0.95,5,mild_drift,0.9301290610432624,0.0014806448653340342,0.36129038482904435,0.7496774488687515,1767889186.4686353,1.690255045890808,0.03302726149559021
27,6912,6911,INSECTS_abrupt_balanced,insects_real,ts_drift_adapt_severity,20,"error_divergence_ph_meta@error.threshold=0.05,error.min_instances=5",error_divergence_ph_meta,"{""divergence"": {""alpha"": 0.1, ""delta"": 0.005, ""min_instances"": 30, ""threshold"": 0.05}, ""error_rate"": {""alpha"": 0.15, ""delta"": 0.005, ""min_instances"": 5, ""threshold"": 0.05}}","{""error_rate"": {""min_instances"": 5, ""threshold"": 0.05}}",0.05,0.005,0.15,5,0.05,0.005,0.1,30,,,,-1,two_stage,2,0.5,"confirm_cooldown=200,divergence=0.3,error_rate=0.5,teacher_entropy=0.2",1,0,200,0.0,0,10000,10.0,25.0,200,500,0,0,2.0,0.21180555555555555,0.033573764197761195,0.75,1.758644700050354,0.007880759425461292,0,0,5,5,-1,0.0,0.08333333333333337,0,0.0,0.0,0.0,0.0,1,confirmed_streak,0,5,0,uncertain,0.95,5,mild_drift,0.9400645305216312,0.001390322432667017,0.3806451924145222,0.7548387244343757,1767889186.6176145,1.6891180276870728,0.032201461493968964
28,7168,7167,INSECTS_abrupt_balanced,insects_real,ts_drift_adapt_severity,20,"error_divergence_ph_meta@error.threshold=0.05,error.min_instances=5",error_divergence_ph_meta,"{""divergence"": {""alpha"": 0.1, ""delta"": 0.005, ""min_instances"": 30, ""threshold"": 0.05}, ""error_rate"": {""alpha"": 0.15, ""delta"": 0.005, ""min_instances"": 5, ""threshold"": 0.05}}","{""error_rate"": {""min_instances"": 5, ""threshold"": 0.05}}",0.05,0.005,0.15,5,0.05,0.005,0.1,30,,,,-1,two_stage,2,0.5,"confirm_cooldown=200,divergence=0.3,error_rate=0.5,teacher_entropy=0.2",1,0,200,0.0,0,10000,10.0,25.0,200,500,0,0,2.0,0.2119140625,0.0337120909125099,0.75,1.7558242082595825,0.007821943610906601,0,0,5,5,-1,0.0,5.8815814554691315e-05,0,0.0,0.0,0.0,0.0,1,confirmed_streak,0,5,0,uncertain,0.95,5,mild_drift,0.9450322652608156,0.0013451612163335085,0.3903225962072611,0.7574193622171879,1767889186.7779386,1.6941925287246704,0.032001372426748276
29,7424,7423,INSECTS_abrupt_balanced,insects_real,ts_drift_adapt_severity,20,"error_divergence_ph_meta@error.threshold=0.05,error.min_instances=5",error_divergence_ph_meta,"{""divergence"": {""alpha"": 0.1, ""delta"": 0.005, ""min_instances"": 30, ""threshold"": 0.05}, ""error_rate"": {""alpha"": 0.15, ""delta"": 0.005, ""min_instances"": 5, ""threshold"": 0.05}}","{""error_rate"": {""min_instances"": 5, ""threshold"": 0.05}}",0.05,0.005,0.15,5,0.05,0.005,0.1,30,,,,-1,two_stage,2,0.5,"confirm_cooldown=200,divergence=0.3,error_rate=0.5,teacher_entropy=0.2",1,0,200,0.0,0,10000,10.0,25.0,200,500,0,0,2.0,0.2134967672413793,0.035691982362547864,0.75,1.753783941268921,0.007581730838865042,0,0,5,5,-1,0.0,0.00024021277204155922,0,0.0,0.0,0.0,0.0,1,confirmed_streak,0,5,0,uncertain,0.95,5,mild_drift,0.9475161326304078,0.0013225806081667542,0.39516129810363054,0.7587096811085939,1767889186.9420435,1.6718997955322266,0.031095175072550774
30,7680,7679,INSECTS_abrupt_balanced,insects_real,ts_drift_adapt_severity,20,"error_divergence_ph_meta@error.threshold=0.05,error.min_instances=5",error_divergence_ph_meta,"{""divergence"": {""alpha"": 0.1, ""delta"": 0.005, ""min_instances"": 30, ""threshold"": 0.05}, ""error_rate"": {""alpha"": 0.15, ""delta"": 0.005, ""min_instances"": 5, ""threshold"": 0.05}}","{""error_rate"": {""min_instances"": 5, ""threshold"": 0.05}}",0.05,0.005,0.15,5,0.05,0.005,0.1,30,,,,-1,two_stage,2,0.5,"confirm_cooldown=200,divergence=0.3,error_rate=0.5,teacher_entropy=0.2",1,0,200,0.0,0,10000,10.0,25.0,200,500,0,0,2.0,0.21432291666666667,0.036480214638909214,0.9166666666666666,1.7557604312896729,0.007097382098436356,1,1,6,6,0,0.08333333333333337,0.16666666666666663,1,0.5,0.0026616265715346337,0.0013308132857673168,0.0,1,confirmed_streak,0,5,1,uncertain,0.95,5,mild_drift,0.9487580663152039,0.001311290304083377,0.3975806490518153,0.7593548405542969,1767889187.0842402,1.745967984199524,0.029129531234502792
31,7936,7935,INSECTS_abrupt_balanced,insects_real,ts_drift_adapt_severity,20,"error_divergence_ph_meta@error.threshold=0.05,error.min_instances=5",error_divergence_ph_meta,"{""divergence"": {""alpha"": 0.1, ""delta"": 0.005, ""min_instances"": 30, ""threshold"": 0.05}, ""error_rate"": {""alpha"": 0.15, ""delta"": 0.005, ""min_instances"": 5, ""threshold"": 0.05}}","{""error_rate"": {""min_instances"": 5, ""threshold"": 0.05}}",0.05,0.005,0.15,5,0.05,0.005,0.1,30,,,,-1,two_stage,2,0.5,"confirm_cooldown=200,divergence=0.3,error_rate=0.5,teacher_entropy=0.2",1,0,200,0.0,0,10000,10.0,25.0,200,500,0,0,2.0,0.2139616935483871,0.035715996353526534,0.9166666666666666,1.7536273002624512,0.008198783732950687,0,0,6,6,-1,0.0,0.0011014016345143318,0,0.0,0.0,0.0,0.0,1,confirmed_streak,0,5,0,uncertain,0.95,5,mild_drift,0.949379033157602,0.0013056451520416885,0.3987903245259077,0.7596774202771485,1767889187.223972,1.641687273979187,0.033813007175922394
32,8192,8191,INSECTS_abrupt_balanced,insects_real,ts_drift_adapt_severity,20,"error_divergence_ph_meta@error.threshold=0.05,error.min_instances=5",error_divergence_ph_meta,"{""divergence"": {""alpha"": 0.1, ""delta"": 0.005, ""min_instances"": 30, ""threshold"": 0.05}, ""error_rate"": {""alpha"": 0.15, ""delta"": 0.005, ""min_instances"": 5, ""threshold"": 0.05}}","{""error_rate"": {""min_instances"": 5, ""threshold"": 0.05}}",0.05,0.005,0.15,5,0.05,0.005,0.1,30,,,,-1,two_stage,2,0.5,"confirm_cooldown=200,divergence=0.3,error_rate=0.5,teacher_entropy=0.2",1,0,200,0.0,0,10000,10.0,25.0,200,500,0,0,2.0,0.2158203125,0.037686008366590126,0.75,1.7519313097000122,0.007459599524736404,0,0,6,6,-1,0.0,0.16666666666666663,0,0.0,0.0,0.0,0.0,1,confirmed_streak,0,5,0,uncertain,0.95,5,mild_drift,0.949689516578801,0.0013028225760208442,0.39939516226295385,0.7598387101385742,1767889187.355759,1.7068017721176147,0.030698446556925774
33,8448,8447,INSECTS_abrupt_balanced,insects_real,ts_drift_adapt_severity,20,"error_divergence_ph_meta@error.threshold=0.05,error.min_instances=5",error_divergence_ph_meta,"{""divergence"": {""alpha"": 0.1, ""delta"": 0.005, ""min_instances"": 30, ""threshold"": 0.05}, ""error_rate"": {""alpha"": 0.15, ""delta"": 0.005, ""min_instances"": 5, ""threshold"": 0.05}}","{""error_rate"": {""min_instances"": 5, ""threshold"": 0.05}}",0.05,0.005,0.15,5,0.05,0.005,0.1,30,,,,-1,two_stage,2,0.5,"confirm_cooldown=200,divergence=0.3,error_rate=0.5,teacher_entropy=0.2",1,0,200,0.0,0,10000,10.0,25.0,200,500,0,0,2.0,0.2157907196969697,0.037598238086688614,0.8333333333333334,1.7489343881607056,0.00787054281681776,0,0,6,6,-1,0.0,0.08333333333333337,0,0.0,0.0,0.0,0.0,1,confirmed_streak,0,5,0,uncertain,0.95,5,mild_drift,0.9498447582894005,0.001301411288010422,0.3996975811314769,0.7599193550692871,1767889187.4980142,1.8543707132339478,0.03251655027270317
34,8704,8703,INSECTS_abrupt_balanced,insects_real,ts_drift_adapt_severity,20,"error_divergence_ph_meta@error.threshold=0.05,error.min_instances=5",error_divergence_ph_meta,"{""divergence"": {""alpha"": 0.1, ""delta"": 0.005, ""min_instances"": 30, ""threshold"": 0.05}, ""error_rate"": {""alpha"": 0.15, ""delta"": 0.005, ""min_instances"": 5, ""threshold"": 0.05}}","{""error_rate"": {""min_instances"": 5, ""threshold"": 0.05}}",0.05,0.005,0.15,5,0.05,0.005,0.1,30,,,,-1,two_stage,2,0.5,"confirm_cooldown=200,divergence=0.3,error_rate=0.5,teacher_entropy=0.2",1,0,200,0.0,0,10000,10.0,25.0,200,500,0,0,2.0,0.2182904411764706,0.040315100400090044,0.8333333333333334,1.7484753131866455,0.008054091595113277,0,0,6,6,-1,0.0,0.00018354877829551697,0,0.0,0.0,0.0,0.0,1,confirmed_streak,0,5,0,uncertain,0.95,5,mild_drift,0.9499223791447002,0.0013007056440052112,0.39984879056573847,0.7599596775346436,1767889187.675863,1.637264370918274,0.03318570926785469
35,8960,8959,INSECTS_abrupt_balanced,insects_real,ts_drift_adapt_severity,20,"error_divergence_ph_meta@error.threshold=0.05,error.min_instances=5",error_divergence_ph_meta,"{""divergence"": {""alpha"": 0.1, ""delta"": 0.005, ""min_instances"": 30, ""threshold"": 0.05}, ""error_rate"": {""alpha"": 0.15, ""delta"": 0.005, ""min_instances"": 5, ""threshold"": 0.05}}","{""error_rate"": {""min_instances"": 5, ""threshold"": 0.05}}",0.05,0.005,0.15,5,0.05,0.005,0.1,30,,,,-1,two_stage,2,0.5,"confirm_cooldown=200,divergence=0.3,error_rate=0.5,teacher_entropy=0.2",1,0,200,0.0,0,10000,10.0,25.0,200,500,0,0,2.0,0.21796875,0.039865128152112524,0.75,1.7483000755310059,0.008797184564173222,1,1,7,7,0,0.16666666666666663,0.08333333333333337,1,0.5,0.0015962415364485201,0.0007981207682242601,0.0,1,confirmed_streak,0,5,1,uncertain,0.95,5,severe_drift,0.9114611895723501,0.0016503528220026056,0.3249243952828692,0.7399798387673218,1767889187.8308778,1.5691584348678589,0.036303095519542694
36,9216,9215,INSECTS_abrupt_balanced,insects_real,ts_drift_adapt_severity,20,"error_divergence_ph_meta@error.threshold=0.05,error.min_instances=5",error_divergence_ph_meta,"{""divergence"": {""alpha"": 0.1, ""delta"": 0.005, ""min_instances"": 30, ""threshold"": 0.05}, ""error_rate"": {""alpha"": 0.15, ""delta"": 0.005, ""min_instances"": 5, ""threshold"": 0.05}}","{""error_rate"": {""min_instances"": 5, ""threshold"": 0.05}}",0.05,0.005,0.15,5,0.05,0.005,0.1,30,,,,-1,two_stage,2,0.5,"confirm_cooldown=200,divergence=0.3,error_rate=0.5,teacher_entropy=0.2",1,0,200,0.0,0,10000,10.0,25.0,200,500,0,0,2.0,0.2192925347222222,0.04125122323060463,0.8333333333333334,1.7449349164962769,0.008536195382475853,0,0,7,7,-1,0.0,0.08333333333333337,0,0.0,0.0,0.0,0.0,1,confirmed_streak,0,5,0,uncertain,0.95,5,mild_drift,0.930730594786175,0.0014751764110013028,0.3624621976414346,0.7499899193836609,1767889188.0029533,1.6730245351791382,0.035100363194942474
37,9472,9471,INSECTS_abrupt_balanced,insects_real,ts_drift_adapt_severity,20,"error_divergence_ph_meta@error.threshold=0.05,error.min_instances=5",error_divergence_ph_meta,"{""divergence"": {""alpha"": 0.1, ""delta"": 0.005, ""min_instances"": 30, ""threshold"": 0.05}, ""error_rate"": {""alpha"": 0.15, ""delta"": 0.005, ""min_instances"": 5, ""threshold"": 0.05}}","{""error_rate"": {""min_instances"": 5, ""threshold"": 0.05}}",0.05,0.005,0.15,5,0.05,0.005,0.1,30,,,,-1,two_stage,2,0.5,"confirm_cooldown=200,divergence=0.3,error_rate=0.5,teacher_entropy=0.2",1,0,200,0.0,0,10000,10.0,25.0,200,500,0,0,2.0,0.22012246621621623,0.04219250566586857,1.0,1.740567922592163,0.008645105175673962,0,0,7,7,-1,0.0,0.16666666666666663,0,0.0,0.0,0.0,0.0,1,confirmed_streak,0,5,0,uncertain,0.95,5,mild_drift,0.9403652973930875,0.0013875882055006516,0.3812310988207173,0.7549949596918304,1767889188.1778057,1.8957843780517578,0.03538196533918381
38,9728,9727,INSECTS_abrupt_balanced,insects_real,ts_drift_adapt_severity,20,"error_divergence_ph_meta@error.threshold=0.05,error.min_instances=5",error_divergence_ph_meta,"{""divergence"": {""alpha"": 0.1, ""delta"": 0.005, ""min_instances"": 30, ""threshold"": 0.05}, ""error_rate"": {""alpha"": 0.15, ""delta"": 0.005, ""min_instances"": 5, ""threshold"": 0.05}}","{""error_rate"": {""min_instances"": 5, ""threshold"": 0.05}}",0.05,0.005,0.15,5,0.05,0.005,0.1,30,,,,-1,two_stage,2,0.5,"confirm_cooldown=200,divergence=0.3,error_rate=0.5,teacher_entropy=0.2",1,0,200,0.0,0,10000,10.0,25.0,200,500,0,0,2.0,0.2197779605263158,0.041779880914200054,0.9166666666666666,1.739855408668518,0.008166588842868805,0,0,7,7,-1,0.0,0.08333333333333337,0,0.0,0.0,0.0,0.0,1,confirmed_streak,0,5,0,uncertain,0.95,5,mild_drift,0.9451826486965438,0.0013437941027503258,0.3906155494103587,0.7574974798459152,1767889188.3313653,1.7208857536315918,0.03347013518214226
39,9984,9983,INSECTS_abrupt_balanced,insects_real,ts_drift_adapt_severity,20,"error_divergence_ph_meta@error.threshold=0.05,error.min_instances=5",error_divergence_ph_meta,"{""divergence"": {""alpha"": 0.1, ""delta"": 0.005, ""min_instances"": 30, ""threshold"": 0.05}, ""error_rate"": {""alpha"": 0.15, ""delta"": 0.005, ""min_instances"": 5, ""threshold"": 0.05}}","{""error_rate"": {""min_instances"": 5, ""threshold"": 0.05}}",0.05,0.005,0.15,5,0.05,0.005,0.1,30,,,,-1,two_stage,2,0.5,"confirm_cooldown=200,divergence=0.3,error_rate=0.5,teacher_entropy=0.2",1,0,200,0.0,0,10000,10.0,25.0,200,500,0,0,2.0,0.22005208333333334,0.04187670062295988,0.9166666666666666,1.7395827770233154,0.007791747804731131,0,0,7,7,-1,0.0,0.00037484103813767433,0,0.0,0.0,0.0,0.0,1,confirmed_streak,0,5,0,uncertain,0.95,5,mild_drift,0.9475913243482719,0.001321897051375163,0.39530777470517936,0.7587487399229575,1767889188.4778328,1.9437919855117798,0.03197803348302841
40,10240,10239,INSECTS_abrupt_balanced,insects_real,ts_drift_adapt_severity,20,"error_divergence_ph_meta@error.threshold=0.05,error.min_instances=5",error_divergence_ph_meta,"{""divergence"": {""alpha"": 0.1, ""delta"": 0.005, ""min_instances"": 30, ""threshold"": 0.05}, ""error_rate"": {""alpha"": 0.15, ""delta"": 0.005, ""min_instances"": 5, ""threshold"": 0.05}}","{""error_rate"": {""min_instances"": 5, ""threshold"": 0.05}}",0.05,0.005,0.15,5,0.05,0.005,0.1,30,,,,-1,two_stage,2,0.5,"confirm_cooldown=200,divergence=0.3,error_rate=0.5,teacher_entropy=0.2",1,0,200,0.0,0,10000,10.0,25.0,200,500,0,0,2.0,0.2216796875,0.04389616063380493,0.8333333333333334,1.7381359338760376,0.007936407811939716,1,1,8,8,0,0.08333333333333337,0.08333333333333326,1,0.5,0.0003164728075085994,0.0001582364037542997,0.0,1,confirmed_streak,0,5,1,uncertain,0.95,5,mild_drift,0.9487956621741359,0.0013109485256875817,0.39765388735258966,0.7593743699614788,1767889188.627994,1.7999801635742188,0.032750364392995834
41,10496,10495,INSECTS_abrupt_balanced,insects_real,ts_drift_adapt_severity,20,"error_divergence_ph_meta@error.threshold=0.05,error.min_instances=5",error_divergence_ph_meta,"{""divergence"": {""alpha"": 0.1, ""delta"": 0.005, ""min_instances"": 30, ""threshold"": 0.05}, ""error_rate"": {""alpha"": 0.15, ""delta"": 0.005, ""min_instances"": 5, ""threshold"": 0.05}}","{""error_rate"": {""min_instances"": 5, ""threshold"": 0.05}}",0.05,0.005,0.15,5,0.05,0.005,0.1,30,,,,-1,two_stage,2,0.5,"confirm_cooldown=200,divergence=0.3,error_rate=0.5,teacher_entropy=0.2",1,0,200,0.0,0,10000,10.0,25.0,200,500,0,0,2.0,0.22065548780487804,0.04259857638618239,0.8333333333333334,1.7347455024719238,0.007811048999428749,0,0,8,8,-1,0.0,0.00012535881251096725,0,0.0,0.0,0.0,0.0,1,confirmed_streak,0,5,0,uncertain,0.95,5,mild_drift,0.9493978310870679,0.001305474262843791,0.39882694367629484,0.7596871849807394,1767889188.8041277,1.8902333974838257,0.0321061834692955
42,10752,10751,INSECTS_abrupt_balanced,insects_real,ts_drift_adapt_severity,20,"error_divergence_ph_meta@error.threshold=0.05,error.min_instances=5",error_divergence_ph_meta,"{""divergence"": {""alpha"": 0.1, ""delta"": 0.005, ""min_instances"": 30, ""threshold"": 0.05}, ""error_rate"": {""alpha"": 0.15, ""delta"": 0.005, ""min_instances"": 5, ""threshold"": 0.05}}","{""error_rate"": {""min_instances"": 5, ""threshold"": 0.05}}",0.05,0.005,0.15,5,0.05,0.005,0.1,30,,,,-1,two_stage,2,0.5,"confirm_cooldown=200,divergence=0.3,error_rate=0.5,teacher_entropy=0.2",1,0,200,0.0,0,10000,10.0,25.0,200,500,0,0,2.0,0.2222842261904762,0.04453162511356307,0.6666666666666666,1.7302193641662598,0.006580692250281572,0,0,8,8,-1,0.0,0.16666666666666674,0,0.0,0.0,0.0,0.0,1,confirmed_streak,0,5,0,uncertain,0.95,5,mild_drift,0.9496989155435339,0.0013027371314218955,0.39941347183814746,0.7598435924903697,1767889189.009841,1.8294297456741333,0.026730136945843697
43,11008,11007,INSECTS_abrupt_balanced,insects_real,ts_drift_adapt_severity,20,"error_divergence_ph_meta@error.threshold=0.05,error.min_instances=5",error_divergence_ph_meta,"{""divergence"": {""alpha"": 0.1, ""delta"": 0.005, ""min_instances"": 30, ""threshold"": 0.05}, ""error_rate"": {""alpha"": 0.15, ""delta"": 0.005, ""min_instances"": 5, ""threshold"": 0.05}}","{""error_rate"": {""min_instances"": 5, ""threshold"": 0.05}}",0.05,0.005,0.15,5,0.05,0.005,0.1,30,,,,-1,two_stage,2,0.5,"confirm_cooldown=200,divergence=0.3,error_rate=0.5,teacher_entropy=0.2",1,0,200,0.0,0,10000,10.0,25.0,200,500,0,0,2.0,0.22265625,0.04471551492946392,0.5833333333333334,1.7344422340393066,0.006128914188593626,0,0,8,8,-1,0.0,0.08333333333333326,0,0.0,0.0,0.0,0.0,1,confirmed_streak,0,5,0,uncertain,0.95,5,mild_drift,0.9498494577717669,0.001301368565710948,0.39970673591907374,0.7599217962451849,1767889189.1879966,1.5846896171569824,0.024973386898636818
44,11264,11263,INSECTS_abrupt_balanced,insects_real,ts_drift_adapt_severity,20,"error_divergence_ph_meta@error.threshold=0.05,error.min_instances=5",error_divergence_ph_meta,"{""divergence"": {""alpha"": 0.1, ""delta"": 0.005, ""min_instances"": 30, ""threshold"": 0.05}, ""error_rate"": {""alpha"": 0.15, ""delta"": 0.005, ""min_instances"": 5, ""threshold"": 0.05}}","{""error_rate"": {""min_instances"": 5, ""threshold"": 0.05}}",0.05,0.005,0.15,5,0.05,0.005,0.1,30,,,,-1,two_stage,2,0.5,"confirm_cooldown=200,divergence=0.3,error_rate=0.5,teacher_entropy=0.2",1,0,200,0.0,0,10000,10.0,25.0,200,500,0,0,2.0,0.22247869318181818,0.044828014871076544,0.6666666666666666,1.7277686595916748,0.005606472957879305,0,0,8,8,-1,0.0,0.08333333333333326,0,0.0,0.0,0.0,0.0,1,confirmed_streak,0,5,0,uncertain,0.95,5,mild_drift,0.9499247288858834,0.0013006842828554742,0.39985336795953685,0.7599608981225925,1767889189.3761814,1.815954566001892,0.022813841700553894
45,11520,11519,INSECTS_abrupt_balanced,insects_real,ts_drift_adapt_severity,20,"error_divergence_ph_meta@error.threshold=0.05,error.min_instances=5",error_divergence_ph_meta,"{""divergence"": {""alpha"": 0.1, ""delta"": 0.005, ""min_instances"": 30, ""threshold"": 0.05}, ""error_rate"": {""alpha"": 0.15, ""delta"": 0.005, ""min_instances"": 5, ""threshold"": 0.05}}","{""error_rate"": {""min_instances"": 5, ""threshold"": 0.05}}",0.05,0.005,0.15,5,0.05,0.005,0.1,30,,,,-1,two_stage,2,0.5,"confirm_cooldown=200,divergence=0.3,error_rate=0.5,teacher_entropy=0.2",1,0,200,0.0,0,10000,10.0,25.0,200,500,0,0,2.0,0.22274305555555557,0.04487573125285114,0.6666666666666666,1.732818603515625,0.005280289798974991,1,1,9,9,0,0.16666666666666674,0.00032618315890431404,1,0.5,-0.00040906404799685757,0.0,0.0,1,confirmed_streak,0,5,1,uncertain,0.95,5,severe_drift,0.9114623644429417,0.001650342141427737,0.3249266839797684,0.7399804490612962,1767889189.5632844,1.8210679292678833,0.021458027884364128
46,11776,11775,INSECTS_abrupt_balanced,insects_real,ts_drift_adapt_severity,20,"error_divergence_ph_meta@error.threshold=0.05,error.min_instances=5",error_divergence_ph_meta,"{""divergence"": {""alpha"": 0.1, ""delta"": 0.005, ""min_instances"": 30, ""threshold"": 0.05}, ""error_rate"": {""alpha"": 0.15, ""delta"": 0.005, ""min_instances"": 5, ""threshold"": 0.05}}","{""error_rate"": {""min_instances"": 5, ""threshold"": 0.05}}",0.05,0.005,0.15,5,0.05,0.005,0.1,30,,,,-1,two_stage,2,0.5,"confirm_cooldown=200,divergence=0.3,error_rate=0.5,teacher_entropy=0.2",1,0,200,0.0,0,10000,10.0,25.0,200,500,0,0,2.0,0.22316576086956522,0.04522457621128658,0.75,1.729610800743103,0.005475211422890425,0,0,9,9,-1,0.0,0.08333333333333337,0,0.0,0.0,0.0,0.0,1,confirmed_streak,0,5,0,uncertain,0.95,5,mild_drift,0.9307311822214708,0.0014751710707138687,0.3624633419898842,0.7499902245306481,1767889189.7416494,1.7486987113952637,0.022255349904298782
47,12032,12031,INSECTS_abrupt_balanced,insects_real,ts_drift_adapt_severity,20,"error_divergence_ph_meta@error.threshold=0.05,error.min_instances=5",error_divergence_ph_meta,"{""divergence"": {""alpha"": 0.1, ""delta"": 0.005, ""min_instances"": 30, ""threshold"": 0.05}, ""error_rate"": {""alpha"": 0.15, ""delta"": 0.005, ""min_instances"": 5, ""threshold"": 0.05}}","{""error_rate"": {""min_instances"": 5, ""threshold"": 0.05}}",0.05,0.005,0.15,5,0.05,0.005,0.1,30,,,,-1,two_stage,2,0.5,"confirm_cooldown=200,divergence=0.3,error_rate=0.5,teacher_entropy=0.2",1,0,200,0.0,0,10000,10.0,25.0,200,500,0,0,2.0,0.2237367021276596,0.045762698364756535,0.9166666666666666,1.7265241146087646,0.004733125679194927,0,0,9,9,-1,0.0,0.16666666666666663,0,0.0,0.0,0.0,0.0,1,confirmed_streak,0,5,0,uncertain,0.95,5,mild_drift,0.9403655911107354,0.0013875855353569343,0.38123167099494215,0.754995112265324,1767889189.932807,1.7139196395874023,0.01912432350218296
48,12288,12287,INSECTS_abrupt_balanced,insects_real,ts_drift_adapt_severity,20,"error_divergence_ph_meta@error.threshold=0.05,error.min_instances=5",error_divergence_ph_meta,"{""divergence"": {""alpha"": 0.1, ""delta"": 0.005, ""min_instances"": 30, ""threshold"": 0.05}, ""error_rate"": {""alpha"": 0.15, ""delta"": 0.005, ""min_instances"": 5, ""threshold"": 0.05}}","{""error_rate"": {""min_instances"": 5, ""threshold"": 0.05}}",0.05,0.005,0.15,5,0.05,0.005,0.1,30,,,,-1,two_stage,2,0.5,"confirm_cooldown=200,divergence=0.3,error_rate=0.5,teacher_entropy=0.2",1,0,200,0.0,0,10000,10.0,25.0,200,500,0,0,2.0,0.22477213541666666,0.04697621154094254,0.75,1.7297395467758179,0.004955916199833155,0,0,9,9,-1,0.0,0.16666666666666663,0,0.0,0.0,0.0,0.0,1,confirmed_streak,0,5,0,uncertain,0.95,5,mild_drift,0.9451827955553677,0.0013437927676784671,0.3906158354974711,0.757497556132662,1767889190.1039367,1.7346515655517578,0.01989659108221531
49,12544,12543,INSECTS_abrupt_balanced,insects_real,ts_drift_adapt_severity,20,"error_divergence_ph_meta@error.threshold=0.05,error.min_instances=5",error_divergence_ph_meta,"{""divergence"": {""alpha"": 0.1, ""delta"": 0.005, ""min_instances"": 30, ""threshold"": 0.05}, ""error_rate"": {""alpha"": 0.15, ""delta"": 0.005, ""min_instances"": 5, ""threshold"": 0.05}}","{""error_rate"": {""min_instances"": 5, ""threshold"": 0.05}}",0.05,0.005,0.15,5,0.05,0.005,0.1,30,,,,-1,two_stage,2,0.5,"confirm_cooldown=200,divergence=0.3,error_rate=0.5,teacher_entropy=0.2",1,0,200,0.0,0,10000,10.0,25.0,200,500,0,0,2.0,0.2255261479591837,0.047834203194287,0.8333333333333334,1.7232701778411865,0.005274548660963774,0,0,9,9,-1,0.0,0.08333333333333337,0,0.0,0.0,0.0,0.0,1,confirmed_streak,0,5,0,uncertain,0.95,5,mild_drift,0.9475913977776838,0.0013218963838392338,0.3953079177487355,0.758748778066331,1767889190.2707317,1.7420631647109985,0.02117559127509594
50,12800,12799,INSECTS_abrupt_balanced,insects_real,ts_drift_adapt_severity,20,"error_divergence_ph_meta@error.threshold=0.05,error.min_instances=5",error_divergence_ph_meta,"{""divergence"": {""alpha"": 0.1, ""delta"": 0.005, ""min_instances"": 30, ""threshold"": 0.05}, ""error_rate"": {""alpha"": 0.15, ""delta"": 0.005, ""min_instances"": 5, ""threshold"": 0.05}}","{""error_rate"": {""min_instances"": 5, ""threshold"": 0.05}}",0.05,0.005,0.15,5,0.05,0.005,0.1,30,,,,-1,two_stage,2,0.5,"confirm_cooldown=200,divergence=0.3,error_rate=0.5,teacher_entropy=0.2",1,0,200,0.0,0,10000,10.0,25.0,200,500,0,0,2.0,0.222109375,0.046516124319545535,1.0,1.7314362525939941,0.004595319740474224,1,1,10,10,0,0.33333333333333337,0.16666666666666663,1,0.5,0.04733476587118524,0.02366738293559262,0.0,1,confirmed_streak,0,5,1,uncertain,0.95,5,severe_drift,0.9102956988888419,0.001660948191919617,0.32265395887436776,0.7393743890331655,1767889190.4371552,2.6237781047821045,0.018485739827156067
51,13056,13055,INSECTS_abrupt_balanced,insects_real,ts_drift_adapt_severity,20,"error_divergence_ph_meta@error.threshold=0.05,error.min_instances=5",error_divergence_ph_meta,"{""divergence"": {""alpha"": 0.1, ""delta"": 0.005, ""min_instances"": 30, ""threshold"": 0.05}, ""error_rate"": {""alpha"": 0.15, ""delta"": 0.005, ""min_instances"": 5, ""threshold"": 0.05}}","{""error_rate"": {""min_instances"": 5, ""threshold"": 0.05}}",0.05,0.005,0.15,5,0.05,0.005,0.1,30,,,,-1,two_stage,2,0.5,"confirm_cooldown=200,divergence=0.3,error_rate=0.5,teacher_entropy=0.2",1,0,200,0.0,0,10000,10.0,25.0,200,500,0,0,2.0,0.21775428921568626,0.04484195141858143,1.0,1.7309802770614624,0.004643557593226433,0,0,10,10,-1,0.0,4.823785275220871e-05,0,0.0,0.0,0.0,0.0,1,confirmed_streak,0,5,0,uncertain,0.95,5,mild_drift,0.9301478494444209,0.0014804740959598085,0.3613269794371839,0.7496871945165828,1767889190.6246872,2.6521246433258057,0.018696827813982964
52,13312,13311,INSECTS_abrupt_balanced,insects_real,ts_drift_adapt_severity,20,"error_divergence_ph_meta@error.threshold=0.05,error.min_instances=5",error_divergence_ph_meta,"{""divergence"": {""alpha"": 0.1, ""delta"": 0.005, ""min_instances"": 30, ""threshold"": 0.05}, ""error_rate"": {""alpha"": 0.15, ""delta"": 0.005, ""min_instances"": 5, ""threshold"": 0.05}}","{""error_rate"": {""min_instances"": 5, ""threshold"": 0.05}}",0.05,0.005,0.15,5,0.05,0.005,0.1,30,,,,-1,two_stage,2,0.5,"confirm_cooldown=200,divergence=0.3,error_rate=0.5,teacher_entropy=0.2",1,0,200,0.0,0,10000,10.0,25.0,200,500,0,0,2.0,0.21356670673076922,0.04326542737303412,1.0,1.7294954061508179,0.00567604461684823,0,0,10,10,-1,0.0,0.0010324870236217976,0,0.0,0.0,0.0,0.0,1,confirmed_streak,0,5,0,uncertain,0.95,5,mild_drift,0.9400739247222104,0.0013902370479799042,0.380663489718592,0.7548435972582914,1767889190.8189085,2.461437225341797,0.022779999300837517
53,13568,13567,INSECTS_abrupt_balanced,insects_real,ts_drift_adapt_severity,20,"error_divergence_ph_meta@error.threshold=0.05,error.min_instances=5",error_divergence_ph_meta,"{""divergence"": {""alpha"": 0.1, ""delta"": 0.005, ""min_instances"": 30, ""threshold"": 0.05}, ""error_rate"": {""alpha"": 0.15, ""delta"": 0.005, ""min_instances"": 5, ""threshold"": 0.05}}","{""error_rate"": {""min_instances"": 5, ""threshold"": 0.05}}",0.05,0.005,0.15,5,0.05,0.005,0.1,30,,,,-1,two_stage,2,0.5,"confirm_cooldown=200,divergence=0.3,error_rate=0.5,teacher_entropy=0.2",1,0,200,0.0,0,10000,10.0,25.0,200,500,0,0,2.0,0.2095371462264151,0.04177890414985823,1.0,1.7302266359329224,0.006585586816072464,0,0,10,10,-1,0.0,0.0009095421992242336,0,0.0,0.0,0.0,0.0,1,confirmed_streak,0,5,0,uncertain,0.95,5,mild_drift,0.9450369623611052,0.0013451185239899523,0.390331744859296,0.7574217986291457,1767889191.009566,2.324230194091797,0.026238564401865005
54,13824,13823,INSECTS_abrupt_balanced,insects_real,ts_drift_adapt_severity,20,"error_divergence_ph_meta@error.threshold=0.05,error.min_instances=5",error_divergence_ph_meta,"{""divergence"": {""alpha"": 0.1, ""delta"": 0.005, ""min_instances"": 30, ""threshold"": 0.05}, ""error_rate"": {""alpha"": 0.15, ""delta"": 0.005, ""min_instances"": 5, ""threshold"": 0.05}}","{""error_rate"": {""min_instances"": 5, ""threshold"": 0.05}}",0.05,0.005,0.15,5,0.05,0.005,0.1,30,,,,-1,two_stage,2,0.5,"confirm_cooldown=200,divergence=0.3,error_rate=0.5,teacher_entropy=0.2",1,0,200,0.0,0,10000,10.0,25.0,200,500,0,0,2.0,0.20572916666666666,0.040466166966355965,1.0,1.7357234954833984,0.008720675483345985,0,0,10,10,-1,0.0,0.0021350886672735214,0,0.0,0.0,0.0,0.0,1,confirmed_streak,0,5,0,uncertain,0.95,5,mild_drift,0.9475184811805526,0.0013225592619949761,0.395165872429648,0.7587108993145728,1767889191.209551,2.1706905364990234,0.03444371372461319
55,14080,14079,INSECTS_abrupt_balanced,insects_real,ts_drift_adapt_severity,20,"error_divergence_ph_meta@error.threshold=0.05,error.min_instances=5",error_divergence_ph_meta,"{""divergence"": {""alpha"": 0.1, ""delta"": 0.005, ""min_instances"": 30, ""threshold"": 0.05}, ""error_rate"": {""alpha"": 0.15, ""delta"": 0.005, ""min_instances"": 5, ""threshold"": 0.05}}","{""error_rate"": {""min_instances"": 5, ""threshold"": 0.05}}",0.05,0.005,0.15,5,0.05,0.005,0.1,30,,,,-1,two_stage,2,0.5,"confirm_cooldown=200,divergence=0.3,error_rate=0.5,teacher_entropy=0.2",1,0,200,0.0,0,10000,10.0,25.0,200,500,0,0,2.0,0.2021306818181818,0.03931042415295756,1.0,1.7365585565567017,0.012247086502611637,0,0,10,10,-1,0.0,0.0035264110192656517,0,0.0,0.0,0.0,0.0,1,confirmed_streak,0,5,0,uncertain,0.95,5,mild_drift,0.9487592405902763,0.001311279630997488,0.397582936214824,0.7593554496572864,1767889191.3896315,1.926012396812439,0.04780176281929016
56,14336,14335,INSECTS_abrupt_balanced,insects_real,ts_drift_adapt_severity,20,"error_divergence_ph_meta@error.threshold=0.05,error.min_instances=5",error_divergence_ph_meta,"{""divergence"": {""alpha"": 0.1, ""delta"": 0.005, ""min_instances"": 30, ""threshold"": 0.05}, ""error_rate"": {""alpha"": 0.15, ""delta"": 0.005, ""min_instances"": 5, ""threshold"": 0.05}}","{""error_rate"": {""min_instances"": 5, ""threshold"": 0.05}}",0.05,0.005,0.15,5,0.05,0.005,0.1,30,,,,-1,two_stage,2,0.5,"confirm_cooldown=200,divergence=0.3,error_rate=0.5,teacher_entropy=0.2",1,0,200,0.0,0,10000,10.0,25.0,200,500,0,0,2.0,0.20061383928571427,0.04055944193161303,0.8333333333333334,1.7403979301452637,0.017105473205447197,1,1,11,11,0,0.16666666666666663,0.16666666666666663,1,0.5,0.0020455864539544013,0.0010227932269772006,0.0,1,confirmed_streak,0,5,1,uncertain,0.95,5,severe_drift,0.9108796202951381,0.001655639815498744,0.323791468107412,0.7396777248286432,1767889191.6220913,1.699959397315979,0.06560058891773224
57,14592,14591,INSECTS_abrupt_balanced,insects_real,ts_drift_adapt_severity,20,"error_divergence_ph_meta@error.threshold=0.05,error.min_instances=5",error_divergence_ph_meta,"{""divergence"": {""alpha"": 0.1, ""delta"": 0.005, ""min_instances"": 30, ""threshold"": 0.05}, ""error_rate"": {""alpha"": 0.15, ""delta"": 0.005, ""min_instances"": 5, ""threshold"": 0.05}}","{""error_rate"": {""min_instances"": 5, ""threshold"": 0.05}}",0.05,0.005,0.15,5,0.05,0.005,0.1,30,,,,-1,two_stage,2,0.5,"confirm_cooldown=200,divergence=0.3,error_rate=0.5,teacher_entropy=0.2",1,0,200,0.0,0,10000,10.0,25.0,200,500,0,0,2.0,0.19997258771929824,0.03974032453739374,0.9166666666666666,1.745436429977417,0.024422593414783478,0,0,11,11,-1,0.0,0.08333333333333326,0,0.0,0.0,0.0,0.0,1,confirmed_streak,0,5,0,uncertain,0.95,5,mild_drift,0.930439810147569,0.0014778199077493722,0.361895734053706,0.7498388624143216,1767889191.8478677,1.9367890357971191,0.09285622835159302
58,14848,14847,INSECTS_abrupt_balanced,insects_real,ts_drift_adapt_severity,20,"error_divergence_ph_meta@error.threshold=0.05,error.min_instances=5",error_divergence_ph_meta,"{""divergence"": {""alpha"": 0.1, ""delta"": 0.005, ""min_instances"": 30, ""threshold"": 0.05}, ""error_rate"": {""alpha"": 0.15, ""delta"": 0.005, ""min_instances"": 5, ""threshold"": 0.05}}","{""error_rate"": {""min_instances"": 5, ""threshold"": 0.05}}",0.05,0.005,0.15,5,0.05,0.005,0.1,30,,,,-1,two_stage,2,0.5,"confirm_cooldown=200,divergence=0.3,error_rate=0.5,teacher_entropy=0.2",1,0,200,0.0,0,10000,10.0,25.0,200,500,0,0,2.0,0.19713092672413793,0.03621622786854515,1.0,1.7501819133758545,0.0303033497184515,0,0,11,11,-1,0.0,0.08333333333333337,0,0.0,0.0,0.0,0.0,1,confirmed_streak,0,5,0,uncertain,0.95,5,mild_drift,0.9402199050737845,0.001388909953874686,0.380947867026853,0.7549194312071608,1767889192.0332165,1.9625697135925293,0.1140591949224472
59,15104,15103,INSECTS_abrupt_balanced,insects_real,ts_drift_adapt_severity,20,"error_divergence_ph_meta@error.threshold=0.05,error.min_instances=5",error_divergence_ph_meta,"{""divergence"": {""alpha"": 0.1, ""delta"": 0.005, ""min_instances"": 30, ""threshold"": 0.05}, ""error_rate"": {""alpha"": 0.15, ""delta"": 0.005, ""min_instances"": 5, ""threshold"": 0.05}}","{""error_rate"": {""min_instances"": 5, ""threshold"": 0.05}}",0.05,0.005,0.15,5,0.05,0.005,0.1,30,,,,-1,two_stage,2,0.5,"confirm_cooldown=200,divergence=0.3,error_rate=0.5,teacher_entropy=0.2",1,0,200,0.0,0,10000,10.0,25.0,200,500,0,0,2.0,0.19392213983050846,0.032405735405069164,1.0,1.7573552131652832,0.03267781436443329,0,0,11,11,-1,0.0,0.0023744646459817886,0,0.0,0.0,0.0,0.0,1,confirmed_streak,0,5,0,uncertain,0.95,5,mild_drift,0.9451099525368922,0.0013444549769373432,0.3904739335134265,0.7574597156035804,1767889192.2310898,1.8416162729263306,0.12277358770370483
60,15360,15359,INSECTS_abrupt_balanced,insects_real,ts_drift_adapt_severity,20,"error_divergence_ph_meta@error.threshold=0.05,error.min_instances=5",error_divergence_ph_meta,"{""divergence"": {""alpha"": 0.1, ""delta"": 0.005, ""min_instances"": 30, ""threshold"": 0.05}, ""error_rate"": {""alpha"": 0.15, ""delta"": 0.005, ""min_instances"": 5, ""threshold"": 0.05}}","{""error_rate"": {""min_instances"": 5, ""threshold"": 0.05}}",0.05,0.005,0.15,5,0.05,0.005,0.1,30,,,,-1,two_stage,2,0.5,"confirm_cooldown=200,divergence=0.3,error_rate=0.5,teacher_entropy=0.2",1,0,200,0.0,0,10000,10.0,25.0,200,500,0,0,2.0,0.19069010416666668,0.02875125818673395,1.0,1.7592313289642334,0.03462090343236923,0,0,11,11,-1,0.0,0.0019430890679359436,0,0.0,0.0,0.0,0.0,1,confirmed_streak,0,5,0,uncertain,0.95,5,mild_drift,0.9475549762684461,0.0013222274884686718,0.39523696675671327,0.7587298578017903,1767889192.442983,1.9438968896865845,0.13060730695724487
61,15616,15615,INSECTS_abrupt_balanced,insects_real,ts_drift_adapt_severity,20,"error_divergence_ph_meta@error.threshold=0.05,error.min_instances=5",error_divergence_ph_meta,"{""divergence"": {""alpha"": 0.1, ""delta"": 0.005, ""min_instances"": 30, ""threshold"": 0.05}, ""error_rate"": {""alpha"": 0.15, ""delta"": 0.005, ""min_instances"": 5, ""threshold"": 0.05}}","{""error_rate"": {""min_instances"": 5, ""threshold"": 0.05}}",0.05,0.005,0.15,5,0.05,0.005,0.1,30,,,,-1,two_stage,2,0.5,"confirm_cooldown=200,divergence=0.3,error_rate=0.5,teacher_entropy=0.2",1,0,200,0.0,0,10000,10.0,25.0,200,500,0,0,2.0,0.18762807377049182,0.025342492566956802,1.0,1.762625813484192,0.03559088706970215,0,0,11,11,-1,0.0,0.0009699836373329163,0,0.0,0.0,0.0,0.0,1,confirmed_streak,0,5,0,uncertain,0.95,5,mild_drift,0.948777488134223,0.001311113744234336,0.39761848337835665,0.7593649289008951,1767889192.639165,1.980656623840332,0.1347278207540512
62,15872,15871,INSECTS_abrupt_balanced,insects_real,ts_drift_adapt_severity,20,"error_divergence_ph_meta@error.threshold=0.05,error.min_instances=5",error_divergence_ph_meta,"{""divergence"": {""alpha"": 0.1, ""delta"": 0.005, ""min_instances"": 30, ""threshold"": 0.05}, ""error_rate"": {""alpha"": 0.15, ""delta"": 0.005, ""min_instances"": 5, ""threshold"": 0.05}}","{""error_rate"": {""min_instances"": 5, ""threshold"": 0.05}}",0.05,0.005,0.15,5,0.05,0.005,0.1,30,,,,-1,two_stage,2,0.5,"confirm_cooldown=200,divergence=0.3,error_rate=0.5,teacher_entropy=0.2",1,0,200,0.0,0,10000,10.0,25.0,200,500,0,0,2.0,0.1846648185483871,0.022146427455358428,1.0,1.7655231952667236,0.033421941101551056,0,0,11,11,-1,0.0,0.0021689459681510925,0,0.0,0.0,0.0,0.0,1,confirmed_streak,0,5,0,uncertain,0.95,5,mild_drift,0.9493887440671115,0.0013055568721171682,0.3988092416891783,0.7596824644504476,1767889192.830504,1.9412091970443726,0.12706701457500458
63,16128,16127,INSECTS_abrupt_balanced,insects_real,ts_drift_adapt_severity,20,"error_divergence_ph_meta@error.threshold=0.05,error.min_instances=5",error_divergence_ph_meta,"{""divergence"": {""alpha"": 0.1, ""delta"": 0.005, ""min_instances"": 30, ""threshold"": 0.05}, ""error_rate"": {""alpha"": 0.15, ""delta"": 0.005, ""min_instances"": 5, ""threshold"": 0.05}}","{""error_rate"": {""min_instances"": 5, ""threshold"": 0.05}}",0.05,0.005,0.15,5,0.05,0.005,0.1,30,,,,-1,two_stage,2,0.5,"confirm_cooldown=200,divergence=0.3,error_rate=0.5,teacher_entropy=0.2",1,0,200,0.0,0,10000,10.0,25.0,200,500,0,0,2.0,0.1817956349206349,0.01920042320568304,1.0,1.7667052745819092,0.03109976090490818,0,0,11,11,-1,0.0,0.0023221801966428757,0,0.0,0.0,0.0,0.0,1,confirmed_streak,0,5,0,uncertain,0.95,5,mild_drift,0.9496943720335558,0.0013027784360585843,0.39940462084458916,0.7598412322252238,1767889193.0390828,1.8139888048171997,0.11909304559230804
64,16384,16383,INSECTS_abrupt_balanced,insects_real,ts_drift_adapt_severity,20,"error_divergence_ph_meta@error.threshold=0.05,error.min_instances=5",error_divergence_ph_meta,"{""divergence"": {""alpha"": 0.1, ""delta"": 0.005, ""min_instances"": 30, ""threshold"": 0.05}, ""error_rate"": {""alpha"": 0.15, ""delta"": 0.005, ""min_instances"": 5, ""threshold"": 0.05}}","{""error_rate"": {""min_instances"": 5, ""threshold"": 0.05}}",0.05,0.005,0.15,5,0.05,0.005,0.1,30,,,,-1,two_stage,2,0.5,"confirm_cooldown=200,divergence=0.3,error_rate=0.5,teacher_entropy=0.2",1,0,200,0.0,0,10000,10.0,25.0,200,500,0,0,2.0,0.178955078125,0.01627498163551695,1.0,1.767613172531128,0.026756219565868378,0,0,11,11,-1,0.0,0.0043435413390398026,0,0.0,0.0,0.0,0.0,1,confirmed_streak,0,5,0,uncertain,0.95,5,mild_drift,0.9498471860167779,0.0013013892180292921,0.3997023104222946,0.759920616112612,1767889193.2307215,2.056992530822754,0.10312206298112869
65,16640,16639,INSECTS_abrupt_balanced,insects_real,ts_drift_adapt_severity,20,"error_divergence_ph_meta@error.threshold=0.05,error.min_instances=5",error_divergence_ph_meta,"{""divergence"": {""alpha"": 0.1, ""delta"": 0.005, ""min_instances"": 30, ""threshold"": 0.05}, ""error_rate"": {""alpha"": 0.15, ""delta"": 0.005, ""min_instances"": 5, ""threshold"": 0.05}}","{""error_rate"": {""min_instances"": 5, ""threshold"": 0.05}}",0.05,0.005,0.15,5,0.05,0.005,0.1,30,,,,-1,two_stage,2,0.5,"confirm_cooldown=200,divergence=0.3,error_rate=0.5,teacher_entropy=0.2",1,0,200,0.0,0,10000,10.0,25.0,200,500,0,0,2.0,0.1762019230769231,0.01347183446074657,1.0,1.7676419019699097,0.024291034787893295,0,0,11,11,-1,0.0,0.0024651847779750824,0,0.0,0.0,0.0,0.0,1,confirmed_streak,0,5,0,uncertain,0.95,5,mild_drift,0.9499235930083889,0.0013006946090146462,0.39985115521114734,0.759960308056306,1767889193.444723,1.9885544776916504,0.09463953971862793
66,16896,16895,INSECTS_abrupt_balanced,insects_real,ts_drift_adapt_severity,20,"error_divergence_ph_meta@error.threshold=0.05,error.min_instances=5",error_divergence_ph_meta,"{""divergence"": {""alpha"": 0.1, ""delta"": 0.005, ""min_instances"": 30, ""threshold"": 0.05}, ""error_rate"": {""alpha"": 0.15, ""delta"": 0.005, ""min_instances"": 5, ""threshold"": 0.05}}","{""error_rate"": {""min_instances"": 5, ""threshold"": 0.05}}",0.05,0.005,0.15,5,0.05,0.005,0.1,30,,,,-1,two_stage,2,0.5,"confirm_cooldown=200,divergence=0.3,error_rate=0.5,teacher_entropy=0.2",1,0,200,0.0,0,10000,10.0,25.0,200,500,0,0,2.0,0.17353219696969696,0.010948313022320638,1.0,1.7682788372039795,0.02044554613530636,0,0,11,11,-1,0.0,0.003845488652586937,0,0.0,0.0,0.0,0.0,1,confirmed_streak,0,5,0,uncertain,0.95,5,mild_drift,0.9499617965041944,0.0013003473045073233,0.3999255776055737,0.759980154028153,1767889193.6811604,1.79974365234375,0.08053384721279144
67,17152,17151,INSECTS_abrupt_balanced,insects_real,ts_drift_adapt_severity,20,"error_divergence_ph_meta@error.threshold=0.05,error.min_instances=5",error_divergence_ph_meta,"{""divergence"": {""alpha"": 0.1, ""delta"": 0.005, ""min_instances"": 30, ""threshold"": 0.05}, ""error_rate"": {""alpha"": 0.15, ""delta"": 0.005, ""min_instances"": 5, ""threshold"": 0.05}}","{""error_rate"": {""min_instances"": 5, ""threshold"": 0.05}}",0.05,0.005,0.15,5,0.05,0.005,0.1,30,,,,-1,two_stage,2,0.5,"confirm_cooldown=200,divergence=0.3,error_rate=0.5,teacher_entropy=0.2",1,0,200,0.0,0,10000,10.0,25.0,200,500,0,0,2.0,0.1709421641791045,0.008594628992509443,1.0,1.7670295238494873,0.01618178002536297,0,0,11,11,-1,0.0,0.00426376610994339,0,0.0,0.0,0.0,0.0,1,confirmed_streak,0,5,0,uncertain,0.95,5,mild_drift,0.9499808982520972,0.0013001736522536616,0.39996278880278685,0.7599900770140765,1767889193.8906455,1.803896427154541,0.06452818959951401
68,17408,17407,INSECTS_abrupt_balanced,insects_real,ts_drift_adapt_severity,20,"error_divergence_ph_meta@error.threshold=0.05,error.min_instances=5",error_divergence_ph_meta,"{""divergence"": {""alpha"": 0.1, ""delta"": 0.005, ""min_instances"": 30, ""threshold"": 0.05}, ""error_rate"": {""alpha"": 0.15, ""delta"": 0.005, ""min_instances"": 5, ""threshold"": 0.05}}","{""error_rate"": {""min_instances"": 5, ""threshold"": 0.05}}",0.05,0.005,0.15,5,0.05,0.005,0.1,30,,,,-1,two_stage,2,0.5,"confirm_cooldown=200,divergence=0.3,error_rate=0.5,teacher_entropy=0.2",1,0,200,0.0,0,10000,10.0,25.0,200,500,0,0,2.0,0.1684857536764706,0.006298199096889716,1.0,1.7658177614212036,0.013437829911708832,0,0,11,11,-1,0.0,0.0027439501136541367,0,0.0,0.0,0.0,0.0,1,confirmed_streak,0,5,0,uncertain,0.95,5,mild_drift,0.9499904491260486,0.0013000868261268308,0.39998139440139346,0.7599950385070382,1767889194.0879202,1.8110789060592651,0.05403541773557663
69,17664,17663,INSECTS_abrupt_balanced,insects_real,ts_drift_adapt_severity,20,"error_divergence_ph_meta@error.threshold=0.05,error.min_instances=5",error_divergence_ph_meta,"{""divergence"": {""alpha"": 0.1, ""delta"": 0.005, ""min_instances"": 30, ""threshold"": 0.05}, ""error_rate"": {""alpha"": 0.15, ""delta"": 0.005, ""min_instances"": 5, ""threshold"": 0.05}}","{""error_rate"": {""min_instances"": 5, ""threshold"": 0.05}}",0.05,0.005,0.15,5,0.05,0.005,0.1,30,,,,-1,two_stage,2,0.5,"confirm_cooldown=200,divergence=0.3,error_rate=0.5,teacher_entropy=0.2",1,0,200,0.0,0,10000,10.0,25.0,200,500,0,0,2.0,0.16610054347826086,0.004181054011215472,1.0,1.7646151781082153,0.011697635985910892,0,0,11,11,-1,0.0,0.0017401939257979393,0,0.0,0.0,0.0,0.0,1,confirmed_streak,0,5,0,uncertain,0.95,5,mild_drift,0.9499952245630243,0.0013000434130634154,0.39999069720069674,0.7599975192535191,1767889194.1638722,1.8110696077346802,0.04752107337117195
70,17920,17919,INSECTS_abrupt_balanced,insects_real,ts_drift_adapt_severity,20,"error_divergence_ph_meta@error.threshold=0.05,error.min_instances=5",error_divergence_ph_meta,"{""divergence"": {""alpha"": 0.1, ""delta"": 0.005, ""min_instances"": 30, ""threshold"": 0.05}, ""error_rate"": {""alpha"": 0.15, ""delta"": 0.005, ""min_instances"": 5, ""threshold"": 0.05}}","{""error_rate"": {""min_instances"": 5, ""threshold"": 0.05}}",0.05,0.005,0.15,5,0.05,0.005,0.1,30,,,,-1,two_stage,2,0.5,"confirm_cooldown=200,divergence=0.3,error_rate=0.5,teacher_entropy=0.2",1,0,200,0.0,0,10000,10.0,25.0,200,500,0,0,2.0,0.16612723214285716,0.00463053731650629,0.8333333333333334,1.7650970220565796,0.009991401806473732,1,1,12,12,0,0.0,0.16666666666666663,1,0.5,0.0012824312069452332,0.0006412156034726166,0.0,1,confirmed_streak,0,5,1,uncertain,0.95,5,stable,0.9699976122815122,0.0010500217065317076,0.4499953486003484,0.7999987596267596,1767889194.1921375,1.8022533655166626,0.04097693786025047
71,18176,18175,INSECTS_abrupt_balanced,insects_real,ts_drift_adapt_severity,20,"error_divergence_ph_meta@error.threshold=0.05,error.min_instances=5",error_divergence_ph_meta,"{""divergence"": {""alpha"": 0.1, ""delta"": 0.005, ""min_instances"": 30, ""threshold"": 0.05}, ""error_rate"": {""alpha"": 0.15, ""delta"": 0.005, ""min_instances"": 5, ""threshold"": 0.05}}","{""error_rate"": {""min_instances"": 5, ""threshold"": 0.05}}",0.05,0.005,0.15,5,0.05,0.005,0.1,30,,,,-1,two_stage,2,0.5,"confirm_cooldown=200,divergence=0.3,error_rate=0.5,teacher_entropy=0.2",1,0,200,0.0,0,10000,10.0,25.0,200,500,0,0,2.0,0.17115977112676056,0.010065761952320233,0.4166666666666667,1.7612179517745972,0.008492229506373405,0,0,12,12,-1,0.0,0.4166666666666667,0,0.0,0.0,0.0,0.0,1,confirmed_streak,0,5,0,uncertain,0.95,5,mild_drift,0.9599988061407561,0.001175010853265854,0.4249976743001742,0.7799993798133797,1767889194.2144156,1.8668173551559448,0.03504818677902222
72,18432,18431,INSECTS_abrupt_balanced,insects_real,ts_drift_adapt_severity,20,"error_divergence_ph_meta@error.threshold=0.05,error.min_instances=5",error_divergence_ph_meta,"{""divergence"": {""alpha"": 0.1, ""delta"": 0.005, ""min_instances"": 30, ""threshold"": 0.05}, ""error_rate"": {""alpha"": 0.15, ""delta"": 0.005, ""min_instances"": 5, ""threshold"": 0.05}}","{""error_rate"": {""min_instances"": 5, ""threshold"": 0.05}}",0.05,0.005,0.15,5,0.05,0.005,0.1,30,,,,-1,two_stage,2,0.5,"confirm_cooldown=200,divergence=0.3,error_rate=0.5,teacher_entropy=0.2",1,0,200,0.0,0,10000,10.0,25.0,200,500,0,0,2.0,0.17420789930555555,0.012977255256174087,0.6666666666666666,1.759325385093689,0.007486916147172451,0,0,12,12,-1,0.0,0.24999999999999994,0,0.0,0.0,0.0,0.0,1,confirmed_streak,0,5,0,uncertain,0.95,5,mild_drift,0.954999403070378,0.0012375054266329272,0.4124988371500871,0.7699996899066899,1767889194.2369978,2.017409324645996,0.0306832417845726
73,18688,18687,INSECTS_abrupt_balanced,insects_real,ts_drift_adapt_severity,20,"error_divergence_ph_meta@error.threshold=0.05,error.min_instances=5",error_divergence_ph_meta,"{""divergence"": {""alpha"": 0.1, ""delta"": 0.005, ""min_instances"": 30, ""threshold"": 0.05}, ""error_rate"": {""alpha"": 0.15, ""delta"": 0.005, ""min_instances"": 5, ""threshold"": 0.05}}","{""error_rate"": {""min_instances"": 5, ""threshold"": 0.05}}",0.05,0.005,0.15,5,0.05,0.005,0.1,30,,,,-1,two_stage,2,0.5,"confirm_cooldown=200,divergence=0.3,error_rate=0.5,teacher_entropy=0.2",1,0,200,0.0,0,10000,10.0,25.0,200,500,0,0,2.0,0.1778681506849315,0.01656214582541099,0.5833333333333334,1.7588346004486084,0.0066836620680987835,0,0,12,12,-1,0.0,0.08333333333333326,0,0.0,0.0,0.0,0.0,1,confirmed_streak,0,5,0,uncertain,0.95,5,mild_drift,0.952499701535189,0.0012687527133164638,0.4062494185750436,0.7649998449533449,1767889194.2586827,1.9950027465820312,0.027340378612279892
74,18944,18943,INSECTS_abrupt_balanced,insects_real,ts_drift_adapt_severity,20,"error_divergence_ph_meta@error.threshold=0.05,error.min_instances=5",error_divergence_ph_meta,"{""divergence"": {""alpha"": 0.1, ""delta"": 0.005, ""min_instances"": 30, ""threshold"": 0.05}, ""error_rate"": {""alpha"": 0.15, ""delta"": 0.005, ""min_instances"": 5, ""threshold"": 0.05}}","{""error_rate"": {""min_instances"": 5, ""threshold"": 0.05}}",0.05,0.005,0.15,5,0.05,0.005,0.1,30,,,,-1,two_stage,2,0.5,"confirm_cooldown=200,divergence=0.3,error_rate=0.5,teacher_entropy=0.2",1,0,200,0.0,0,10000,10.0,25.0,200,500,0,0,2.0,0.18142947635135134,0.019948116715022102,0.3333333333333333,1.7607899904251099,0.006342204753309488,0,0,12,12,-1,0.0,0.25000000000000006,0,0.0,0.0,0.0,0.0,1,confirmed_streak,0,5,0,uncertain,0.95,5,mild_drift,0.9512498507675945,0.0012843763566582319,0.4031247092875218,0.7624999224766724,1767889194.281068,1.694468379020691,0.025807488709688187
75,19200,19199,INSECTS_abrupt_balanced,insects_real,ts_drift_adapt_severity,20,"error_divergence_ph_meta@error.threshold=0.05,error.min_instances=5",error_divergence_ph_meta,"{""divergence"": {""alpha"": 0.1, ""delta"": 0.005, ""min_instances"": 30, ""threshold"": 0.05}, ""error_rate"": {""alpha"": 0.15, ""delta"": 0.005, ""min_instances"": 5, ""threshold"": 0.05}}","{""error_rate"": {""min_instances"": 5, ""threshold"": 0.05}}",0.05,0.005,0.15,5,0.05,0.005,0.1,30,,,,-1,two_stage,2,0.5,"confirm_cooldown=200,divergence=0.3,error_rate=0.5,teacher_entropy=0.2",1,0,200,0.0,0,10000,10.0,25.0,200,500,0,0,2.0,0.184375,0.022543341886317483,1.0,1.7585201263427734,0.0055805379524827,1,1,13,13,0,0.16666666666666663,0.6666666666666667,1,0.5,0.052879635292093594,0.026439817646046797,0.0,1,confirmed_streak,0,5,1,uncertain,0.95,5,severe_drift,0.9121249253837973,0.001642188178329116,0.32656235464376093,0.7412499612383363,1767889194.3077574,2.392787218093872,0.02257506363093853
76,19456,19455,INSECTS_abrupt_balanced,insects_real,ts_drift_adapt_severity,20,"error_divergence_ph_meta@error.threshold=0.05,error.min_instances=5",error_divergence_ph_meta,"{""divergence"": {""alpha"": 0.1, ""delta"": 0.005, ""min_instances"": 30, ""threshold"": 0.05}, ""error_rate"": {""alpha"": 0.15, ""delta"": 0.005, ""min_instances"": 5, ""threshold"": 0.05}}","{""error_rate"": {""min_instances"": 5, ""threshold"": 0.05}}",0.05,0.005,0.15,5,0.05,0.005,0.1,30,,,,-1,two_stage,2,0.5,"confirm_cooldown=200,divergence=0.3,error_rate=0.5,teacher_entropy=0.2",1,0,200,0.0,0,10000,10.0,25.0,200,500,0,0,2.0,0.1884251644736842,0.026357929098749535,0.5833333333333334,1.7585710287094116,0.004978975281119347,0,0,13,13,-1,0.0,0.41666666666666663,0,0.0,0.0,0.0,0.0,1,confirmed_streak,0,5,0,uncertain,0.95,5,mild_drift,0.9310624626918986,0.0014710940891645582,0.3632811773218805,0.7506249806191682,1767889194.333635,1.9870651960372925,0.020032323896884918
77,19712,19711,INSECTS_abrupt_balanced,insects_real,ts_drift_adapt_severity,20,"error_divergence_ph_meta@error.threshold=0.05,error.min_instances=5",error_divergence_ph_meta,"{""divergence"": {""alpha"": 0.1, ""delta"": 0.005, ""min_instances"": 30, ""threshold"": 0.05}, ""error_rate"": {""alpha"": 0.15, ""delta"": 0.005, ""min_instances"": 5, ""threshold"": 0.05}}","{""error_rate"": {""min_instances"": 5, ""threshold"": 0.05}}",0.05,0.005,0.15,5,0.05,0.005,0.1,30,,,,-1,two_stage,2,0.5,"confirm_cooldown=200,divergence=0.3,error_rate=0.5,teacher_entropy=0.2",1,0,200,0.0,0,10000,10.0,25.0,200,500,0,0,2.0,0.19023944805194806,0.027962430011995817,0.5,1.758702039718628,0.003927258774638176,0,0,13,13,-1,0.0,0.08333333333333337,0,0.0,0.0,0.0,0.0,1,confirmed_streak,0,5,0,uncertain,0.95,5,mild_drift,0.9405312313459493,0.0013855470445822793,0.38164058866094025,0.755312490309584,1767889194.3565886,1.7189544439315796,0.015854010358452797
78,19968,19967,INSECTS_abrupt_balanced,insects_real,ts_drift_adapt_severity,20,"error_divergence_ph_meta@error.threshold=0.05,error.min_instances=5",error_divergence_ph_meta,"{""divergence"": {""alpha"": 0.1, ""delta"": 0.005, ""min_instances"": 30, ""threshold"": 0.05}, ""error_rate"": {""alpha"": 0.15, ""delta"": 0.005, ""min_instances"": 5, ""threshold"": 0.05}}","{""error_rate"": {""min_instances"": 5, ""threshold"": 0.05}}",0.05,0.005,0.15,5,0.05,0.005,0.1,30,,,,-1,two_stage,2,0.5,"confirm_cooldown=200,divergence=0.3,error_rate=0.5,teacher_entropy=0.2",1,0,200,0.0,0,10000,10.0,25.0,200,500,0,0,2.0,0.19050480769230768,0.027914710814471066,0.8333333333333334,1.7586816549301147,0.0036935964599251747,0,0,13,13,-1,0.0,0.33333333333333337,0,0.0,0.0,0.0,0.0,1,confirmed_streak,0,5,0,uncertain,0.95,5,mild_drift,0.9452656156729746,0.0013427735222911398,0.39082029433047016,0.757656245154792,1767889194.4171238,1.8833045959472656,0.014863982796669006
79,20224,20223,INSECTS_abrupt_balanced,insects_real,ts_drift_adapt_severity,20,"error_divergence_ph_meta@error.threshold=0.05,error.min_instances=5",error_divergence_ph_meta,"{""divergence"": {""alpha"": 0.1, ""delta"": 0.005, ""min_instances"": 30, ""threshold"": 0.05}, ""error_rate"": {""alpha"": 0.15, ""delta"": 0.005, ""min_instances"": 5, ""threshold"": 0.05}}","{""error_rate"": {""min_instances"": 5, ""threshold"": 0.05}}",0.05,0.005,0.15,5,0.05,0.005,0.1,30,,,,-1,two_stage,2,0.5,"confirm_cooldown=200,divergence=0.3,error_rate=0.5,teacher_entropy=0.2",1,0,200,0.0,0,10000,10.0,25.0,200,500,0,0,2.0,0.19041732594936708,0.02745656703698661,0.6666666666666666,1.7592272758483887,0.003814021125435829,0,0,13,13,-1,0.0,0.16666666666666674,0,0.0,0.0,0.0,0.0,1,confirmed_streak,0,5,0,uncertain,0.95,5,mild_drift,0.9476328078364873,0.00132138676114557,0.3954101471652351,0.7588281225773961,1767889194.5266035,1.7087262868881226,0.015423037111759186
80,20480,20479,INSECTS_abrupt_balanced,insects_real,ts_drift_adapt_severity,20,"error_divergence_ph_meta@error.threshold=0.05,error.min_instances=5",error_divergence_ph_meta,"{""divergence"": {""alpha"": 0.1, ""delta"": 0.005, ""min_instances"": 30, ""threshold"": 0.05}, ""error_rate"": {""alpha"": 0.15, ""delta"": 0.005, ""min_instances"": 5, ""threshold"": 0.05}}","{""error_rate"": {""min_instances"": 5, ""threshold"": 0.05}}",0.05,0.005,0.15,5,0.05,0.005,0.1,30,,,,-1,two_stage,2,0.5,"confirm_cooldown=200,divergence=0.3,error_rate=0.5,teacher_entropy=0.2",1,0,200,0.0,0,10000,10.0,25.0,200,500,0,0,2.0,0.190869140625,0.02763969905723098,0.75,1.759452223777771,0.0038735398557037115,1,1,14,14,0,0.25,0.08333333333333337,1,0.5,-0.00034214473074248124,0.0,0.0,1,confirmed_streak,0,5,1,uncertain,0.95,5,severe_drift,0.9103164039182436,0.001660693380572785,0.3227050735826176,0.7394140612886981,1767889194.6247327,1.8317183256149292,0.01563309133052826
81,20736,20735,INSECTS_abrupt_balanced,insects_real,ts_drift_adapt_severity,20,"error_divergence_ph_meta@error.threshold=0.05,error.min_instances=5",error_divergence_ph_meta,"{""divergence"": {""alpha"": 0.1, ""delta"": 0.005, ""min_instances"": 30, ""threshold"": 0.05}, ""error_rate"": {""alpha"": 0.15, ""delta"": 0.005, ""min_instances"": 5, ""threshold"": 0.05}}","{""error_rate"": {""min_instances"": 5, ""threshold"": 0.05}}",0.05,0.005,0.15,5,0.05,0.005,0.1,30,,,,-1,two_stage,2,0.5,"confirm_cooldown=200,divergence=0.3,error_rate=0.5,teacher_entropy=0.2",1,0,200,0.0,0,10000,10.0,25.0,200,500,0,0,2.0,0.1910204475308642,0.027529255680997487,0.9166666666666666,1.7587050199508667,0.003973956219851971,0,0,14,14,-1,0.0,0.16666666666666663,0,0.0,0.0,0.0,0.0,1,confirmed_streak,0,5,0,uncertain,0.95,5,mild_drift,0.9301582019591218,0.0014803466902863927,0.3613525367913088,0.7497070306443491,1767889194.7248547,1.845766544342041,0.016016153618693352
82,20992,20991,INSECTS_abrupt_balanced,insects_real,ts_drift_adapt_severity,20,"error_divergence_ph_meta@error.threshold=0.05,error.min_instances=5",error_divergence_ph_meta,"{""divergence"": {""alpha"": 0.1, ""delta"": 0.005, ""min_instances"": 30, ""threshold"": 0.05}, ""error_rate"": {""alpha"": 0.15, ""delta"": 0.005, ""min_instances"": 5, ""threshold"": 0.05}}","{""error_rate"": {""min_instances"": 5, ""threshold"": 0.05}}",0.05,0.005,0.15,5,0.05,0.005,0.1,30,,,,-1,two_stage,2,0.5,"confirm_cooldown=200,divergence=0.3,error_rate=0.5,teacher_entropy=0.2",1,0,200,0.0,0,10000,10.0,25.0,200,500,0,0,2.0,0.1911204268292683,0.027308882220503816,0.8333333333333334,1.7593761682510376,0.003994814585894346,0,0,14,14,-1,0.0,0.08333333333333326,0,0.0,0.0,0.0,0.0,1,confirmed_streak,0,5,0,uncertain,0.95,5,mild_drift,0.9400791009795608,0.0013901733451431963,0.3806762683956544,0.7548535153221745,1767889194.809787,1.8162403106689453,0.01604580506682396
83,21248,21247,INSECTS_abrupt_balanced,insects_real,ts_drift_adapt_severity,20,"error_divergence_ph_meta@error.threshold=0.05,error.min_instances=5",error_divergence_ph_meta,"{""divergence"": {""alpha"": 0.1, ""delta"": 0.005, ""min_instances"": 30, ""threshold"": 0.05}, ""error_rate"": {""alpha"": 0.15, ""delta"": 0.005, ""min_instances"": 5, ""threshold"": 0.05}}","{""error_rate"": {""min_instances"": 5, ""threshold"": 0.05}}",0.05,0.005,0.15,5,0.05,0.005,0.1,30,,,,-1,two_stage,2,0.5,"confirm_cooldown=200,divergence=0.3,error_rate=0.5,teacher_entropy=0.2",1,0,200,0.0,0,10000,10.0,25.0,200,500,0,0,2.0,0.19098268072289157,0.026846352839387886,0.5833333333333334,1.7606345415115356,0.004508469719439745,0,0,14,14,-1,0.0,0.25,0,0.0,0.0,0.0,0.0,1,confirmed_streak,0,5,0,uncertain,0.95,5,mild_drift,0.9450395504897804,0.0013450866725715984,0.3903381341978272,0.7574267576610872,1767889194.893479,1.6587063074111938,0.01815572939813137
84,21504,21503,INSECTS_abrupt_balanced,insects_real,ts_drift_adapt_severity,20,"error_divergence_ph_meta@error.threshold=0.05,error.min_instances=5",error_divergence_ph_meta,"{""divergence"": {""alpha"": 0.1, ""delta"": 0.005, ""min_instances"": 30, ""threshold"": 0.05}, ""error_rate"": {""alpha"": 0.15, ""delta"": 0.005, ""min_instances"": 5, ""threshold"": 0.05}}","{""error_rate"": {""min_instances"": 5, ""threshold"": 0.05}}",0.05,0.005,0.15,5,0.05,0.005,0.1,30,,,,-1,two_stage,2,0.5,"confirm_cooldown=200,divergence=0.3,error_rate=0.5,teacher_entropy=0.2",1,0,200,0.0,0,10000,10.0,25.0,200,500,0,0,2.0,0.1908017113095238,0.026344327214098448,1.0,1.7612794637680054,0.005161123350262642,0,0,14,14,-1,0.0,0.41666666666666663,0,0.0,0.0,0.0,0.0,1,confirmed_streak,0,5,0,uncertain,0.95,5,mild_drift,0.9475197752448902,0.0013225433362857994,0.39516906709891364,0.7587133788305436,1767889194.9898036,1.8554214239120483,0.020757736638188362
85,21760,21759,INSECTS_abrupt_balanced,insects_real,ts_drift_adapt_severity,20,"error_divergence_ph_meta@error.threshold=0.05,error.min_instances=5",error_divergence_ph_meta,"{""divergence"": {""alpha"": 0.1, ""delta"": 0.005, ""min_instances"": 30, ""threshold"": 0.05}, ""error_rate"": {""alpha"": 0.15, ""delta"": 0.005, ""min_instances"": 5, ""threshold"": 0.05}}","{""error_rate"": {""min_instances"": 5, ""threshold"": 0.05}}",0.05,0.005,0.15,5,0.05,0.005,0.1,30,,,,-1,two_stage,2,0.5,"confirm_cooldown=200,divergence=0.3,error_rate=0.5,teacher_entropy=0.2",1,0,200,0.0,0,10000,10.0,25.0,200,500,0,0,2.0,0.19044117647058822,0.02570585887527938,0.9166666666666666,1.763291358947754,0.0053060660138726234,1,1,15,15,0,0.16666666666666663,0.08333333333333337,1,0.5,0.009275395463316457,0.0046376977316582284,0.0,1,confirmed_streak,0,5,1,uncertain,0.95,5,severe_drift,0.910259887622445,0.0016612716681428997,0.3225845335494568,0.7393566894152719,1767889195.078946,1.7815510034561157,0.02137872390449047
86,22016,22015,INSECTS_abrupt_balanced,insects_real,ts_drift_adapt_severity,20,"error_divergence_ph_meta@error.threshold=0.05,error.min_instances=5",error_divergence_ph_meta,"{""divergence"": {""alpha"": 0.1, ""delta"": 0.005, ""min_instances"": 30, ""threshold"": 0.05}, ""error_rate"": {""alpha"": 0.15, ""delta"": 0.005, ""min_instances"": 5, ""threshold"": 0.05}}","{""error_rate"": {""min_instances"": 5, ""threshold"": 0.05}}",0.05,0.005,0.15,5,0.05,0.005,0.1,30,,,,-1,two_stage,2,0.5,"confirm_cooldown=200,divergence=0.3,error_rate=0.5,teacher_entropy=0.2",1,0,200,0.0,0,10000,10.0,25.0,200,500,0,0,2.0,0.19040697674418605,0.025406106324487365,0.5,1.7646028995513916,0.0058630527928471565,0,0,15,15,-1,0.0,0.41666666666666663,0,0.0,0.0,0.0,0.0,1,confirmed_streak,0,5,0,uncertain,0.95,5,mild_drift,0.9301299438112225,0.00148063583407145,0.3612922667747284,0.749678344707636,1767889195.1999025,1.6808220148086548,0.02360638417303562
87,22272,22271,INSECTS_abrupt_balanced,insects_real,ts_drift_adapt_severity,20,"error_divergence_ph_meta@error.threshold=0.05,error.min_instances=5",error_divergence_ph_meta,"{""divergence"": {""alpha"": 0.1, ""delta"": 0.005, ""min_instances"": 30, ""threshold"": 0.05}, ""error_rate"": {""alpha"": 0.15, ""delta"": 0.005, ""min_instances"": 5, ""threshold"": 0.05}}","{""error_rate"": {""min_instances"": 5, ""threshold"": 0.05}}",0.05,0.005,0.15,5,0.05,0.005,0.1,30,,,,-1,two_stage,2,0.5,"confirm_cooldown=200,divergence=0.3,error_rate=0.5,teacher_entropy=0.2",1,0,200,0.0,0,10000,10.0,25.0,200,500,0,0,2.0,0.1906878591954023,0.02546770487556718,0.9166666666666666,1.7637914419174194,0.006698489189147949,0,0,15,15,-1,0.0,0.41666666666666663,0,0.0,0.0,0.0,0.0,1,confirmed_streak,0,5,0,uncertain,0.95,5,mild_drift,0.9400649719056112,0.001390317917035725,0.3806461333873642,0.7548391723538179,1767889195.309244,1.753822684288025,0.026951322332024574
88,22528,22527,INSECTS_abrupt_balanced,insects_real,ts_drift_adapt_severity,20,"error_divergence_ph_meta@error.threshold=0.05,error.min_instances=5",error_divergence_ph_meta,"{""divergence"": {""alpha"": 0.1, ""delta"": 0.005, ""min_instances"": 30, ""threshold"": 0.05}, ""error_rate"": {""alpha"": 0.15, ""delta"": 0.005, ""min_instances"": 5, ""threshold"": 0.05}}","{""error_rate"": {""min_instances"": 5, ""threshold"": 0.05}}",0.05,0.005,0.15,5,0.05,0.005,0.1,30,,,,-1,two_stage,2,0.5,"confirm_cooldown=200,divergence=0.3,error_rate=0.5,teacher_entropy=0.2",1,0,200,0.0,0,10000,10.0,25.0,200,500,0,0,2.0,0.1908291903409091,0.02546821078179097,0.5833333333333334,1.7657352685928345,0.007132824510335922,0,0,15,15,-1,0.0,0.33333333333333326,0,0.0,0.0,0.0,0.0,1,confirmed_streak,0,5,0,uncertain,0.95,5,mild_drift,0.9450324859528056,0.0013451589585178627,0.3903230666936821,0.757419586176909,1767889195.3978891,1.6817436218261719,0.0286529790610075
89,22784,22783,INSECTS_abrupt_balanced,insects_real,ts_drift_adapt_severity,20,"error_divergence_ph_meta@error.threshold=0.05,error.min_instances=5",error_divergence_ph_meta,"{""divergence"": {""alpha"": 0.1, ""delta"": 0.005, ""min_instances"": 30, ""threshold"": 0.05}, ""error_rate"": {""alpha"": 0.15, ""delta"": 0.005, ""min_instances"": 5, ""threshold"": 0.05}}","{""error_rate"": {""min_instances"": 5, ""threshold"": 0.05}}",0.05,0.005,0.15,5,0.05,0.005,0.1,30,,,,-1,two_stage,2,0.5,"confirm_cooldown=200,divergence=0.3,error_rate=0.5,teacher_entropy=0.2",1,0,200,0.0,0,10000,10.0,25.0,200,500,0,0,2.0,0.1914501404494382,0.025935704993906378,0.8333333333333334,1.76713228225708,0.007896039634943008,0,0,15,15,-1,0.0,0.25,0,0.0,0.0,0.0,0.0,1,confirmed_streak,0,5,0,uncertain,0.95,5,mild_drift,0.9475162429764028,0.0013225794792589315,0.39516153334684107,0.7587097930884545,1767889195.4941976,1.6815201044082642,0.03195806220173836
90,23040,23039,INSECTS_abrupt_balanced,insects_real,ts_drift_adapt_severity,20,"error_divergence_ph_meta@error.threshold=0.05,error.min_instances=5",error_divergence_ph_meta,"{""divergence"": {""alpha"": 0.1, ""delta"": 0.005, ""min_instances"": 30, ""threshold"": 0.05}, ""error_rate"": {""alpha"": 0.15, ""delta"": 0.005, ""min_instances"": 5, ""threshold"": 0.05}}","{""error_rate"": {""min_instances"": 5, ""threshold"": 0.05}}",0.05,0.005,0.15,5,0.05,0.005,0.1,30,,,,-1,two_stage,2,0.5,"confirm_cooldown=200,divergence=0.3,error_rate=0.5,teacher_entropy=0.2",1,0,200,0.0,0,10000,10.0,25.0,200,500,0,0,2.0,0.19223090277777777,0.026571381964882488,0.6666666666666666,1.7655847072601318,0.008649671450257301,1,1,16,16,0,0.25,0.16666666666666674,1,0.5,-0.00027296834222493953,0.0,0.0,1,confirmed_streak,0,5,1,uncertain,0.95,5,severe_drift,0.9102581214882014,0.0016612897396294658,0.3225807666734205,0.7393548965442274,1767889195.578349,1.5947718620300293,0.035108618438243866
91,23296,23295,INSECTS_abrupt_balanced,insects_real,ts_drift_adapt_severity,20,"error_divergence_ph_meta@error.threshold=0.05,error.min_instances=5",error_divergence_ph_meta,"{""divergence"": {""alpha"": 0.1, ""delta"": 0.005, ""min_instances"": 30, ""threshold"": 0.05}, ""error_rate"": {""alpha"": 0.15, ""delta"": 0.005, ""min_instances"": 5, ""threshold"": 0.05}}","{""error_rate"": {""min_instances"": 5, ""threshold"": 0.05}}",0.05,0.005,0.15,5,0.05,0.005,0.1,30,,,,-1,two_stage,2,0.5,"confirm_cooldown=200,divergence=0.3,error_rate=0.5,teacher_entropy=0.2",1,0,200,0.0,0,10000,10.0,25.0,200,500,0,0,2.0,0.1930374313186813,0.027302896904309388,0.5,1.7672009468078613,0.009123299270868301,0,0,16,16,-1,0.0,0.16666666666666663,0,0.0,0.0,0.0,0.0,1,confirmed_streak,0,5,0,uncertain,0.95,5,mild_drift,0.9301290607441006,0.001480644869814733,0.36129038333671026,0.7496774482721137,1767889195.6703174,1.5791469812393188,0.037108175456523895
92,23552,23551,INSECTS_abrupt_balanced,insects_real,ts_drift_adapt_severity,20,"error_divergence_ph_meta@error.threshold=0.05,error.min_instances=5",error_divergence_ph_meta,"{""divergence"": {""alpha"": 0.1, ""delta"": 0.005, ""min_instances"": 30, ""threshold"": 0.05}, ""error_rate"": {""alpha"": 0.15, ""delta"": 0.005, ""min_instances"": 5, ""threshold"": 0.05}}","{""error_rate"": {""min_instances"": 5, ""threshold"": 0.05}}",0.05,0.005,0.15,5,0.05,0.005,0.1,30,,,,-1,two_stage,2,0.5,"confirm_cooldown=200,divergence=0.3,error_rate=0.5,teacher_entropy=0.2",1,0,200,0.0,0,10000,10.0,25.0,200,500,0,0,2.0,0.1943359375,0.028463205085667066,0.75,1.767269492149353,0.009960498660802841,0,0,16,16,-1,0.0,0.25,0,0.0,0.0,0.0,0.0,1,confirmed_streak,0,5,0,uncertain,0.95,5,mild_drift,0.9400645303720503,0.0013903224349073665,0.38064519166835514,0.7548387241360568,1767889195.7756205,1.5982643365859985,0.04070970416069031
93,23808,23807,INSECTS_abrupt_balanced,insects_real,ts_drift_adapt_severity,20,"error_divergence_ph_meta@error.threshold=0.05,error.min_instances=5",error_divergence_ph_meta,"{""divergence"": {""alpha"": 0.1, ""delta"": 0.005, ""min_instances"": 30, ""threshold"": 0.05}, ""error_rate"": {""alpha"": 0.15, ""delta"": 0.005, ""min_instances"": 5, ""threshold"": 0.05}}","{""error_rate"": {""min_instances"": 5, ""threshold"": 0.05}}",0.05,0.005,0.15,5,0.05,0.005,0.1,30,,,,-1,two_stage,2,0.5,"confirm_cooldown=200,divergence=0.3,error_rate=0.5,teacher_entropy=0.2",1,0,200,0.0,0,10000,10.0,25.0,200,500,0,0,2.0,0.1956065188172043,0.029772528117938426,0.6666666666666666,1.7672110795974731,0.009805995970964432,0,0,16,16,-1,0.0,0.08333333333333337,0,0.0,0.0,0.0,0.0,1,confirmed_streak,0,5,0,uncertain,0.95,5,mild_drift,0.9450322651860251,0.0013451612174536832,0.3903225958341776,0.7574193620680284,1767889195.8859406,1.606066346168518,0.040393296629190445
94,24064,24063,INSECTS_abrupt_balanced,insects_real,ts_drift_adapt_severity,20,"error_divergence_ph_meta@error.threshold=0.05,error.min_instances=5",error_divergence_ph_meta,"{""divergence"": {""alpha"": 0.1, ""delta"": 0.005, ""min_instances"": 30, ""threshold"": 0.05}, ""error_rate"": {""alpha"": 0.15, ""delta"": 0.005, ""min_instances"": 5, ""threshold"": 0.05}}","{""error_rate"": {""min_instances"": 5, ""threshold"": 0.05}}",0.05,0.005,0.15,5,0.05,0.005,0.1,30,,,,-1,two_stage,2,0.5,"confirm_cooldown=200,divergence=0.3,error_rate=0.5,teacher_entropy=0.2",1,0,200,0.0,0,10000,10.0,25.0,200,500,0,0,2.0,0.19680851063829788,0.0308162044106012,0.8333333333333334,1.767683506011963,0.011445563286542892,0,0,16,16,-1,0.0,0.16666666666666674,0,0.0,0.0,0.0,0.0,1,confirmed_streak,0,5,0,uncertain,0.95,5,mild_drift,0.9475161325930126,0.0013225806087268418,0.3951612979170888,0.7587096810340141,1767889195.9978275,1.667364478111267,0.0473727211356163
95,24320,24319,INSECTS_abrupt_balanced,insects_real,ts_drift_adapt_severity,20,"error_divergence_ph_meta@error.threshold=0.05,error.min_instances=5",error_divergence_ph_meta,"{""divergence"": {""alpha"": 0.1, ""delta"": 0.005, ""min_instances"": 30, ""threshold"": 0.05}, ""error_rate"": {""alpha"": 0.15, ""delta"": 0.005, ""min_instances"": 5, ""threshold"": 0.05}}","{""error_rate"": {""min_instances"": 5, ""threshold"": 0.05}}",0.05,0.005,0.15,5,0.05,0.005,0.1,30,,,,-1,two_stage,2,0.5,"confirm_cooldown=200,divergence=0.3,error_rate=0.5,teacher_entropy=0.2",1,0,200,0.0,0,10000,10.0,25.0,200,500,0,0,2.0,0.19773848684210527,0.031578646346737134,0.9166666666666666,1.7654949426651,0.010990850627422333,1,1,17,17,0,0.25,0.08333333333333326,1,0.5,0.02058400235720007,0.010292001178600034,0.0,1,confirmed_streak,0,5,1,uncertain,0.95,5,severe_drift,0.9102580662965063,0.001661290304363421,0.32258064895854444,0.7393548405170072,1767889196.1068008,1.6590148210525513,0.045508209615945816
96,24576,24575,INSECTS_abrupt_balanced,insects_real,ts_drift_adapt_severity,20,"error_divergence_ph_meta@error.threshold=0.05,error.min_instances=5",error_divergence_ph_meta,"{""divergence"": {""alpha"": 0.1, ""delta"": 0.005, ""min_instances"": 30, ""threshold"": 0.05}, ""error_rate"": {""alpha"": 0.15, ""delta"": 0.005, ""min_instances"": 5, ""threshold"": 0.05}}","{""error_rate"": {""min_instances"": 5, ""threshold"": 0.05}}",0.05,0.005,0.15,5,0.05,0.005,0.1,30,,,,-1,two_stage,2,0.5,"confirm_cooldown=200,divergence=0.3,error_rate=0.5,teacher_entropy=0.2",1,0,200,0.0,0,10000,10.0,25.0,200,500,0,0,2.0,0.1988525390625,0.032511928744557564,0.4166666666666667,1.7632871866226196,0.012122810818254948,0,0,17,17,-1,0.0,0.49999999999999994,0,0.0,0.0,0.0,0.0,1,confirmed_streak,0,5,0,uncertain,0.95,5,mild_drift,0.9301290331482531,0.0014806451521817104,0.36129032447927223,0.7496774202585036,1767889196.2281215,1.4416273832321167,0.05044355243444443
97,24832,24831,INSECTS_abrupt_balanced,insects_real,ts_drift_adapt_severity,20,"error_divergence_ph_meta@error.threshold=0.05,error.min_instances=5",error_divergence_ph_meta,"{""divergence"": {""alpha"": 0.1, ""delta"": 0.005, ""min_instances"": 30, ""threshold"": 0.05}, ""error_rate"": {""alpha"": 0.15, ""delta"": 0.005, ""min_instances"": 5, ""threshold"": 0.05}}","{""error_rate"": {""min_instances"": 5, ""threshold"": 0.05}}",0.05,0.005,0.15,5,0.05,0.005,0.1,30,,,,-1,two_stage,2,0.5,"confirm_cooldown=200,divergence=0.3,error_rate=0.5,teacher_entropy=0.2",1,0,200,0.0,0,10000,10.0,25.0,200,500,0,0,2.0,0.20010470360824742,0.03367459323000791,0.9166666666666666,1.7617219686508179,0.01203354075551033,0,0,17,17,-1,0.0,0.49999999999999994,0,0.0,0.0,0.0,0.0,1,confirmed_streak,0,5,0,uncertain,0.95,5,mild_drift,0.9400645165741266,0.0013903225760908554,0.3806451622396361,0.7548387101292517,1767889196.3348246,1.8318666219711304,0.05004653334617615
98,25088,25087,INSECTS_abrupt_balanced,insects_real,ts_drift_adapt_severity,20,"error_divergence_ph_meta@error.threshold=0.05,error.min_instances=5",error_divergence_ph_meta,"{""divergence"": {""alpha"": 0.1, ""delta"": 0.005, ""min_instances"": 30, ""threshold"": 0.05}, ""error_rate"": {""alpha"": 0.15, ""delta"": 0.005, ""min_instances"": 5, ""threshold"": 0.05}}","{""error_rate"": {""min_instances"": 5, ""threshold"": 0.05}}",0.05,0.005,0.15,5,0.05,0.005,0.1,30,,,,-1,two_stage,2,0.5,"confirm_cooldown=200,divergence=0.3,error_rate=0.5,teacher_entropy=0.2",1,0,200,0.0,0,10000,10.0,25.0,200,500,0,0,2.0,0.20149075255102042,0.03501281452607247,0.5833333333333334,1.75923752784729,0.011753501370549202,0,0,17,17,-1,0.0,0.33333333333333326,0,0.0,0.0,0.0,0.0,1,confirmed_streak,0,5,0,uncertain,0.95,5,mild_drift,0.9450322582870633,0.0013451612880454279,0.3903225811198181,0.7574193550646259,1767889196.4376464,1.5294791460037231,0.04907400533556938
99,25344,25343,INSECTS_abrupt_balanced,insects_real,ts_drift_adapt_severity,20,"error_divergence_ph_meta@error.threshold=0.05,error.min_instances=5",error_divergence_ph_meta,"{""divergence"": {""alpha"": 0.1, ""delta"": 0.005, ""min_instances"": 30, ""threshold"": 0.05}, ""error_rate"": {""alpha"": 0.15, ""delta"": 0.005, ""min_instances"": 5, ""threshold"": 0.05}}","{""error_rate"": {""min_instances"": 5, ""threshold"": 0.05}}",0.05,0.005,0.15,5,0.05,0.005,0.1,30,,,,-1,two_stage,2,0.5,"confirm_cooldown=200,divergence=0.3,error_rate=0.5,teacher_entropy=0.2",1,0,200,0.0,0,10000,10.0,25.0,200,500,0,0,2.0,0.20253314393939395,0.035959617405135126,0.5,1.756003499031067,0.011698623187839985,0,0,17,17,-1,0.0,0.08333333333333337,0,0.0,0.0,0.0,0.0,1,confirmed_streak,0,5,0,uncertain,0.95,5,mild_drift,0.9475161291435317,0.001322580644022714,0.39516129055990906,0.758709677532313,1767889196.5712566,1.4328216314315796,0.04888230189681053
100,25600,25599,INSECTS_abrupt_balanced,insects_real,ts_drift_adapt_severity,20,"error_divergence_ph_meta@error.threshold=0.05,error.min_instances=5",error_divergence_ph_meta,"{""divergence"": {""alpha"": 0.1, ""delta"": 0.005, ""min_instances"": 30, ""threshold"": 0.05}, ""error_rate"": {""alpha"": 0.15, ""delta"": 0.005, ""min_instances"": 5, ""threshold"": 0.05}}","{""error_rate"": {""min_instances"": 5, ""threshold"": 0.05}}",0.05,0.005,0.15,5,0.05,0.005,0.1,30,,,,-1,two_stage,2,0.5,"confirm_cooldown=200,divergence=0.3,error_rate=0.5,teacher_entropy=0.2",1,0,200,0.0,0,10000,10.0,25.0,200,500,0,0,2.0,0.203515625,0.036746257946683285,0.6666666666666666,1.754354476928711,0.012965993955731392,1,1,18,18,0,0.25,0.16666666666666663,1,0.5,-0.0012537570276140572,0.0,0.0,1,confirmed_streak,0,5,1,uncertain,0.95,5,severe_drift,0.9102580645717658,0.001661290322011357,0.32258064527995456,0.7393548387661566,1767889196.6827188,1.6139038801193237,0.054195184260606766
101,25856,25855,INSECTS_abrupt_balanced,insects_real,ts_drift_adapt_severity,20,"error_divergence_ph_meta@error.threshold=0.05,error.min_instances=5",error_divergence_ph_meta,"{""divergence"": {""alpha"": 0.1, ""delta"": 0.005, ""min_instances"": 30, ""threshold"": 0.05}, ""error_rate"": {""alpha"": 0.15, ""delta"": 0.005, ""min_instances"": 5, ""threshold"": 0.05}}","{""error_rate"": {""min_instances"": 5, ""threshold"": 0.05}}",0.05,0.005,0.15,5,0.05,0.005,0.1,30,,,,-1,two_stage,2,0.5,"confirm_cooldown=200,divergence=0.3,error_rate=0.5,teacher_entropy=0.2",1,0,200,0.0,0,10000,10.0,25.0,200,500,0,0,2.0,0.20432394801980197,0.03733189237980721,0.75,1.7507176399230957,0.012734610587358475,0,0,18,18,-1,0.0,0.08333333333333337,0,0.0,0.0,0.0,0.0,1,confirmed_streak,0,5,0,uncertain,0.95,5,mild_drift,0.9301290322858828,0.0014806451610056785,0.3612903226399773,0.7496774193830783,1767889196.7979198,1.5863105058670044,0.05322635918855667
102,26112,26111,INSECTS_abrupt_balanced,insects_real,ts_drift_adapt_severity,20,"error_divergence_ph_meta@error.threshold=0.05,error.min_instances=5",error_divergence_ph_meta,"{""divergence"": {""alpha"": 0.1, ""delta"": 0.005, ""min_instances"": 30, ""threshold"": 0.05}, ""error_rate"": {""alpha"": 0.15, ""delta"": 0.005, ""min_instances"": 5, ""threshold"": 0.05}}","{""error_rate"": {""min_instances"": 5, ""threshold"": 0.05}}",0.05,0.005,0.15,5,0.05,0.005,0.1,30,,,,-1,two_stage,2,0.5,"confirm_cooldown=200,divergence=0.3,error_rate=0.5,teacher_entropy=0.2",1,0,200,0.0,0,10000,10.0,25.0,200,500,0,0,2.0,0.2049249387254902,0.03751456490278197,0.5833333333333334,1.7435925006866455,0.0117721576243639,0,0,18,18,-1,0.0,0.16666666666666663,0,0.0,0.0,0.0,0.0,1,confirmed_streak,0,5,0,uncertain,0.95,5,mild_drift,0.9400645161429414,0.0013903225805028392,0.38064516131998866,0.7548387096915392,1767889196.9104328,1.4786912202835083,0.049171485006809235
103,26368,26367,INSECTS_abrupt_balanced,insects_real,ts_drift_adapt_severity,20,"error_divergence_ph_meta@error.threshold=0.05,error.min_instances=5",error_divergence_ph_meta,"{""divergence"": {""alpha"": 0.1, ""delta"": 0.005, ""min_instances"": 30, ""threshold"": 0.05}, ""error_rate"": {""alpha"": 0.15, ""delta"": 0.005, ""min_instances"": 5, ""threshold"": 0.05}}","{""error_rate"": {""min_instances"": 5, ""threshold"": 0.05}}",0.05,0.005,0.15,5,0.05,0.005,0.1,30,,,,-1,two_stage,2,0.5,"confirm_cooldown=200,divergence=0.3,error_rate=0.5,teacher_entropy=0.2",1,0,200,0.0,0,10000,10.0,25.0,200,500,0,0,2.0,0.2057418082524272,0.038054499630724284,0.75,1.7391327619552612,0.012303609400987625,0,0,18,18,-1,0.0,0.16666666666666663,0,0.0,0.0,0.0,0.0,1,confirmed_streak,0,5,0,uncertain,0.95,5,mild_drift,0.9450322580714707,0.0013451612902514198,0.39032258065999437,0.7574193548457696,1767889197.0229826,1.5721052885055542,0.051268287003040314
104,26624,26623,INSECTS_abrupt_balanced,insects_real,ts_drift_adapt_severity,20,"error_divergence_ph_meta@error.threshold=0.05,error.min_instances=5",error_divergence_ph_meta,"{""divergence"": {""alpha"": 0.1, ""delta"": 0.005, ""min_instances"": 30, ""threshold"": 0.05}, ""error_rate"": {""alpha"": 0.15, ""delta"": 0.005, ""min_instances"": 5, ""threshold"": 0.05}}","{""error_rate"": {""min_instances"": 5, ""threshold"": 0.05}}",0.05,0.005,0.15,5,0.05,0.005,0.1,30,,,,-1,two_stage,2,0.5,"confirm_cooldown=200,divergence=0.3,error_rate=0.5,teacher_entropy=0.2",1,0,200,0.0,0,10000,10.0,25.0,200,500,0,0,2.0,0.20631760817307693,0.03829507597853047,0.75,1.736026644706726,0.012059350498020649,0,0,18,18,-1,0.0,0.00024425890296697617,0,0.0,0.0,0.0,0.0,1,confirmed_streak,0,5,0,uncertain,0.95,5,mild_drift,0.9475161290357353,0.00132258064512571,0.3951612903299972,0.7587096774228848,1767889197.1246688,1.5178450345993042,0.05047735199332237
105,26880,26879,INSECTS_abrupt_balanced,insects_real,ts_drift_adapt_severity,20,"error_divergence_ph_meta@error.threshold=0.05,error.min_instances=5",error_divergence_ph_meta,"{""divergence"": {""alpha"": 0.1, ""delta"": 0.005, ""min_instances"": 30, ""threshold"": 0.05}, ""error_rate"": {""alpha"": 0.15, ""delta"": 0.005, ""min_instances"": 5, ""threshold"": 0.05}}","{""error_rate"": {""min_instances"": 5, ""threshold"": 0.05}}",0.05,0.005,0.15,5,0.05,0.005,0.1,30,,,,-1,two_stage,2,0.5,"confirm_cooldown=200,divergence=0.3,error_rate=0.5,teacher_entropy=0.2",1,0,200,0.0,0,10000,10.0,25.0,200,500,0,0,2.0,0.20684523809523808,0.03848839280985011,0.75,1.7302498817443848,0.01172646600753069,1,1,19,19,0,0.08333333333333337,0.0003328844904899597,1,0.5,-0.0043784475472252535,0.0,0.0,1,confirmed_streak,0,5,1,uncertain,0.95,5,mild_drift,0.9487580645178677,0.001311290322562855,0.3975806451649986,0.7593548387114424,1767889197.2600303,1.4614018201828003,0.048867709934711456
106,27136,27135,INSECTS_abrupt_balanced,insects_real,ts_drift_adapt_severity,20,"error_divergence_ph_meta@error.threshold=0.05,error.min_instances=5",error_divergence_ph_meta,"{""divergence"": {""alpha"": 0.1, ""delta"": 0.005, ""min_instances"": 30, ""threshold"": 0.05}, ""error_rate"": {""alpha"": 0.15, ""delta"": 0.005, ""min_instances"": 5, ""threshold"": 0.05}}","{""error_rate"": {""min_instances"": 5, ""threshold"": 0.05}}",0.05,0.005,0.15,5,0.05,0.005,0.1,30,,,,-1,two_stage,2,0.5,"confirm_cooldown=200,divergence=0.3,error_rate=0.5,teacher_entropy=0.2",1,0,200,0.0,0,10000,10.0,25.0,200,500,0,0,2.0,0.20773142688679244,0.03896853945294044,0.75,1.7267581224441528,0.011299450881779194,0,0,19,19,-1,0.0,0.00042701512575149536,0,0.0,0.0,0.0,0.0,1,confirmed_streak,0,5,0,uncertain,0.95,5,mild_drift,0.9493790322589338,0.0013056451612814277,0.3987903225824993,0.7596774193557212,1767889197.4105659,1.5230646133422852,0.047108013182878494
107,27392,27391,INSECTS_abrupt_balanced,insects_real,ts_drift_adapt_severity,20,"error_divergence_ph_meta@error.threshold=0.05,error.min_instances=5",error_divergence_ph_meta,"{""divergence"": {""alpha"": 0.1, ""delta"": 0.005, ""min_instances"": 30, ""threshold"": 0.05}, ""error_rate"": {""alpha"": 0.15, ""delta"": 0.005, ""min_instances"": 5, ""threshold"": 0.05}}","{""error_rate"": {""min_instances"": 5, ""threshold"": 0.05}}",0.05,0.005,0.15,5,0.05,0.005,0.1,30,,,,-1,two_stage,2,0.5,"confirm_cooldown=200,divergence=0.3,error_rate=0.5,teacher_entropy=0.2",1,0,200,0.0,0,10000,10.0,25.0,200,500,0,0,2.0,0.20852803738317757,0.03937462926436907,0.75,1.7231295108795166,0.011337117291986942,0,0,19,19,-1,0.0,3.766641020774841e-05,0,0.0,0.0,0.0,0.0,1,confirmed_streak,0,5,0,uncertain,0.95,5,mild_drift,0.949689516129467,0.0013028225806407138,0.39939516129124963,0.7598387096778606,1767889197.5199337,1.6868895292282104,0.047582998871803284
108,27648,27647,INSECTS_abrupt_balanced,insects_real,ts_drift_adapt_severity,20,"error_divergence_ph_meta@error.threshold=0.05,error.min_instances=5",error_divergence_ph_meta,"{""divergence"": {""alpha"": 0.1, ""delta"": 0.005, ""min_instances"": 30, ""threshold"": 0.05}, ""error_rate"": {""alpha"": 0.15, ""delta"": 0.005, ""min_instances"": 5, ""threshold"": 0.05}}","{""error_rate"": {""min_instances"": 5, ""threshold"": 0.05}}",0.05,0.005,0.15,5,0.05,0.005,0.1,30,,,,-1,two_stage,2,0.5,"confirm_cooldown=200,divergence=0.3,error_rate=0.5,teacher_entropy=0.2",1,0,200,0.0,0,10000,10.0,25.0,200,500,0,0,2.0,0.20967158564814814,0.040237425438961756,0.75,1.7167121171951294,0.01025340985506773,0,0,19,19,-1,0.0,0.0010837074369192123,0,0.0,0.0,0.0,0.0,1,confirmed_streak,0,5,0,uncertain,0.95,5,mild_drift,0.9498447580647335,0.0013014112903203569,0.39969758064562483,0.7599193548389302,1767889197.6290624,1.476186752319336,0.042993802577257156
109,27904,27903,INSECTS_abrupt_balanced,insects_real,ts_drift_adapt_severity,20,"error_divergence_ph_meta@error.threshold=0.05,error.min_instances=5",error_divergence_ph_meta,"{""divergence"": {""alpha"": 0.1, ""delta"": 0.005, ""min_instances"": 30, ""threshold"": 0.05}, ""error_rate"": {""alpha"": 0.15, ""delta"": 0.005, ""min_instances"": 5, ""threshold"": 0.05}}","{""error_rate"": {""min_instances"": 5, ""threshold"": 0.05}}",0.05,0.005,0.15,5,0.05,0.005,0.1,30,,,,-1,two_stage,2,0.5,"confirm_cooldown=200,divergence=0.3,error_rate=0.5,teacher_entropy=0.2",1,0,200,0.0,0,10000,10.0,25.0,200,500,0,0,2.0,0.21032826834862386,0.04055487273709307,0.75,1.7143182754516602,0.009988454170525074,0,0,19,19,-1,0.0,0.00026495568454265594,0,0.0,0.0,0.0,0.0,1,confirmed_streak,0,5,0,uncertain,0.95,5,mild_drift,0.9499223790323668,0.0013007056451601784,0.3998487903228124,0.7599596774194651,1767889197.7596483,1.67166006565094,0.04198053106665611
110,28160,28159,INSECTS_abrupt_balanced,insects_real,ts_drift_adapt_severity,20,"error_divergence_ph_meta@error.threshold=0.05,error.min_instances=5",error_divergence_ph_meta,"{""divergence"": {""alpha"": 0.1, ""delta"": 0.005, ""min_instances"": 30, ""threshold"": 0.05}, ""error_rate"": {""alpha"": 0.15, ""delta"": 0.005, ""min_instances"": 5, ""threshold"": 0.05}}","{""error_rate"": {""min_instances"": 5, ""threshold"": 0.05}}",0.05,0.005,0.15,5,0.05,0.005,0.1,30,,,,-1,two_stage,2,0.5,"confirm_cooldown=200,divergence=0.3,error_rate=0.5,teacher_entropy=0.2",1,0,200,0.0,0,10000,10.0,25.0,200,500,0,0,2.0,0.20859375,0.0387695917681197,0.9166666666666666,1.7117197513580322,0.009455598890781403,1,1,20,20,0,0.16666666666666663,0.16666666666666663,1,0.5,0.031760412085159555,0.015880206042579777,0.0,1,confirmed_streak,0,5,1,uncertain,0.95,5,severe_drift,0.9114611895161834,0.0016503528225800892,0.3249243951614062,0.7399798387097326,1767889197.854365,2.4039008617401123,0.039872247725725174
111,28416,28415,INSECTS_abrupt_balanced,insects_real,ts_drift_adapt_severity,20,"error_divergence_ph_meta@error.threshold=0.05,error.min_instances=5",error_divergence_ph_meta,"{""divergence"": {""alpha"": 0.1, ""delta"": 0.005, ""min_instances"": 30, ""threshold"": 0.05}, ""error_rate"": {""alpha"": 0.15, ""delta"": 0.005, ""min_instances"": 5, ""threshold"": 0.05}}","{""error_rate"": {""min_instances"": 5, ""threshold"": 0.05}}",0.05,0.005,0.15,5,0.05,0.005,0.1,30,,,,-1,two_stage,2,0.5,"confirm_cooldown=200,divergence=0.3,error_rate=0.5,teacher_entropy=0.2",1,0,200,0.0,0,10000,10.0,25.0,200,500,0,0,2.0,0.20674971846846846,0.03702757312035683,1.0,1.7066234350204468,0.008321559056639671,0,0,20,20,-1,0.0,0.08333333333333337,0,0.0,0.0,0.0,0.0,1,confirmed_streak,0,5,0,uncertain,0.95,5,mild_drift,0.9307305947580917,0.0014751764112900447,0.3624621975807031,0.7499899193548663,1767889197.9243767,2.7197086811065674,0.03484029322862625
112,28672,28671,INSECTS_abrupt_balanced,insects_real,ts_drift_adapt_severity,20,"error_divergence_ph_meta@error.threshold=0.05,error.min_instances=5",error_divergence_ph_meta,"{""divergence"": {""alpha"": 0.1, ""delta"": 0.005, ""min_instances"": 30, ""threshold"": 0.05}, ""error_rate"": {""alpha"": 0.15, ""delta"": 0.005, ""min_instances"": 5, ""threshold"": 0.05}}","{""error_rate"": {""min_instances"": 5, ""threshold"": 0.05}}",0.05,0.005,0.15,5,0.05,0.005,0.1,30,,,,-1,two_stage,2,0.5,"confirm_cooldown=200,divergence=0.3,error_rate=0.5,teacher_entropy=0.2",1,0,200,0.0,0,10000,10.0,25.0,200,500,0,0,2.0,0.20493861607142858,0.03541825541433595,1.0,1.7035435438156128,0.0061913952231407166,0,0,20,20,-1,0.0,0.0021301638334989548,0,0.0,0.0,0.0,0.0,1,confirmed_streak,0,5,0,uncertain,0.95,5,mild_drift,0.9403652973790458,0.0013875882056450224,0.38123109879035155,0.7549949596774331,1767889198.0695632,2.4467990398406982,0.02571232244372368
113,28928,28927,INSECTS_abrupt_balanced,insects_real,ts_drift_adapt_severity,20,"error_divergence_ph_meta@error.threshold=0.05,error.min_instances=5",error_divergence_ph_meta,"{""divergence"": {""alpha"": 0.1, ""delta"": 0.005, ""min_instances"": 30, ""threshold"": 0.05}, ""error_rate"": {""alpha"": 0.15, ""delta"": 0.005, ""min_instances"": 5, ""threshold"": 0.05}}","{""error_rate"": {""min_instances"": 5, ""threshold"": 0.05}}",0.05,0.005,0.15,5,0.05,0.005,0.1,30,,,,-1,two_stage,2,0.5,"confirm_cooldown=200,divergence=0.3,error_rate=0.5,teacher_entropy=0.2",1,0,200,0.0,0,10000,10.0,25.0,200,500,0,0,2.0,0.20322870575221239,0.03385475250516031,0.9166666666666666,1.7008147239685059,0.005145546980202198,0,0,20,20,-1,0.0,0.08333333333333337,0,0.0,0.0,0.0,0.0,1,confirmed_streak,0,5,0,uncertain,0.95,5,mild_drift,0.945182648689523,0.0013437941028225113,0.3906155493951758,0.7574974798387166,1767889198.2390347,2.59195613861084,0.021218974143266678
114,29184,29183,INSECTS_abrupt_balanced,insects_real,ts_drift_adapt_severity,20,"error_divergence_ph_meta@error.threshold=0.05,error.min_instances=5",error_divergence_ph_meta,"{""divergence"": {""alpha"": 0.1, ""delta"": 0.005, ""min_instances"": 30, ""threshold"": 0.05}, ""error_rate"": {""alpha"": 0.15, ""delta"": 0.005, ""min_instances"": 5, ""threshold"": 0.05}}","{""error_rate"": {""min_instances"": 5, ""threshold"": 0.05}}",0.05,0.005,0.15,5,0.05,0.005,0.1,30,,,,-1,two_stage,2,0.5,"confirm_cooldown=200,divergence=0.3,error_rate=0.5,teacher_entropy=0.2",1,0,200,0.0,0,10000,10.0,25.0,200,500,0,0,2.0,0.20151452850877194,0.032332637306471165,1.0,1.6961290836334229,0.0036270387936383486,0,0,20,20,-1,0.0,0.08333333333333337,0,0.0,0.0,0.0,0.0,1,confirmed_streak,0,5,0,uncertain,0.95,5,mild_drift,0.9475913243447615,0.0013218970514112557,0.39530777469758793,0.7587487399193583,1767889198.380119,2.5449130535125732,0.014760464429855347
115,29440,29439,INSECTS_abrupt_balanced,insects_real,ts_drift_adapt_severity,20,"error_divergence_ph_meta@error.threshold=0.05,error.min_instances=5",error_divergence_ph_meta,"{""divergence"": {""alpha"": 0.1, ""delta"": 0.005, ""min_instances"": 30, ""threshold"": 0.05}, ""error_rate"": {""alpha"": 0.15, ""delta"": 0.005, ""min_instances"": 5, ""threshold"": 0.05}}","{""error_rate"": {""min_instances"": 5, ""threshold"": 0.05}}",0.05,0.005,0.15,5,0.05,0.005,0.1,30,,,,-1,two_stage,2,0.5,"confirm_cooldown=200,divergence=0.3,error_rate=0.5,teacher_entropy=0.2",1,0,200,0.0,0,10000,10.0,25.0,200,500,0,0,2.0,0.1997961956521739,0.030787974500192657,1.0,1.6967538595199585,0.0027930638752877712,1,1,21,21,0,0.08333333333333337,0.0008339749183505774,1,0.5,0.08234152458596179,0.041170762292980896,0.0,1,confirmed_streak,0,5,1,uncertain,0.95,5,mild_drift,0.9487956621723808,0.001310948525705628,0.397653887348794,0.7593743699596791,1767889198.5538538,2.309678792953491,0.011252233758568764
116,29696,29695,INSECTS_abrupt_balanced,insects_real,ts_drift_adapt_severity,20,"error_divergence_ph_meta@error.threshold=0.05,error.min_instances=5",error_divergence_ph_meta,"{""divergence"": {""alpha"": 0.1, ""delta"": 0.005, ""min_instances"": 30, ""threshold"": 0.05}, ""error_rate"": {""alpha"": 0.15, ""delta"": 0.005, ""min_instances"": 5, ""threshold"": 0.05}}","{""error_rate"": {""min_instances"": 5, ""threshold"": 0.05}}",0.05,0.005,0.15,5,0.05,0.005,0.1,30,,,,-1,two_stage,2,0.5,"confirm_cooldown=200,divergence=0.3,error_rate=0.5,teacher_entropy=0.2",1,0,200,0.0,0,10000,10.0,25.0,200,500,0,0,2.0,0.19830953663793102,0.029546942317981457,0.8333333333333334,1.6953765153884888,0.0021673161536455154,0,0,21,21,-1,0.0,0.16666666666666663,0,0.0,0.0,0.0,0.0,1,confirmed_streak,0,5,0,uncertain,0.95,5,mild_drift,0.9493978310861904,0.0013054742628528142,0.39882694367439697,0.7596871849798396,1767889198.6255474,2.2356295585632324,0.008676125667989254
117,29952,29951,INSECTS_abrupt_balanced,insects_real,ts_drift_adapt_severity,20,"error_divergence_ph_meta@error.threshold=0.05,error.min_instances=5",error_divergence_ph_meta,"{""divergence"": {""alpha"": 0.1, ""delta"": 0.005, ""min_instances"": 30, ""threshold"": 0.05}, ""error_rate"": {""alpha"": 0.15, ""delta"": 0.005, ""min_instances"": 5, ""threshold"": 0.05}}","{""error_rate"": {""min_instances"": 5, ""threshold"": 0.05}}",0.05,0.005,0.15,5,0.05,0.005,0.1,30,,,,-1,two_stage,2,0.5,"confirm_cooldown=200,divergence=0.3,error_rate=0.5,teacher_entropy=0.2",1,0,200,0.0,0,10000,10.0,25.0,200,500,0,0,2.0,0.19688167735042736,0.028390682606613746,1.0,1.695168375968933,0.0027058813720941544,0,0,21,21,-1,0.0,0.16666666666666663,0,0.0,0.0,0.0,0.0,1,confirmed_streak,0,5,0,uncertain,0.95,5,mild_drift,0.9496989155430952,0.001302737131426407,0.3994134718371985,0.7598435924899198,1767889198.6613765,2.2181975841522217,0.010817065834999084
118,30208,30207,INSECTS_abrupt_balanced,insects_real,ts_drift_adapt_severity,20,"error_divergence_ph_meta@error.threshold=0.05,error.min_instances=5",error_divergence_ph_meta,"{""divergence"": {""alpha"": 0.1, ""delta"": 0.005, ""min_instances"": 30, ""threshold"": 0.05}, ""error_rate"": {""alpha"": 0.15, ""delta"": 0.005, ""min_instances"": 5, ""threshold"": 0.05}}","{""error_rate"": {""min_instances"": 5, ""threshold"": 0.05}}",0.05,0.005,0.15,5,0.05,0.005,0.1,30,,,,-1,two_stage,2,0.5,"confirm_cooldown=200,divergence=0.3,error_rate=0.5,teacher_entropy=0.2",1,0,200,0.0,0,10000,10.0,25.0,200,500,0,0,2.0,0.19541181144067796,0.02725292379841915,1.0,1.6994396448135376,0.0029887640848755836,0,0,21,21,-1,0.0,0.0002828827127814293,0,0.0,0.0,0.0,0.0,1,confirmed_streak,0,5,0,uncertain,0.95,5,mild_drift,0.9498494577715475,0.0013013685657132035,0.3997067359185993,0.7599217962449599,1767889198.6910188,2.20768404006958,0.011934543028473854
119,30464,30463,INSECTS_abrupt_balanced,insects_real,ts_drift_adapt_severity,20,"error_divergence_ph_meta@error.threshold=0.05,error.min_instances=5",error_divergence_ph_meta,"{""divergence"": {""alpha"": 0.1, ""delta"": 0.005, ""min_instances"": 30, ""threshold"": 0.05}, ""error_rate"": {""alpha"": 0.15, ""delta"": 0.005, ""min_instances"": 5, ""threshold"": 0.05}}","{""error_rate"": {""min_instances"": 5, ""threshold"": 0.05}}",0.05,0.005,0.15,5,0.05,0.005,0.1,30,,,,-1,two_stage,2,0.5,"confirm_cooldown=200,divergence=0.3,error_rate=0.5,teacher_entropy=0.2",1,0,200,0.0,0,10000,10.0,25.0,200,500,0,0,2.0,0.19399947478991597,0.02619152266295537,1.0,1.7002373933792114,0.004278240725398064,0,0,21,21,-1,0.0,0.00128947664052248,0,0.0,0.0,0.0,0.0,1,confirmed_streak,0,5,0,uncertain,0.95,5,mild_drift,0.9499247288857737,0.0013006842828566017,0.39985336795929965,0.7599608981224799,1767889198.7196841,2.239940643310547,0.017101863399147987
120,30720,30719,INSECTS_abrupt_balanced,insects_real,ts_drift_adapt_severity,20,"error_divergence_ph_meta@error.threshold=0.05,error.min_instances=5",error_divergence_ph_meta,"{""divergence"": {""alpha"": 0.1, ""delta"": 0.005, ""min_instances"": 30, ""threshold"": 0.05}, ""error_rate"": {""alpha"": 0.15, ""delta"": 0.005, ""min_instances"": 5, ""threshold"": 0.05}}","{""error_rate"": {""min_instances"": 5, ""threshold"": 0.05}}",0.05,0.005,0.15,5,0.05,0.005,0.1,30,,,,-1,two_stage,2,0.5,"confirm_cooldown=200,divergence=0.3,error_rate=0.5,teacher_entropy=0.2",1,0,200,0.0,0,10000,10.0,25.0,200,500,0,0,2.0,0.19283854166666667,0.02550552955319402,0.9166666666666666,1.7043217420578003,0.005585648585110903,1,1,22,22,0,0.08333333333333337,0.08333333333333337,1,0.5,0.024195849615924855,0.012097924807962427,0.0,1,confirmed_streak,0,5,1,uncertain,0.95,5,mild_drift,0.9499623644428868,0.0013003421414283008,0.3999266839796498,0.75998044906124,1767889198.747798,2.130679130554199,0.022221993654966354
121,30976,30975,INSECTS_abrupt_balanced,insects_real,ts_drift_adapt_severity,20,"error_divergence_ph_meta@error.threshold=0.05,error.min_instances=5",error_divergence_ph_meta,"{""divergence"": {""alpha"": 0.1, ""delta"": 0.005, ""min_instances"": 30, ""threshold"": 0.05}, ""error_rate"": {""alpha"": 0.15, ""delta"": 0.005, ""min_instances"": 5, ""threshold"": 0.05}}","{""error_rate"": {""min_instances"": 5, ""threshold"": 0.05}}",0.05,0.005,0.15,5,0.05,0.005,0.1,30,,,,-1,two_stage,2,0.5,"confirm_cooldown=200,divergence=0.3,error_rate=0.5,teacher_entropy=0.2",1,0,200,0.0,0,10000,10.0,25.0,200,500,0,0,2.0,0.19176136363636365,0.0248796479466531,0.9166666666666666,1.7085816860198975,0.0073822564445436,0,0,22,22,-1,0.0,0.0017966078594326973,0,0.0,0.0,0.0,0.0,1,confirmed_streak,0,5,0,uncertain,0.95,5,mild_drift,0.9499811822214435,0.0013001710707141504,0.3999633419898249,0.75999022453062,1767889198.7951324,2.023909330368042,0.029402263462543488
122,31232,31231,INSECTS_abrupt_balanced,insects_real,ts_drift_adapt_severity,20,"error_divergence_ph_meta@error.threshold=0.05,error.min_instances=5",error_divergence_ph_meta,"{""divergence"": {""alpha"": 0.1, ""delta"": 0.005, ""min_instances"": 30, ""threshold"": 0.05}, ""error_rate"": {""alpha"": 0.15, ""delta"": 0.005, ""min_instances"": 5, ""threshold"": 0.05}}","{""error_rate"": {""min_instances"": 5, ""threshold"": 0.05}}",0.05,0.005,0.15,5,0.05,0.005,0.1,30,,,,-1,two_stage,2,0.5,"confirm_cooldown=200,divergence=0.3,error_rate=0.5,teacher_entropy=0.2",1,0,200,0.0,0,10000,10.0,25.0,200,500,0,0,2.0,0.19057377049180327,0.02415261246605402,1.0,1.711408257484436,0.009129433892667294,0,0,22,22,-1,0.0,0.08333333333333337,0,0.0,0.0,0.0,0.0,1,confirmed_streak,0,5,0,uncertain,0.95,5,mild_drift,0.9499905911107217,0.0013000855353570754,0.39998167099491244,0.75999511226531,1767889198.8232098,1.9167500734329224,0.03620981425046921
123,31488,31487,INSECTS_abrupt_balanced,insects_real,ts_drift_adapt_severity,20,"error_divergence_ph_meta@error.threshold=0.05,error.min_instances=5",error_divergence_ph_meta,"{""divergence"": {""alpha"": 0.1, ""delta"": 0.005, ""min_instances"": 30, ""threshold"": 0.05}, ""error_rate"": {""alpha"": 0.15, ""delta"": 0.005, ""min_instances"": 5, ""threshold"": 0.05}}","{""error_rate"": {""min_instances"": 5, ""threshold"": 0.05}}",0.05,0.005,0.15,5,0.05,0.005,0.1,30,,,,-1,two_stage,2,0.5,"confirm_cooldown=200,divergence=0.3,error_rate=0.5,teacher_entropy=0.2",1,0,200,0.0,0,10000,10.0,25.0,200,500,0,0,2.0,0.18975482723577236,0.023939928088309623,0.9166666666666666,1.7163970470428467,0.010951999574899673,0,0,22,22,-1,0.0,0.08333333333333337,0,0.0,0.0,0.0,0.0,1,confirmed_streak,0,5,0,uncertain,0.95,5,mild_drift,0.9499952955553608,0.0013000427676785379,0.39999083549745623,0.7599975561326551,1767889198.8535345,1.9618810415267944,0.04330362007021904
124,31744,31743,INSECTS_abrupt_balanced,insects_real,ts_drift_adapt_severity,20,"error_divergence_ph_meta@error.threshold=0.05,error.min_instances=5",error_divergence_ph_meta,"{""divergence"": {""alpha"": 0.1, ""delta"": 0.005, ""min_instances"": 30, ""threshold"": 0.05}, ""error_rate"": {""alpha"": 0.15, ""delta"": 0.005, ""min_instances"": 5, ""threshold"": 0.05}}","{""error_rate"": {""min_instances"": 5, ""threshold"": 0.05}}",0.05,0.005,0.15,5,0.05,0.005,0.1,30,,,,-1,two_stage,2,0.5,"confirm_cooldown=200,divergence=0.3,error_rate=0.5,teacher_entropy=0.2",1,0,200,0.0,0,10000,10.0,25.0,200,500,0,0,2.0,0.18910660282258066,0.023799688600003456,0.5833333333333334,1.719991683959961,0.012940676882863045,0,0,22,22,-1,0.0,0.33333333333333326,0,0.0,0.0,0.0,0.0,1,confirmed_streak,0,5,0,uncertain,0.95,5,mild_drift,0.9499976477776804,0.0013000213838392691,0.39999541774872815,0.7599987780663275,1767889198.8818445,1.7486742734909058,0.05108923092484474
125,32000,31999,INSECTS_abrupt_balanced,insects_real,ts_drift_adapt_severity,20,"error_divergence_ph_meta@error.threshold=0.05,error.min_instances=5",error_divergence_ph_meta,"{""divergence"": {""alpha"": 0.1, ""delta"": 0.005, ""min_instances"": 30, ""threshold"": 0.05}, ""error_rate"": {""alpha"": 0.15, ""delta"": 0.005, ""min_instances"": 5, ""threshold"": 0.05}}","{""error_rate"": {""min_instances"": 5, ""threshold"": 0.05}}",0.05,0.005,0.15,5,0.05,0.005,0.1,30,,,,-1,two_stage,2,0.5,"confirm_cooldown=200,divergence=0.3,error_rate=0.5,teacher_entropy=0.2",1,0,200,0.0,0,10000,10.0,25.0,200,500,0,0,2.0,0.18821875,0.023457942563271703,0.75,1.7283304929733276,0.015103185549378395,1,1,23,23,0,0.16666666666666663,0.16666666666666663,1,0.5,-0.0044315876342497324,0.0,0.0,1,confirmed_streak,0,5,1,uncertain,0.95,5,severe_drift,0.9114988238888402,0.0016500106919196346,0.3249977088743641,0.7399993890331638,1767889198.917397,1.7586784362792969,0.059628136456012726
126,32256,32255,INSECTS_abrupt_balanced,insects_real,ts_drift_adapt_severity,20,"error_divergence_ph_meta@error.threshold=0.05,error.min_instances=5",error_divergence_ph_meta,"{""divergence"": {""alpha"": 0.1, ""delta"": 0.005, ""min_instances"": 30, ""threshold"": 0.05}, ""error_rate"": {""alpha"": 0.15, ""delta"": 0.005, ""min_instances"": 5, ""threshold"": 0.05}}","{""error_rate"": {""min_instances"": 5, ""threshold"": 0.05}}",0.05,0.005,0.15,5,0.05,0.005,0.1,30,,,,-1,two_stage,2,0.5,"confirm_cooldown=200,divergence=0.3,error_rate=0.5,teacher_entropy=0.2",1,0,200,0.0,0,10000,10.0,25.0,200,500,0,0,2.0,0.18777901785714285,0.02354764168596193,0.9166666666666666,1.7333751916885376,0.016450339928269386,0,0,23,23,-1,0.0,0.16666666666666663,0,0.0,0.0,0.0,0.0,1,confirmed_streak,0,5,0,uncertain,0.95,5,mild_drift,0.9307494119444201,0.0014750053459598174,0.36249885443718205,0.7499996945165819,1767889198.9478712,1.7801437377929688,0.06512926518917084
127,32512,32511,INSECTS_abrupt_balanced,insects_real,ts_drift_adapt_severity,20,"error_divergence_ph_meta@error.threshold=0.05,error.min_instances=5",error_divergence_ph_meta,"{""divergence"": {""alpha"": 0.1, ""delta"": 0.005, ""min_instances"": 30, ""threshold"": 0.05}, ""error_rate"": {""alpha"": 0.15, ""delta"": 0.005, ""min_instances"": 5, ""threshold"": 0.05}}","{""error_rate"": {""min_instances"": 5, ""threshold"": 0.05}}",0.05,0.005,0.15,5,0.05,0.005,0.1,30,,,,-1,two_stage,2,0.5,"confirm_cooldown=200,divergence=0.3,error_rate=0.5,teacher_entropy=0.2",1,0,200,0.0,0,10000,10.0,25.0,200,500,0,0,2.0,0.18753075787401574,0.023947315196693793,0.8333333333333334,1.7391325235366821,0.01794315129518509,0,0,23,23,-1,0.0,0.08333333333333326,0,0.0,0.0,0.0,0.0,1,confirmed_streak,0,5,0,uncertain,0.95,5,mild_drift,0.9403747059722101,0.0013875026729799089,0.381249427218591,0.754999847258291,1767889198.9725354,1.7926405668258667,0.07115918397903442
128,32768,32767,INSECTS_abrupt_balanced,insects_real,ts_drift_adapt_severity,20,"error_divergence_ph_meta@error.threshold=0.05,error.min_instances=5",error_divergence_ph_meta,"{""divergence"": {""alpha"": 0.1, ""delta"": 0.005, ""min_instances"": 30, ""threshold"": 0.05}, ""error_rate"": {""alpha"": 0.15, ""delta"": 0.005, ""min_instances"": 5, ""threshold"": 0.05}}","{""error_rate"": {""min_instances"": 5, ""threshold"": 0.05}}",0.05,0.005,0.15,5,0.05,0.005,0.1,30,,,,-1,two_stage,2,0.5,"confirm_cooldown=200,divergence=0.3,error_rate=0.5,teacher_entropy=0.2",1,0,200,0.0,0,10000,10.0,25.0,200,500,0,0,2.0,0.18768310546875,0.024743731393529134,0.75,1.7475697994232178,0.019127333536744118,0,0,23,23,-1,0.0,0.08333333333333337,0,0.0,0.0,0.0,0.0,1,confirmed_streak,0,5,0,uncertain,0.95,5,mild_drift,0.945187352986105,0.0013437513364899546,0.3906247136092955,0.7574999236291455,1767889198.996298,1.7431613206863403,0.07600199431180954
129,33024,33023,INSECTS_abrupt_balanced,insects_real,ts_drift_adapt_severity,20,"error_divergence_ph_meta@error.threshold=0.05,error.min_instances=5",error_divergence_ph_meta,"{""divergence"": {""alpha"": 0.1, ""delta"": 0.005, ""min_instances"": 30, ""threshold"": 0.05}, ""error_rate"": {""alpha"": 0.15, ""delta"": 0.005, ""min_instances"": 5, ""threshold"": 0.05}}","{""error_rate"": {""min_instances"": 5, ""threshold"": 0.05}}",0.05,0.005,0.15,5,0.05,0.005,0.1,30,,,,-1,two_stage,2,0.5,"confirm_cooldown=200,divergence=0.3,error_rate=0.5,teacher_entropy=0.2",1,0,200,0.0,0,10000,10.0,25.0,200,500,0,0,2.0,0.18825702519379844,0.026103126990675247,0.6666666666666666,1.753247618675232,0.019034769386053085,0,0,23,23,-1,0.0,0.08333333333333337,0,0.0,0.0,0.0,0.0,1,confirmed_streak,0,5,0,uncertain,0.95,5,mild_drift,0.9475936764930525,0.0013218756682449773,0.39531235680464777,0.7587499618145728,1767889199.030796,1.7556711435317993,0.07584166526794434
130,33280,33279,INSECTS_abrupt_balanced,insects_real,ts_drift_adapt_severity,20,"error_divergence_ph_meta@error.threshold=0.05,error.min_instances=5",error_divergence_ph_meta,"{""divergence"": {""alpha"": 0.1, ""delta"": 0.005, ""min_instances"": 30, ""threshold"": 0.05}, ""error_rate"": {""alpha"": 0.15, ""delta"": 0.005, ""min_instances"": 5, ""threshold"": 0.05}}","{""error_rate"": {""min_instances"": 5, ""threshold"": 0.05}}",0.05,0.005,0.15,5,0.05,0.005,0.1,30,,,,-1,two_stage,2,0.5,"confirm_cooldown=200,divergence=0.3,error_rate=0.5,teacher_entropy=0.2",1,0,200,0.0,0,10000,10.0,25.0,200,500,0,0,2.0,0.18885216346153846,0.02664858515576279,0.5833333333333334,1.755784273147583,0.020412158221006393,1,1,24,24,0,0.16666666666666663,0.08333333333333326,1,0.5,0.000134787429512936,6.7393714756468e-05,0.0,1,confirmed_streak,0,5,1,uncertain,0.95,5,severe_drift,0.9102968382465262,0.0016609378341224887,0.32265617840232386,0.7393749809072865,1767889199.0805936,1.6157385110855103,0.08120548725128174
131,33536,33535,INSECTS_abrupt_balanced,insects_real,ts_drift_adapt_severity,20,"error_divergence_ph_meta@error.threshold=0.05,error.min_instances=5",error_divergence_ph_meta,"{""divergence"": {""alpha"": 0.1, ""delta"": 0.005, ""min_instances"": 30, ""threshold"": 0.05}, ""error_rate"": {""alpha"": 0.15, ""delta"": 0.005, ""min_instances"": 5, ""threshold"": 0.05}}","{""error_rate"": {""min_instances"": 5, ""threshold"": 0.05}}",0.05,0.005,0.15,5,0.05,0.005,0.1,30,,,,-1,two_stage,2,0.5,"confirm_cooldown=200,divergence=0.3,error_rate=0.5,teacher_entropy=0.2",1,0,200,0.0,0,10000,10.0,25.0,200,500,0,0,2.0,0.18872256679389313,0.026580180911382433,0.75,1.762682557106018,0.02093193121254444,0,0,24,24,-1,0.0,0.16666666666666663,0,0.0,0.0,0.0,0.0,1,confirmed_streak,0,5,0,uncertain,0.95,5,mild_drift,0.9301484191232631,0.0014804689170612444,0.36132808920116194,0.7496874904536432,1767889199.104348,1.777025580406189,0.08366314321756363
132,33792,33791,INSECTS_abrupt_balanced,insects_real,ts_drift_adapt_severity,20,"error_divergence_ph_meta@error.threshold=0.05,error.min_instances=5",error_divergence_ph_meta,"{""divergence"": {""alpha"": 0.1, ""delta"": 0.005, ""min_instances"": 30, ""threshold"": 0.05}, ""error_rate"": {""alpha"": 0.15, ""delta"": 0.005, ""min_instances"": 5, ""threshold"": 0.05}}","{""error_rate"": {""min_instances"": 5, ""threshold"": 0.05}}",0.05,0.005,0.15,5,0.05,0.005,0.1,30,,,,-1,two_stage,2,0.5,"confirm_cooldown=200,divergence=0.3,error_rate=0.5,teacher_entropy=0.2",1,0,200,0.0,0,10000,10.0,25.0,200,500,0,0,2.0,0.18895004734848486,0.02705296169514365,1.0,1.7680912017822266,0.01971307024359703,0,0,24,24,-1,0.0,0.25,0,0.0,0.0,0.0,0.0,1,confirmed_streak,0,5,0,uncertain,0.95,5,mild_drift,0.9400742095616315,0.0013902344585306223,0.380664044600581,0.7548437452268216,1767889199.1267843,1.9658411741256714,0.07920734584331512
133,34048,34047,INSECTS_abrupt_balanced,insects_real,ts_drift_adapt_severity,20,"error_divergence_ph_meta@error.threshold=0.05,error.min_instances=5",error_divergence_ph_meta,"{""divergence"": {""alpha"": 0.1, ""delta"": 0.005, ""min_instances"": 30, ""threshold"": 0.05}, ""error_rate"": {""alpha"": 0.15, ""delta"": 0.005, ""min_instances"": 5, ""threshold"": 0.05}}","{""error_rate"": {""min_instances"": 5, ""threshold"": 0.05}}",0.05,0.005,0.15,5,0.05,0.005,0.1,30,,,,-1,two_stage,2,0.5,"confirm_cooldown=200,divergence=0.3,error_rate=0.5,teacher_entropy=0.2",1,0,200,0.0,0,10000,10.0,25.0,200,500,0,0,2.0,0.188968515037594,0.0272161686095743,0.8333333333333334,1.7705825567245483,0.01912236586213112,0,0,24,24,-1,0.0,0.16666666666666663,0,0.0,0.0,0.0,0.0,1,confirmed_streak,0,5,0,uncertain,0.95,5,mild_drift,0.9450371047808157,0.0013451172292653112,0.3903320223002905,0.7574218726134108,1767889199.147934,1.9763250350952148,0.07707631587982178
134,34304,34303,INSECTS_abrupt_balanced,insects_real,ts_drift_adapt_severity,20,"error_divergence_ph_meta@error.threshold=0.05,error.min_instances=5",error_divergence_ph_meta,"{""divergence"": {""alpha"": 0.1, ""delta"": 0.005, ""min_instances"": 30, ""threshold"": 0.05}, ""error_rate"": {""alpha"": 0.15, ""delta"": 0.005, ""min_instances"": 5, ""threshold"": 0.05}}","{""error_rate"": {""min_instances"": 5, ""threshold"": 0.05}}",0.05,0.005,0.15,5,0.05,0.005,0.1,30,,,,-1,two_stage,2,0.5,"confirm_cooldown=200,divergence=0.3,error_rate=0.5,teacher_entropy=0.2",1,0,200,0.0,0,10000,10.0,25.0,200,500,0,0,2.0,0.18892840485074627,0.027257155277699136,0.6666666666666666,1.7708746194839478,0.01797255501151085,0,0,24,24,-1,0.0,0.16666666666666674,0,0.0,0.0,0.0,0.0,1,confirmed_streak,0,5,0,uncertain,0.95,5,mild_drift,0.9475185523904078,0.0013225586146326557,0.39516601115014527,0.7587109363067054,1767889199.1706772,1.6328763961791992,0.0722775086760521
135,34560,34559,INSECTS_abrupt_balanced,insects_real,ts_drift_adapt_severity,20,"error_divergence_ph_meta@error.threshold=0.05,error.min_instances=5",error_divergence_ph_meta,"{""divergence"": {""alpha"": 0.1, ""delta"": 0.005, ""min_instances"": 30, ""threshold"": 0.05}, ""error_rate"": {""alpha"": 0.15, ""delta"": 0.005, ""min_instances"": 5, ""threshold"": 0.05}}","{""error_rate"": {""min_instances"": 5, ""threshold"": 0.05}}",0.05,0.005,0.15,5,0.05,0.005,0.1,30,,,,-1,two_stage,2,0.5,"confirm_cooldown=200,divergence=0.3,error_rate=0.5,teacher_entropy=0.2",1,0,200,0.0,0,10000,10.0,25.0,200,500,0,0,2.0,0.18909143518518517,0.027569327826323885,0.8333333333333334,1.7735365629196167,0.017329147085547447,1,1,25,25,0,0.25,0.16666666666666674,1,0.5,0.0006858618126959638,0.0003429309063479819,0.0,1,confirmed_streak,0,5,1,uncertain,0.95,5,severe_drift,0.910259276195204,0.0016612793073163279,0.32258300557507263,0.7393554681533527,1767889199.1930993,1.8492997884750366,0.06963130831718445
136,34816,34815,INSECTS_abrupt_balanced,insects_real,ts_drift_adapt_severity,20,"error_divergence_ph_meta@error.threshold=0.05,error.min_instances=5",error_divergence_ph_meta,"{""divergence"": {""alpha"": 0.1, ""delta"": 0.005, ""min_instances"": 30, ""threshold"": 0.05}, ""error_rate"": {""alpha"": 0.15, ""delta"": 0.005, ""min_instances"": 5, ""threshold"": 0.05}}","{""error_rate"": {""min_instances"": 5, ""threshold"": 0.05}}",0.05,0.005,0.15,5,0.05,0.005,0.1,30,,,,-1,two_stage,2,0.5,"confirm_cooldown=200,divergence=0.3,error_rate=0.5,teacher_entropy=0.2",1,0,200,0.0,0,10000,10.0,25.0,200,500,0,0,2.0,0.1889361213235294,0.027373825377110222,1.0,1.77174973487854,0.01580263301730156,0,0,25,25,-1,0.0,0.16666666666666663,0,0.0,0.0,0.0,0.0,1,confirmed_streak,0,5,0,uncertain,0.95,5,mild_drift,0.930129638097602,0.001480639653658164,0.3612915027875363,0.7496777340766764,1767889199.2135332,1.9996795654296875,0.06337568163871765
137,35072,35071,INSECTS_abrupt_balanced,insects_real,ts_drift_adapt_severity,20,"error_divergence_ph_meta@error.threshold=0.05,error.min_instances=5",error_divergence_ph_meta,"{""divergence"": {""alpha"": 0.1, ""delta"": 0.005, ""min_instances"": 30, ""threshold"": 0.05}, ""error_rate"": {""alpha"": 0.15, ""delta"": 0.005, ""min_instances"": 5, ""threshold"": 0.05}}","{""error_rate"": {""min_instances"": 5, ""threshold"": 0.05}}",0.05,0.005,0.15,5,0.05,0.005,0.1,30,,,,-1,two_stage,2,0.5,"confirm_cooldown=200,divergence=0.3,error_rate=0.5,teacher_entropy=0.2",1,0,200,0.0,0,10000,10.0,25.0,200,500,0,0,2.0,0.188954151459854,0.027428317458300083,0.8333333333333334,1.7743265628814697,0.013556985184550285,0,0,25,25,-1,0.0,0.16666666666666663,0,0.0,0.0,0.0,0.0,1,confirmed_streak,0,5,0,uncertain,0.95,5,mild_drift,0.940064819048801,0.001390319826829082,0.38064575139376816,0.7548388670383381,1767889199.2306721,2.013859272003174,0.05439700558781624
138,35328,35327,INSECTS_abrupt_balanced,insects_real,ts_drift_adapt_severity,20,"error_divergence_ph_meta@error.threshold=0.05,error.min_instances=5",error_divergence_ph_meta,"{""divergence"": {""alpha"": 0.1, ""delta"": 0.005, ""min_instances"": 30, ""threshold"": 0.05}, ""error_rate"": {""alpha"": 0.15, ""delta"": 0.005, ""min_instances"": 5, ""threshold"": 0.05}}","{""error_rate"": {""min_instances"": 5, ""threshold"": 0.05}}",0.05,0.005,0.15,5,0.05,0.005,0.1,30,,,,-1,two_stage,2,0.5,"confirm_cooldown=200,divergence=0.3,error_rate=0.5,teacher_entropy=0.2",1,0,200,0.0,0,10000,10.0,25.0,200,500,0,0,2.0,0.18908514492753623,0.027697624699206988,0.8333333333333334,1.7738155126571655,0.011602554470300674,0,0,25,25,-1,0.0,0.001954430714249611,0,0.0,0.0,0.0,0.0,1,confirmed_streak,0,5,0,uncertain,0.95,5,mild_drift,0.9450324095244005,0.0013451599134145411,0.39032287569688406,0.7574194335191691,1767889199.249361,1.8657535314559937,0.04649032652378082
139,35584,35583,INSECTS_abrupt_balanced,insects_real,ts_drift_adapt_severity,20,"error_divergence_ph_meta@error.threshold=0.05,error.min_instances=5",error_divergence_ph_meta,"{""divergence"": {""alpha"": 0.1, ""delta"": 0.005, ""min_instances"": 30, ""threshold"": 0.05}, ""error_rate"": {""alpha"": 0.15, ""delta"": 0.005, ""min_instances"": 5, ""threshold"": 0.05}}","{""error_rate"": {""min_instances"": 5, ""threshold"": 0.05}}",0.05,0.005,0.15,5,0.05,0.005,0.1,30,,,,-1,two_stage,2,0.5,"confirm_cooldown=200,divergence=0.3,error_rate=0.5,teacher_entropy=0.2",1,0,200,0.0,0,10000,10.0,25.0,200,500,0,0,2.0,0.1891861510791367,0.02794735609030404,0.5833333333333334,1.7716929912567139,0.010181245394051075,0,0,25,25,-1,0.0,0.25,0,0.0,0.0,0.0,0.0,1,confirmed_streak,0,5,0,uncertain,0.95,5,mild_drift,0.9475162047622002,0.0013225799567072706,0.39516143784844204,0.7587097167595845,1767889199.2759135,1.676741600036621,0.04081008955836296
140,35840,35839,INSECTS_abrupt_balanced,insects_real,ts_drift_adapt_severity,20,"error_divergence_ph_meta@error.threshold=0.05,error.min_instances=5",error_divergence_ph_meta,"{""divergence"": {""alpha"": 0.1, ""delta"": 0.005, ""min_instances"": 30, ""threshold"": 0.05}, ""error_rate"": {""alpha"": 0.15, ""delta"": 0.005, ""min_instances"": 5, ""threshold"": 0.05}}","{""error_rate"": {""min_instances"": 5, ""threshold"": 0.05}}",0.05,0.005,0.15,5,0.05,0.005,0.1,30,,,,-1,two_stage,2,0.5,"confirm_cooldown=200,divergence=0.3,error_rate=0.5,teacher_entropy=0.2",1,0,200,0.0,0,10000,10.0,25.0,200,500,0,0,2.0,0.18939732142857144,0.028258711140318964,0.75,1.770893931388855,0.009525913745164871,1,1,26,26,0,0.08333333333333337,0.16666666666666663,1,0.5,-0.0021117525639621055,0.0,0.0,1,confirmed_streak,0,5,1,uncertain,0.95,5,mild_drift,0.9487581023811,0.0013112899783536353,0.39758071892422103,0.7593548583797922,1767889199.2999403,1.702681541442871,0.038176555186510086
141,36096,36095,INSECTS_abrupt_balanced,insects_real,ts_drift_adapt_severity,20,"error_divergence_ph_meta@error.threshold=0.05,error.min_instances=5",error_divergence_ph_meta,"{""divergence"": {""alpha"": 0.1, ""delta"": 0.005, ""min_instances"": 30, ""threshold"": 0.05}, ""error_rate"": {""alpha"": 0.15, ""delta"": 0.005, ""min_instances"": 5, ""threshold"": 0.05}}","{""error_rate"": {""min_instances"": 5, ""threshold"": 0.05}}",0.05,0.005,0.15,5,0.05,0.005,0.1,30,,,,-1,two_stage,2,0.5,"confirm_cooldown=200,divergence=0.3,error_rate=0.5,teacher_entropy=0.2",1,0,200,0.0,0,10000,10.0,25.0,200,500,0,0,2.0,0.1896054964539007,0.028641788959699942,0.8333333333333334,1.7689591646194458,0.008287187665700912,0,0,26,26,-1,0.0,0.08333333333333337,0,0.0,0.0,0.0,0.0,1,confirmed_streak,0,5,0,uncertain,0.95,5,mild_drift,0.94937905119055,0.0013056449891768176,0.3987903594621105,0.7596774291898961,1767889199.3239465,1.8648735284805298,0.033126916736364365
142,36352,36351,INSECTS_abrupt_balanced,insects_real,ts_drift_adapt_severity,20,"error_divergence_ph_meta@error.threshold=0.05,error.min_instances=5",error_divergence_ph_meta,"{""divergence"": {""alpha"": 0.1, ""delta"": 0.005, ""min_instances"": 30, ""threshold"": 0.05}, ""error_rate"": {""alpha"": 0.15, ""delta"": 0.005, ""min_instances"": 5, ""threshold"": 0.05}}","{""error_rate"": {""min_instances"": 5, ""threshold"": 0.05}}",0.05,0.005,0.15,5,0.05,0.005,0.1,30,,,,-1,two_stage,2,0.5,"confirm_cooldown=200,divergence=0.3,error_rate=0.5,teacher_entropy=0.2",1,0,200,0.0,0,10000,10.0,25.0,200,500,0,0,2.0,0.18994828345070422,0.029141528551300613,0.6666666666666666,1.7693618535995483,0.0073861307464540005,0,0,26,26,-1,0.0,0.16666666666666674,0,0.0,0.0,0.0,0.0,1,confirmed_streak,0,5,0,uncertain,0.95,5,mild_drift,0.949689525595275,0.0013028224945884088,0.39939517973105526,0.7598387145949481,1767889199.348186,1.5424957275390625,0.029640192165970802
143,36608,36607,INSECTS_abrupt_balanced,insects_real,ts_drift_adapt_severity,20,"error_divergence_ph_meta@error.threshold=0.05,error.min_instances=5",error_divergence_ph_meta,"{""divergence"": {""alpha"": 0.1, ""delta"": 0.005, ""min_instances"": 30, ""threshold"": 0.05}, ""error_rate"": {""alpha"": 0.15, ""delta"": 0.005, ""min_instances"": 5, ""threshold"": 0.05}}","{""error_rate"": {""min_instances"": 5, ""threshold"": 0.05}}",0.05,0.005,0.15,5,0.05,0.005,0.1,30,,,,-1,two_stage,2,0.5,"confirm_cooldown=200,divergence=0.3,error_rate=0.5,teacher_entropy=0.2",1,0,200,0.0,0,10000,10.0,25.0,200,500,0,0,2.0,0.1901770104895105,0.029518082465510517,1.0,1.7685014009475708,0.006924435030668974,0,0,26,26,-1,0.0,0.33333333333333337,0,0.0,0.0,0.0,0.0,1,confirmed_streak,0,5,0,uncertain,0.95,5,mild_drift,0.9498447627976374,0.0013014112472942044,0.3996975898655276,0.7599193572974741,1767889199.3730114,1.910003662109375,0.027808591723442078
144,36864,36863,INSECTS_abrupt_balanced,insects_real,ts_drift_adapt_severity,20,"error_divergence_ph_meta@error.threshold=0.05,error.min_instances=5",error_divergence_ph_meta,"{""divergence"": {""alpha"": 0.1, ""delta"": 0.005, ""min_instances"": 30, ""threshold"": 0.05}, ""error_rate"": {""alpha"": 0.15, ""delta"": 0.005, ""min_instances"": 5, ""threshold"": 0.05}}","{""error_rate"": {""min_instances"": 5, ""threshold"": 0.05}}",0.05,0.005,0.15,5,0.05,0.005,0.1,30,,,,-1,two_stage,2,0.5,"confirm_cooldown=200,divergence=0.3,error_rate=0.5,teacher_entropy=0.2",1,0,200,0.0,0,10000,10.0,25.0,200,500,0,0,2.0,0.19034830729166666,0.02985279469322931,0.6666666666666666,1.7672311067581177,0.006286181975156069,0,0,26,26,-1,0.0,0.33333333333333337,0,0.0,0.0,0.0,0.0,1,confirmed_streak,0,5,0,uncertain,0.95,5,mild_drift,0.9499223813988187,0.0013007056236471024,0.3998487949327638,0.759959678648737,1767889199.3969426,1.812449336051941,0.025216953828930855
145,37120,37119,INSECTS_abrupt_balanced,insects_real,ts_drift_adapt_severity,20,"error_divergence_ph_meta@error.threshold=0.05,error.min_instances=5",error_divergence_ph_meta,"{""divergence"": {""alpha"": 0.1, ""delta"": 0.005, ""min_instances"": 30, ""threshold"": 0.05}, ""error_rate"": {""alpha"": 0.15, ""delta"": 0.005, ""min_instances"": 5, ""threshold"": 0.05}}","{""error_rate"": {""min_instances"": 5, ""threshold"": 0.05}}",0.05,0.005,0.15,5,0.05,0.005,0.1,30,,,,-1,two_stage,2,0.5,"confirm_cooldown=200,divergence=0.3,error_rate=0.5,teacher_entropy=0.2",1,0,200,0.0,0,10000,10.0,25.0,200,500,0,0,2.0,0.1902209051724138,0.02972171087757808,0.9166666666666666,1.7680203914642334,0.006253330036997795,1,1,27,27,0,0.16666666666666663,0.25,1,0.5,0.039098112648304754,0.019549056324152377,0.0,1,confirmed_streak,0,5,1,uncertain,0.95,5,severe_drift,0.9114611906994093,0.0016503528118235512,0.3249243974663819,0.7399798393243686,1767889199.4205616,1.8586002588272095,0.025082869455218315
146,37376,37375,INSECTS_abrupt_balanced,insects_real,ts_drift_adapt_severity,20,"error_divergence_ph_meta@error.threshold=0.05,error.min_instances=5",error_divergence_ph_meta,"{""divergence"": {""alpha"": 0.1, ""delta"": 0.005, ""min_instances"": 30, ""threshold"": 0.05}, ""error_rate"": {""alpha"": 0.15, ""delta"": 0.005, ""min_instances"": 5, ""threshold"": 0.05}}","{""error_rate"": {""min_instances"": 5, ""threshold"": 0.05}}",0.05,0.005,0.15,5,0.05,0.005,0.1,30,,,,-1,two_stage,2,0.5,"confirm_cooldown=200,divergence=0.3,error_rate=0.5,teacher_entropy=0.2",1,0,200,0.0,0,10000,10.0,25.0,200,500,0,0,2.0,0.19006849315068494,0.029559294161519523,1.0,1.7656962871551514,0.005335316527634859,0,0,27,27,-1,0.0,0.08333333333333337,0,0.0,0.0,0.0,0.0,1,confirmed_streak,0,5,0,uncertain,0.95,5,mild_drift,0.9307305953497047,0.0014751764059117757,0.36246219873319097,0.7499899196621843,1767889199.445083,2.0071589946746826,0.021426253020763397
147,37632,37631,INSECTS_abrupt_balanced,insects_real,ts_drift_adapt_severity,20,"error_divergence_ph_meta@error.threshold=0.05,error.min_instances=5",error_divergence_ph_meta,"{""divergence"": {""alpha"": 0.1, ""delta"": 0.005, ""min_instances"": 30, ""threshold"": 0.05}, ""error_rate"": {""alpha"": 0.15, ""delta"": 0.005, ""min_instances"": 5, ""threshold"": 0.05}}","{""error_rate"": {""min_instances"": 5, ""threshold"": 0.05}}",0.05,0.005,0.15,5,0.05,0.005,0.1,30,,,,-1,two_stage,2,0.5,"confirm_cooldown=200,divergence=0.3,error_rate=0.5,teacher_entropy=0.2",1,0,200,0.0,0,10000,10.0,25.0,200,500,0,0,2.0,0.19023703231292516,0.02979204179762649,0.8333333333333334,1.7637939453125,0.0043579949997365475,0,0,27,27,-1,0.0,0.16666666666666663,0,0.0,0.0,0.0,0.0,1,confirmed_streak,0,5,0,uncertain,0.95,5,mild_drift,0.9403652976748523,0.001387588202955888,0.3812310993665955,0.7549949598310921,1767889199.4696035,1.8092570304870605,0.01750059425830841
148,37888,37887,INSECTS_abrupt_balanced,insects_real,ts_drift_adapt_severity,20,"error_divergence_ph_meta@error.threshold=0.05,error.min_instances=5",error_divergence_ph_meta,"{""divergence"": {""alpha"": 0.1, ""delta"": 0.005, ""min_instances"": 30, ""threshold"": 0.05}, ""error_rate"": {""alpha"": 0.15, ""delta"": 0.005, ""min_instances"": 5, ""threshold"": 0.05}}","{""error_rate"": {""min_instances"": 5, ""threshold"": 0.05}}",0.05,0.005,0.15,5,0.05,0.005,0.1,30,,,,-1,two_stage,2,0.5,"confirm_cooldown=200,divergence=0.3,error_rate=0.5,teacher_entropy=0.2",1,0,200,0.0,0,10000,10.0,25.0,200,500,0,0,2.0,0.1905616554054054,0.030241941522912874,0.6666666666666666,1.762746810913086,0.004123015329241753,0,0,27,27,-1,0.0,0.16666666666666674,0,0.0,0.0,0.0,0.0,1,confirmed_streak,0,5,0,uncertain,0.95,5,mild_drift,0.9451826488374262,0.001343794101477944,0.39061554968329776,0.7574974799155461,1767889199.493544,1.7069050073623657,0.01656067557632923
149,38144,38143,INSECTS_abrupt_balanced,insects_real,ts_drift_adapt_severity,20,"error_divergence_ph_meta@error.threshold=0.05,error.min_instances=5",error_divergence_ph_meta,"{""divergence"": {""alpha"": 0.1, ""delta"": 0.005, ""min_instances"": 30, ""threshold"": 0.05}, ""error_rate"": {""alpha"": 0.15, ""delta"": 0.005, ""min_instances"": 5, ""threshold"": 0.05}}","{""error_rate"": {""min_instances"": 5, ""threshold"": 0.05}}",0.05,0.005,0.15,5,0.05,0.005,0.1,30,,,,-1,two_stage,2,0.5,"confirm_cooldown=200,divergence=0.3,error_rate=0.5,teacher_entropy=0.2",1,0,200,0.0,0,10000,10.0,25.0,200,500,0,0,2.0,0.19072462248322147,0.03049839925425059,0.5833333333333334,1.763806700706482,0.003795039374381304,0,0,27,27,-1,0.0,0.08333333333333326,0,0.0,0.0,0.0,0.0,1,confirmed_streak,0,5,0,uncertain,0.95,5,mild_drift,0.9475913244187131,0.001321897050738972,0.3953077748416489,0.758748739957773,1767889199.5181143,1.6453518867492676,0.015201359055936337
150,38400,38399,INSECTS_abrupt_balanced,insects_real,ts_drift_adapt_severity,20,"error_divergence_ph_meta@error.threshold=0.05,error.min_instances=5",error_divergence_ph_meta,"{""divergence"": {""alpha"": 0.1, ""delta"": 0.005, ""min_instances"": 30, ""threshold"": 0.05}, ""error_rate"": {""alpha"": 0.15, ""delta"": 0.005, ""min_instances"": 5, ""threshold"": 0.05}}","{""error_rate"": {""min_instances"": 5, ""threshold"": 0.05}}",0.05,0.005,0.15,5,0.05,0.005,0.1,30,,,,-1,two_stage,2,0.5,"confirm_cooldown=200,divergence=0.3,error_rate=0.5,teacher_entropy=0.2",1,0,200,0.0,0,10000,10.0,25.0,200,500,0,0,2.0,0.189453125,0.028176751524187933,1.0,1.7653988599777222,0.0038903888780623674,1,1,28,28,0,0.08333333333333337,0.41666666666666663,1,0.5,0.09637128920545311,0.048185644602726556,0.0,1,confirmed_streak,0,5,1,uncertain,0.95,5,mild_drift,0.9487956622093565,0.0013109485253694861,0.39765388742082447,0.7593743699788865,1767889199.5424662,1.8672066926956177,0.015617976896464825
151,38656,38655,INSECTS_abrupt_balanced,insects_real,ts_drift_adapt_severity,20,"error_divergence_ph_meta@error.threshold=0.05,error.min_instances=5",error_divergence_ph_meta,"{""divergence"": {""alpha"": 0.1, ""delta"": 0.005, ""min_instances"": 30, ""threshold"": 0.05}, ""error_rate"": {""alpha"": 0.15, ""delta"": 0.005, ""min_instances"": 5, ""threshold"": 0.05}}","{""error_rate"": {""min_instances"": 5, ""threshold"": 0.05}}",0.05,0.005,0.15,5,0.05,0.005,0.1,30,,,,-1,two_stage,2,0.5,"confirm_cooldown=200,divergence=0.3,error_rate=0.5,teacher_entropy=0.2",1,0,200,0.0,0,10000,10.0,25.0,200,500,0,0,2.0,0.18819846854304637,0.02590959802625285,1.0,1.764835000038147,0.0036086493637412786,0,0,28,28,-1,0.0,0.0002817395143210888,0,0.0,0.0,0.0,0.0,1,confirmed_streak,0,5,0,uncertain,0.95,5,mild_drift,0.9493978311046782,0.0013054742626847431,0.3988269437104123,0.7596871849894433,1767889199.5668888,1.8405619859695435,0.014479236677289009
152,38912,38911,INSECTS_abrupt_balanced,insects_real,ts_drift_adapt_severity,20,"error_divergence_ph_meta@error.threshold=0.05,error.min_instances=5",error_divergence_ph_meta,"{""divergence"": {""alpha"": 0.1, ""delta"": 0.005, ""min_instances"": 30, ""threshold"": 0.05}, ""error_rate"": {""alpha"": 0.15, ""delta"": 0.005, ""min_instances"": 5, ""threshold"": 0.05}}","{""error_rate"": {""min_instances"": 5, ""threshold"": 0.05}}",0.05,0.005,0.15,5,0.05,0.005,0.1,30,,,,-1,two_stage,2,0.5,"confirm_cooldown=200,divergence=0.3,error_rate=0.5,teacher_entropy=0.2",1,0,200,0.0,0,10000,10.0,25.0,200,500,0,0,2.0,0.18814247532894737,0.02574267174266403,0.9166666666666666,1.7645714282989502,0.003251667134463787,0,0,28,28,-1,0.0,0.08333333333333337,0,0.0,0.0,0.0,0.0,1,confirmed_streak,0,5,0,uncertain,0.95,5,mild_drift,0.9496989155523391,0.0013027371313423716,0.39941347185520615,0.7598435924947217,1767889199.5910459,1.8356045484542847,0.01301056332886219
153,39168,39167,INSECTS_abrupt_balanced,insects_real,ts_drift_adapt_severity,20,"error_divergence_ph_meta@error.threshold=0.05,error.min_instances=5",error_divergence_ph_meta,"{""divergence"": {""alpha"": 0.1, ""delta"": 0.005, ""min_instances"": 30, ""threshold"": 0.05}, ""error_rate"": {""alpha"": 0.15, ""delta"": 0.005, ""min_instances"": 5, ""threshold"": 0.05}}","{""error_rate"": {""min_instances"": 5, ""threshold"": 0.05}}",0.05,0.005,0.15,5,0.05,0.005,0.1,30,,,,-1,two_stage,2,0.5,"confirm_cooldown=200,divergence=0.3,error_rate=0.5,teacher_entropy=0.2",1,0,200,0.0,0,10000,10.0,25.0,200,500,0,0,2.0,0.18821486928104575,0.025845661288648094,0.6666666666666666,1.76335871219635,0.0032667494378983974,0,0,28,28,-1,0.0,0.25,0,0.0,0.0,0.0,0.0,1,confirmed_streak,0,5,0,uncertain,0.95,5,mild_drift,0.9498494577761696,0.001301368565671186,0.3997067359276031,0.7599217962473608,1767889199.6144862,1.6451592445373535,0.013067173771560192
154,39424,39423,INSECTS_abrupt_balanced,insects_real,ts_drift_adapt_severity,20,"error_divergence_ph_meta@error.threshold=0.05,error.min_instances=5",error_divergence_ph_meta,"{""divergence"": {""alpha"": 0.1, ""delta"": 0.005, ""min_instances"": 30, ""threshold"": 0.05}, ""error_rate"": {""alpha"": 0.15, ""delta"": 0.005, ""min_instances"": 5, ""threshold"": 0.05}}","{""error_rate"": {""min_instances"": 5, ""threshold"": 0.05}}",0.05,0.005,0.15,5,0.05,0.005,0.1,30,,,,-1,two_stage,2,0.5,"confirm_cooldown=200,divergence=0.3,error_rate=0.5,teacher_entropy=0.2",1,0,200,0.0,0,10000,10.0,25.0,200,500,0,0,2.0,0.1883877840909091,0.026053775510630203,0.5833333333333334,1.7653506994247437,0.0035356073640286922,0,0,28,28,-1,0.0,0.08333333333333326,0,0.0,0.0,0.0,0.0,1,confirmed_streak,0,5,0,uncertain,0.95,5,mild_drift,0.9499247288880848,0.001300684282835593,0.39985336796380155,0.7599608981236804,1767889199.6392212,1.7009005546569824,0.014110743999481201
155,39680,39679,INSECTS_abrupt_balanced,insects_real,ts_drift_adapt_severity,20,"error_divergence_ph_meta@error.threshold=0.05,error.min_instances=5",error_divergence_ph_meta,"{""divergence"": {""alpha"": 0.1, ""delta"": 0.005, ""min_instances"": 30, ""threshold"": 0.05}, ""error_rate"": {""alpha"": 0.15, ""delta"": 0.005, ""min_instances"": 5, ""threshold"": 0.05}}","{""error_rate"": {""min_instances"": 5, ""threshold"": 0.05}}",0.05,0.005,0.15,5,0.05,0.005,0.1,30,,,,-1,two_stage,2,0.5,"confirm_cooldown=200,divergence=0.3,error_rate=0.5,teacher_entropy=0.2",1,0,200,0.0,0,10000,10.0,25.0,200,500,0,0,2.0,0.18858366935483872,0.02634662846998894,0.6666666666666666,1.7639206647872925,0.0036888010799884796,1,1,29,29,0,0.33333333333333337,0.08333333333333326,1,0.5,-0.004890092255266396,0.0,0.0,1,confirmed_streak,0,5,1,uncertain,0.95,5,severe_drift,0.9114623644440424,0.0016503421414177965,0.3249266839819008,0.7399804490618402,1767889199.663248,1.6637287139892578,0.014788169413805008
156,39936,39935,INSECTS_abrupt_balanced,insects_real,ts_drift_adapt_severity,20,"error_divergence_ph_meta@error.threshold=0.05,error.min_instances=5",error_divergence_ph_meta,"{""divergence"": {""alpha"": 0.1, ""delta"": 0.005, ""min_instances"": 30, ""threshold"": 0.05}, ""error_rate"": {""alpha"": 0.15, ""delta"": 0.005, ""min_instances"": 5, ""threshold"": 0.05}}","{""error_rate"": {""min_instances"": 5, ""threshold"": 0.05}}",0.05,0.005,0.15,5,0.05,0.005,0.1,30,,,,-1,two_stage,2,0.5,"confirm_cooldown=200,divergence=0.3,error_rate=0.5,teacher_entropy=0.2",1,0,200,0.0,0,10000,10.0,25.0,200,500,0,0,2.0,0.18840144230769232,0.026202618152256073,0.8333333333333334,1.7621653079986572,0.003870363114401698,0,0,29,29,-1,0.0,0.16666666666666674,0,0.0,0.0,0.0,0.0,1,confirmed_streak,0,5,0,uncertain,0.95,5,mild_drift,0.9307311822220212,0.0014751710707088983,0.3624633419909504,0.7499902245309201,1767889199.6865532,1.8089942932128906,0.015523139387369156
157,40192,40191,INSECTS_abrupt_balanced,insects_real,ts_drift_adapt_severity,20,"error_divergence_ph_meta@error.threshold=0.05,error.min_instances=5",error_divergence_ph_meta,"{""divergence"": {""alpha"": 0.1, ""delta"": 0.005, ""min_instances"": 30, ""threshold"": 0.05}, ""error_rate"": {""alpha"": 0.15, ""delta"": 0.005, ""min_instances"": 5, ""threshold"": 0.05}}","{""error_rate"": {""min_instances"": 5, ""threshold"": 0.05}}",0.05,0.005,0.15,5,0.05,0.005,0.1,30,,,,-1,two_stage,2,0.5,"confirm_cooldown=200,divergence=0.3,error_rate=0.5,teacher_entropy=0.2",1,0,200,0.0,0,10000,10.0,25.0,200,500,0,0,2.0,0.18809713375796178,0.025900844459883117,0.75,1.7619389295578003,0.0033810026943683624,0,0,29,29,-1,0.0,0.08333333333333337,0,0.0,0.0,0.0,0.0,1,confirmed_streak,0,5,0,uncertain,0.95,5,mild_drift,0.9403655911110106,0.0013875855353544493,0.3812316709954752,0.7549951122654601,1767889199.7113497,1.7530555725097656,0.013586383312940598
158,40448,40447,INSECTS_abrupt_balanced,insects_real,ts_drift_adapt_severity,20,"error_divergence_ph_meta@error.threshold=0.05,error.min_instances=5",error_divergence_ph_meta,"{""divergence"": {""alpha"": 0.1, ""delta"": 0.005, ""min_instances"": 30, ""threshold"": 0.05}, ""error_rate"": {""alpha"": 0.15, ""delta"": 0.005, ""min_instances"": 5, ""threshold"": 0.05}}","{""error_rate"": {""min_instances"": 5, ""threshold"": 0.05}}",0.05,0.005,0.15,5,0.05,0.005,0.1,30,,,,-1,two_stage,2,0.5,"confirm_cooldown=200,divergence=0.3,error_rate=0.5,teacher_entropy=0.2",1,0,200,0.0,0,10000,10.0,25.0,200,500,0,0,2.0,0.18779667721518986,0.025622327511802327,1.0,1.764548897743225,0.0032773753628134727,0,0,29,29,-1,0.0,0.25,0,0.0,0.0,0.0,0.0,1,confirmed_streak,0,5,0,uncertain,0.95,5,mild_drift,0.9451827955555052,0.0013437927676772246,0.3906158354977376,0.7574975561327301,1767889199.7361696,1.8390825986862183,0.013169312849640846
159,40704,40703,INSECTS_abrupt_balanced,insects_real,ts_drift_adapt_severity,20,"error_divergence_ph_meta@error.threshold=0.05,error.min_instances=5",error_divergence_ph_meta,"{""divergence"": {""alpha"": 0.1, ""delta"": 0.005, ""min_instances"": 30, ""threshold"": 0.05}, ""error_rate"": {""alpha"": 0.15, ""delta"": 0.005, ""min_instances"": 5, ""threshold"": 0.05}}","{""error_rate"": {""min_instances"": 5, ""threshold"": 0.05}}",0.05,0.005,0.15,5,0.05,0.005,0.1,30,,,,-1,two_stage,2,0.5,"confirm_cooldown=200,divergence=0.3,error_rate=0.5,teacher_entropy=0.2",1,0,200,0.0,0,10000,10.0,25.0,200,500,0,0,2.0,0.18762283805031446,0.025509633161361518,0.9166666666666666,1.7627301216125488,0.0031888065859675407,0,0,29,29,-1,0.0,0.08333333333333337,0,0.0,0.0,0.0,0.0,1,confirmed_streak,0,5,0,uncertain,0.95,5,mild_drift,0.9475913977777526,0.0013218963838386123,0.3953079177488688,0.7587487780663651,1767889199.7602892,1.9494348764419556,0.012772942893207073
160,40960,40959,INSECTS_abrupt_balanced,insects_real,ts_drift_adapt_severity,20,"error_divergence_ph_meta@error.threshold=0.05,error.min_instances=5",error_divergence_ph_meta,"{""divergence"": {""alpha"": 0.1, ""delta"": 0.005, ""min_instances"": 30, ""threshold"": 0.05}, ""error_rate"": {""alpha"": 0.15, ""delta"": 0.005, ""min_instances"": 5, ""threshold"": 0.05}}","{""error_rate"": {""min_instances"": 5, ""threshold"": 0.05}}",0.05,0.005,0.15,5,0.05,0.005,0.1,30,,,,-1,two_stage,2,0.5,"confirm_cooldown=200,divergence=0.3,error_rate=0.5,teacher_entropy=0.2",1,0,200,0.0,0,10000,10.0,25.0,200,500,0,0,2.0,0.1876708984375,0.02565885101238085,0.6666666666666666,1.763477087020874,0.002975800074636936,1,1,30,30,0,0.0,0.25,1,0.5,-0.005086192501878824,0.0,0.0,1,confirmed_streak,0,5,1,uncertain,0.95,5,stable,0.9687956988888763,0.0010609481919193061,0.4476539588744344,0.7993743890331826,1767889199.7855554,1.7730375528335571,0.011966915801167488
161,41216,41215,INSECTS_abrupt_balanced,insects_real,ts_drift_adapt_severity,20,"error_divergence_ph_meta@error.threshold=0.05,error.min_instances=5",error_divergence_ph_meta,"{""divergence"": {""alpha"": 0.1, ""delta"": 0.005, ""min_instances"": 30, ""threshold"": 0.05}, ""error_rate"": {""alpha"": 0.15, ""delta"": 0.005, ""min_instances"": 5, ""threshold"": 0.05}}","{""error_rate"": {""min_instances"": 5, ""threshold"": 0.05}}",0.05,0.005,0.15,5,0.05,0.005,0.1,30,,,,-1,two_stage,2,0.5,"confirm_cooldown=200,divergence=0.3,error_rate=0.5,teacher_entropy=0.2",1,0,200,0.0,0,10000,10.0,25.0,200,500,0,0,2.0,0.1876455745341615,0.025681209203178682,0.8333333333333334,1.7644492387771606,0.002709980821236968,0,0,30,30,-1,0.0,0.16666666666666674,0,0.0,0.0,0.0,0.0,1,confirmed_streak,0,5,0,uncertain,0.95,5,mild_drift,0.9593978494444382,0.0011804740959596531,0.4238269794372172,0.7796871945165913,1767889199.8092365,1.8101915121078491,0.010850172489881516
162,41472,41471,INSECTS_abrupt_balanced,insects_real,ts_drift_adapt_severity,20,"error_divergence_ph_meta@error.threshold=0.05,error.min_instances=5",error_divergence_ph_meta,"{""divergence"": {""alpha"": 0.1, ""delta"": 0.005, ""min_instances"": 30, ""threshold"": 0.05}, ""error_rate"": {""alpha"": 0.15, ""delta"": 0.005, ""min_instances"": 5, ""threshold"": 0.05}}","{""error_rate"": {""min_instances"": 5, ""threshold"": 0.05}}",0.05,0.005,0.15,5,0.05,0.005,0.1,30,,,,-1,two_stage,2,0.5,"confirm_cooldown=200,divergence=0.3,error_rate=0.5,teacher_entropy=0.2",1,0,200,0.0,0,10000,10.0,25.0,200,500,0,0,2.0,0.1877170138888889,0.02582522397272523,0.75,1.7628533840179443,0.0021512522362172604,0,0,30,30,-1,0.0,0.08333333333333337,0,0.0,0.0,0.0,0.0,1,confirmed_streak,0,5,0,uncertain,0.95,5,mild_drift,0.9546989247222191,0.0012402370479798266,0.41191348971860864,0.7698435972582957,1767889199.834027,1.720805048942566,0.008613549172878265
163,41728,41727,INSECTS_abrupt_balanced,insects_real,ts_drift_adapt_severity,20,"error_divergence_ph_meta@error.threshold=0.05,error.min_instances=5",error_divergence_ph_meta,"{""divergence"": {""alpha"": 0.1, ""delta"": 0.005, ""min_instances"": 30, ""threshold"": 0.05}, ""error_rate"": {""alpha"": 0.15, ""delta"": 0.005, ""min_instances"": 5, ""threshold"": 0.05}}","{""error_rate"": {""min_instances"": 5, ""threshold"": 0.05}}",0.05,0.005,0.15,5,0.05,0.005,0.1,30,,,,-1,two_stage,2,0.5,"confirm_cooldown=200,divergence=0.3,error_rate=0.5,teacher_entropy=0.2",1,0,200,0.0,0,10000,10.0,25.0,200,500,0,0,2.0,0.1878594708588957,0.02606992048825358,0.9166666666666666,1.7636635303497314,0.002348965732380748,0,0,30,30,-1,0.0,0.16666666666666663,0,0.0,0.0,0.0,0.0,1,confirmed_streak,0,5,0,uncertain,0.95,5,mild_drift,0.9523494623611095,0.0012701185239899133,0.40595674485930433,0.7649217986291479,1767889199.8600616,1.8788169622421265,0.009402483701705933
164,41984,41983,INSECTS_abrupt_balanced,insects_real,ts_drift_adapt_severity,20,"error_divergence_ph_meta@error.threshold=0.05,error.min_instances=5",error_divergence_ph_meta,"{""divergence"": {""alpha"": 0.1, ""delta"": 0.005, ""min_instances"": 30, ""threshold"": 0.05}, ""error_rate"": {""alpha"": 0.15, ""delta"": 0.005, ""min_instances"": 5, ""threshold"": 0.05}}","{""error_rate"": {""min_instances"": 5, ""threshold"": 0.05}}",0.05,0.005,0.15,5,0.05,0.005,0.1,30,,,,-1,two_stage,2,0.5,"confirm_cooldown=200,divergence=0.3,error_rate=0.5,teacher_entropy=0.2",1,0,200,0.0,0,10000,10.0,25.0,200,500,0,0,2.0,0.18804782774390244,0.026323570657782878,0.8333333333333334,1.7640480995178223,0.002044982509687543,0,0,30,30,-1,0.0,0.08333333333333326,0,0.0,0.0,0.0,0.0,1,confirmed_streak,0,5,0,uncertain,0.95,5,mild_drift,0.9511747311805547,0.0012850592619949568,0.4029783724296522,0.762460899314574,1767889199.8866255,1.871970772743225,0.008221756666898727
165,42240,42239,INSECTS_abrupt_balanced,insects_real,ts_drift_adapt_severity,20,"error_divergence_ph_meta@error.threshold=0.05,error.min_instances=5",error_divergence_ph_meta,"{""divergence"": {""alpha"": 0.1, ""delta"": 0.005, ""min_instances"": 30, ""threshold"": 0.05}, ""error_rate"": {""alpha"": 0.15, ""delta"": 0.005, ""min_instances"": 5, ""threshold"": 0.05}}","{""error_rate"": {""min_instances"": 5, ""threshold"": 0.05}}",0.05,0.005,0.15,5,0.05,0.005,0.1,30,,,,-1,two_stage,2,0.5,"confirm_cooldown=200,divergence=0.3,error_rate=0.5,teacher_entropy=0.2",1,0,200,0.0,0,10000,10.0,25.0,200,500,0,0,2.0,0.1885653409090909,0.026995839068048977,0.75,1.7633543014526367,0.0019937551114708185,1,1,31,31,0,0.08333333333333337,0.08333333333333337,1,0.5,-0.005241044191895945,0.0,0.0,1,confirmed_streak,0,5,1,uncertain,0.95,5,mild_drift,0.9505873655902773,0.0012925296309974784,0.4014891862148261,0.761230449657287,1767889199.9102147,1.7686129808425903,0.00803494080901146
166,42496,42495,INSECTS_abrupt_balanced,insects_real,ts_drift_adapt_severity,20,"error_divergence_ph_meta@error.threshold=0.05,error.min_instances=5",error_divergence_ph_meta,"{""divergence"": {""alpha"": 0.1, ""delta"": 0.005, ""min_instances"": 30, ""threshold"": 0.05}, ""error_rate"": {""alpha"": 0.15, ""delta"": 0.005, ""min_instances"": 5, ""threshold"": 0.05}}","{""error_rate"": {""min_instances"": 5, ""threshold"": 0.05}}",0.05,0.005,0.15,5,0.05,0.005,0.1,30,,,,-1,two_stage,2,0.5,"confirm_cooldown=200,divergence=0.3,error_rate=0.5,teacher_entropy=0.2",1,0,200,0.0,0,10000,10.0,25.0,200,500,0,0,2.0,0.18898249246987953,0.02753679251418515,0.75,1.7637768983840942,0.0022530597634613514,0,0,31,31,-1,0.0,0.0002593046519905329,0,0.0,0.0,0.0,0.0,1,confirmed_streak,0,5,0,uncertain,0.95,5,mild_drift,0.9502936827951387,0.0012962648154987394,0.40074459310741306,0.7606152248286435,1767889199.9498,1.7841237783432007,0.00909007154405117
167,42752,42751,INSECTS_abrupt_balanced,insects_real,ts_drift_adapt_severity,20,"error_divergence_ph_meta@error.threshold=0.05,error.min_instances=5",error_divergence_ph_meta,"{""divergence"": {""alpha"": 0.1, ""delta"": 0.005, ""min_instances"": 30, ""threshold"": 0.05}, ""error_rate"": {""alpha"": 0.15, ""delta"": 0.005, ""min_instances"": 5, ""threshold"": 0.05}}","{""error_rate"": {""min_instances"": 5, ""threshold"": 0.05}}",0.05,0.005,0.15,5,0.05,0.005,0.1,30,,,,-1,two_stage,2,0.5,"confirm_cooldown=200,divergence=0.3,error_rate=0.5,teacher_entropy=0.2",1,0,200,0.0,0,10000,10.0,25.0,200,500,0,0,2.0,0.1897688997005988,0.02849037111279208,0.75,1.7621312141418457,0.002741157775744796,0,0,31,31,-1,0.0,0.0004880980122834444,0,0.0,0.0,0.0,0.0,1,confirmed_streak,0,5,0,uncertain,0.95,5,mild_drift,0.9501468413975693,0.0012981324077493699,0.40037229655370654,0.7603076124143218,1767889200.0039675,1.7452877759933472,0.010993068106472492
168,43008,43007,INSECTS_abrupt_balanced,insects_real,ts_drift_adapt_severity,20,"error_divergence_ph_meta@error.threshold=0.05,error.min_instances=5",error_divergence_ph_meta,"{""divergence"": {""alpha"": 0.1, ""delta"": 0.005, ""min_instances"": 30, ""threshold"": 0.05}, ""error_rate"": {""alpha"": 0.15, ""delta"": 0.005, ""min_instances"": 5, ""threshold"": 0.05}}","{""error_rate"": {""min_instances"": 5, ""threshold"": 0.05}}",0.05,0.005,0.15,5,0.05,0.005,0.1,30,,,,-1,two_stage,2,0.5,"confirm_cooldown=200,divergence=0.3,error_rate=0.5,teacher_entropy=0.2",1,0,200,0.0,0,10000,10.0,25.0,200,500,0,0,2.0,0.19059244791666666,0.029439259752493546,0.75,1.7638581991195679,0.0032530920580029488,0,0,31,31,-1,0.0,0.000511934282258153,0,0.0,0.0,0.0,0.0,1,confirmed_streak,0,5,0,uncertain,0.95,5,mild_drift,0.9500734206987846,0.0012990662038746851,0.4001861482768533,0.7601538062071609,1767889200.0254388,1.7703800201416016,0.01309592928737402
169,43264,43263,INSECTS_abrupt_balanced,insects_real,ts_drift_adapt_severity,20,"error_divergence_ph_meta@error.threshold=0.05,error.min_instances=5",error_divergence_ph_meta,"{""divergence"": {""alpha"": 0.1, ""delta"": 0.005, ""min_instances"": 30, ""threshold"": 0.05}, ""error_rate"": {""alpha"": 0.15, ""delta"": 0.005, ""min_instances"": 5, ""threshold"": 0.05}}","{""error_rate"": {""min_instances"": 5, ""threshold"": 0.05}}",0.05,0.005,0.15,5,0.05,0.005,0.1,30,,,,-1,two_stage,2,0.5,"confirm_cooldown=200,divergence=0.3,error_rate=0.5,teacher_entropy=0.2",1,0,200,0.0,0,10000,10.0,25.0,200,500,0,0,2.0,0.19131379437869822,0.03026547295388581,0.75,1.7633371353149414,0.003958062268793583,0,0,31,31,-1,0.0,0.0007049702107906342,0,0.0,0.0,0.0,0.0,1,confirmed_streak,0,5,0,uncertain,0.95,5,mild_drift,0.9500367103493923,0.0012995331019373425,0.40009307413842665,0.7600769031035804,1767889200.0535553,1.7377809286117554,0.015894025564193726
170,43520,43519,INSECTS_abrupt_balanced,insects_real,ts_drift_adapt_severity,20,"error_divergence_ph_meta@error.threshold=0.05,error.min_instances=5",error_divergence_ph_meta,"{""divergence"": {""alpha"": 0.1, ""delta"": 0.005, ""min_instances"": 30, ""threshold"": 0.05}, ""error_rate"": {""alpha"": 0.15, ""delta"": 0.005, ""min_instances"": 5, ""threshold"": 0.05}}","{""error_rate"": {""min_instances"": 5, ""threshold"": 0.05}}",0.05,0.005,0.15,5,0.05,0.005,0.1,30,,,,-1,two_stage,2,0.5,"confirm_cooldown=200,divergence=0.3,error_rate=0.5,teacher_entropy=0.2",1,0,200,0.0,0,10000,10.0,25.0,200,500,0,0,2.0,0.19216452205882353,0.031236018259904796,0.75,1.7642260789871216,0.0048875026404857635,0,0,31,31,-1,0.0,0.0009294403716921806,0,0.0,0.0,0.0,0.0,1,confirmed_streak,0,5,0,uncertain,0.95,5,mild_drift,0.9500183551746961,0.0012997665509686712,0.40004653706921334,0.7600384515517902,1767889200.1055768,1.684329628944397,0.019633246585726738
171,43776,43775,INSECTS_abrupt_balanced,insects_real,ts_drift_adapt_severity,20,"error_divergence_ph_meta@error.threshold=0.05,error.min_instances=5",error_divergence_ph_meta,"{""divergence"": {""alpha"": 0.1, ""delta"": 0.005, ""min_instances"": 30, ""threshold"": 0.05}, ""error_rate"": {""alpha"": 0.15, ""delta"": 0.005, ""min_instances"": 5, ""threshold"": 0.05}}","{""error_rate"": {""min_instances"": 5, ""threshold"": 0.05}}",0.05,0.005,0.15,5,0.05,0.005,0.1,30,,,,-1,two_stage,2,0.5,"confirm_cooldown=200,divergence=0.3,error_rate=0.5,teacher_entropy=0.2",1,0,200,0.0,0,10000,10.0,25.0,200,500,0,0,2.0,0.19270833333333334,0.03184853757546901,0.75,1.7636600732803345,0.005800304468721151,0,0,31,31,-1,0.0,0.0009128018282353878,0,0.0,0.0,0.0,0.0,1,confirmed_streak,0,5,0,uncertain,0.95,5,mild_drift,0.950009177587348,0.0012998832754843358,0.4000232685346067,0.7600192257758951,1767889200.1571608,1.7461615800857544,0.023260794579982758
172,44032,44031,INSECTS_abrupt_balanced,insects_real,ts_drift_adapt_severity,20,"error_divergence_ph_meta@error.threshold=0.05,error.min_instances=5",error_divergence_ph_meta,"{""divergence"": {""alpha"": 0.1, ""delta"": 0.005, ""min_instances"": 30, ""threshold"": 0.05}, ""error_rate"": {""alpha"": 0.15, ""delta"": 0.005, ""min_instances"": 5, ""threshold"": 0.05}}","{""error_rate"": {""min_instances"": 5, ""threshold"": 0.05}}",0.05,0.005,0.15,5,0.05,0.005,0.1,30,,,,-1,two_stage,2,0.5,"confirm_cooldown=200,divergence=0.3,error_rate=0.5,teacher_entropy=0.2",1,0,200,0.0,0,10000,10.0,25.0,200,500,0,0,2.0,0.19372274709302326,0.03300507024900935,0.6666666666666666,1.7636750936508179,0.006638797000050545,1,1,32,32,0,0.08333333333333337,0.08333333333333337,1,0.5,-0.005396748026370165,0.0,0.0,1,confirmed_streak,0,5,1,uncertain,0.95,5,mild_drift,0.950004588793674,0.0012999416377421679,0.40001163426730335,0.7600096128879475,1767889200.206188,1.7545408010482788,0.02665109373629093
173,44288,44287,INSECTS_abrupt_balanced,insects_real,ts_drift_adapt_severity,20,"error_divergence_ph_meta@error.threshold=0.05,error.min_instances=5",error_divergence_ph_meta,"{""divergence"": {""alpha"": 0.1, ""delta"": 0.005, ""min_instances"": 30, ""threshold"": 0.05}, ""error_rate"": {""alpha"": 0.15, ""delta"": 0.005, ""min_instances"": 5, ""threshold"": 0.05}}","{""error_rate"": {""min_instances"": 5, ""threshold"": 0.05}}",0.05,0.005,0.15,5,0.05,0.005,0.1,30,,,,-1,two_stage,2,0.5,"confirm_cooldown=200,divergence=0.3,error_rate=0.5,teacher_entropy=0.2",1,0,200,0.0,0,10000,10.0,25.0,200,500,0,0,2.0,0.19409320809248554,0.033382516866266546,0.75,1.7634700536727905,0.007227524649351835,0,0,32,32,-1,0.0,0.08333333333333337,0,0.0,0.0,0.0,0.0,1,confirmed_streak,0,5,0,uncertain,0.95,5,mild_drift,0.9500022943968369,0.001299970818871084,0.4000058171336517,0.7600048064439737,1767889200.2608297,1.61396062374115,0.0291125625371933
174,44544,44543,INSECTS_abrupt_balanced,insects_real,ts_drift_adapt_severity,20,"error_divergence_ph_meta@error.threshold=0.05,error.min_instances=5",error_divergence_ph_meta,"{""divergence"": {""alpha"": 0.1, ""delta"": 0.005, ""min_instances"": 30, ""threshold"": 0.05}, ""error_rate"": {""alpha"": 0.15, ""delta"": 0.005, ""min_instances"": 5, ""threshold"": 0.05}}","{""error_rate"": {""min_instances"": 5, ""threshold"": 0.05}}",0.05,0.005,0.15,5,0.05,0.005,0.1,30,,,,-1,two_stage,2,0.5,"confirm_cooldown=200,divergence=0.3,error_rate=0.5,teacher_entropy=0.2",1,0,200,0.0,0,10000,10.0,25.0,200,500,0,0,2.0,0.19468390804597702,0.033962724375077,0.6666666666666666,1.7625924348831177,0.007839017547667027,0,0,32,32,-1,0.0,0.08333333333333337,0,0.0,0.0,0.0,0.0,1,confirmed_streak,0,5,0,uncertain,0.95,5,mild_drift,0.9500011471984184,0.001299985409435542,0.40000290856682585,0.7600024032219869,1767889200.3088949,1.6075633764266968,0.031537771224975586
175,44800,44799,INSECTS_abrupt_balanced,insects_real,ts_drift_adapt_severity,20,"error_divergence_ph_meta@error.threshold=0.05,error.min_instances=5",error_divergence_ph_meta,"{""divergence"": {""alpha"": 0.1, ""delta"": 0.005, ""min_instances"": 30, ""threshold"": 0.05}, ""error_rate"": {""alpha"": 0.15, ""delta"": 0.005, ""min_instances"": 5, ""threshold"": 0.05}}","{""error_rate"": {""min_instances"": 5, ""threshold"": 0.05}}",0.05,0.005,0.15,5,0.05,0.005,0.1,30,,,,-1,two_stage,2,0.5,"confirm_cooldown=200,divergence=0.3,error_rate=0.5,teacher_entropy=0.2",1,0,200,0.0,0,10000,10.0,25.0,200,500,0,0,2.0,0.19542410714285716,0.03473094795608784,0.6666666666666666,1.7613474130630493,0.00814743246883154,0,0,32,32,-1,0.0,0.00030841492116451263,0,0.0,0.0,0.0,0.0,1,confirmed_streak,0,5,0,uncertain,0.95,5,mild_drift,0.9500005735992092,0.001299992704717771,0.40000145428341294,0.7600012016109934,1767889200.3659284,1.5492897033691406,0.03285700082778931
176,45056,45055,INSECTS_abrupt_balanced,insects_real,ts_drift_adapt_severity,20,"error_divergence_ph_meta@error.threshold=0.05,error.min_instances=5",error_divergence_ph_meta,"{""divergence"": {""alpha"": 0.1, ""delta"": 0.005, ""min_instances"": 30, ""threshold"": 0.05}, ""error_rate"": {""alpha"": 0.15, ""delta"": 0.005, ""min_instances"": 5, ""threshold"": 0.05}}","{""error_rate"": {""min_instances"": 5, ""threshold"": 0.05}}",0.05,0.005,0.15,5,0.05,0.005,0.1,30,,,,-1,two_stage,2,0.5,"confirm_cooldown=200,divergence=0.3,error_rate=0.5,teacher_entropy=0.2",1,0,200,0.0,0,10000,10.0,25.0,200,500,0,0,2.0,0.19597833806818182,0.03529080030521269,0.8333333333333334,1.7613720893859863,0.008839751593768597,0,0,32,32,-1,0.0,0.16666666666666674,0,0.0,0.0,0.0,0.0,1,confirmed_streak,0,5,0,uncertain,0.95,5,mild_drift,0.9500002867996046,0.0012999963523588854,0.4000007271417065,0.7600006008054967,1767889200.416686,1.6402949094772339,0.035664256662130356
177,45312,45311,INSECTS_abrupt_balanced,insects_real,ts_drift_adapt_severity,20,"error_divergence_ph_meta@error.threshold=0.05,error.min_instances=5",error_divergence_ph_meta,"{""divergence"": {""alpha"": 0.1, ""delta"": 0.005, ""min_instances"": 30, ""threshold"": 0.05}, ""error_rate"": {""alpha"": 0.15, ""delta"": 0.005, ""min_instances"": 5, ""threshold"": 0.05}}","{""error_rate"": {""min_instances"": 5, ""threshold"": 0.05}}",0.05,0.005,0.15,5,0.05,0.005,0.1,30,,,,-1,two_stage,2,0.5,"confirm_cooldown=200,divergence=0.3,error_rate=0.5,teacher_entropy=0.2",1,0,200,0.0,0,10000,10.0,25.0,200,500,0,0,2.0,0.1964600988700565,0.03573108427476882,0.8333333333333334,1.7594799995422363,0.009289933368563652,1,1,33,33,0,0.16666666666666674,0.0004501817747950554,1,0.5,-0.005850971411625357,0.0,0.0,1,confirmed_streak,0,5,1,uncertain,0.95,5,severe_drift,0.9115001433998022,0.0016499981761794427,0.32500036357085327,0.7400003004027484,1767889200.453644,1.7047778367996216,0.03750227019190788
178,45568,45567,INSECTS_abrupt_balanced,insects_real,ts_drift_adapt_severity,20,"error_divergence_ph_meta@error.threshold=0.05,error.min_instances=5",error_divergence_ph_meta,"{""divergence"": {""alpha"": 0.1, ""delta"": 0.005, ""min_instances"": 30, ""threshold"": 0.05}, ""error_rate"": {""alpha"": 0.15, ""delta"": 0.005, ""min_instances"": 5, ""threshold"": 0.05}}","{""error_rate"": {""min_instances"": 5, ""threshold"": 0.05}}",0.05,0.005,0.15,5,0.05,0.005,0.1,30,,,,-1,two_stage,2,0.5,"confirm_cooldown=200,divergence=0.3,error_rate=0.5,teacher_entropy=0.2",1,0,200,0.0,0,10000,10.0,25.0,200,500,0,0,2.0,0.1970900632022472,0.03635237225750891,1.0,1.7566415071487427,0.008898064494132996,0,0,33,33,-1,0.0,0.16666666666666663,0,0.0,0.0,0.0,0.0,1,confirmed_streak,0,5,0,uncertain,0.95,5,mild_drift,0.9307500716999011,0.0014749990880897216,0.36250018178542665,0.7500001502013742,1767889200.4781594,1.6610811948776245,0.035977475345134735
179,45824,45823,INSECTS_abrupt_balanced,insects_real,ts_drift_adapt_severity,20,"error_divergence_ph_meta@error.threshold=0.05,error.min_instances=5",error_divergence_ph_meta,"{""divergence"": {""alpha"": 0.1, ""delta"": 0.005, ""min_instances"": 30, ""threshold"": 0.05}, ""error_rate"": {""alpha"": 0.15, ""delta"": 0.005, ""min_instances"": 5, ""threshold"": 0.05}}","{""error_rate"": {""min_instances"": 5, ""threshold"": 0.05}}",0.05,0.005,0.15,5,0.05,0.005,0.1,30,,,,-1,two_stage,2,0.5,"confirm_cooldown=200,divergence=0.3,error_rate=0.5,teacher_entropy=0.2",1,0,200,0.0,0,10000,10.0,25.0,200,500,0,0,2.0,0.19769116620111732,0.036942571608173366,0.6666666666666666,1.755514144897461,0.00893648061901331,0,0,33,33,-1,0.0,0.33333333333333337,0,0.0,0.0,0.0,0.0,1,confirmed_streak,0,5,0,uncertain,0.95,5,mild_drift,0.9403750358499505,0.0013874995440448607,0.38125009089271333,0.7550000751006871,1767889200.4987316,1.6726608276367188,0.03623032942414284
180,46080,46079,INSECTS_abrupt_balanced,insects_real,ts_drift_adapt_severity,20,"error_divergence_ph_meta@error.threshold=0.05,error.min_instances=5",error_divergence_ph_meta,"{""divergence"": {""alpha"": 0.1, ""delta"": 0.005, ""min_instances"": 30, ""threshold"": 0.05}, ""error_rate"": {""alpha"": 0.15, ""delta"": 0.005, ""min_instances"": 5, ""threshold"": 0.05}}","{""error_rate"": {""min_instances"": 5, ""threshold"": 0.05}}",0.05,0.005,0.15,5,0.05,0.005,0.1,30,,,,-1,two_stage,2,0.5,"confirm_cooldown=200,divergence=0.3,error_rate=0.5,teacher_entropy=0.2",1,0,200,0.0,0,10000,10.0,25.0,200,500,0,0,2.0,0.1986111111111111,0.037914767710253025,0.6666666666666666,1.7533631324768066,0.008521031588315964,0,0,33,33,-1,0.0,0.00041544903069734573,0,0.0,0.0,0.0,0.0,1,confirmed_streak,0,5,0,uncertain,0.95,5,mild_drift,0.9451875179249752,0.0013437497720224303,0.3906250454463567,0.7575000375503436,1767889200.536367,1.6176151037216187,0.03453642502427101
181,46336,46335,INSECTS_abrupt_balanced,insects_real,ts_drift_adapt_severity,20,"error_divergence_ph_meta@error.threshold=0.05,error.min_instances=5",error_divergence_ph_meta,"{""divergence"": {""alpha"": 0.1, ""delta"": 0.005, ""min_instances"": 30, ""threshold"": 0.05}, ""error_rate"": {""alpha"": 0.15, ""delta"": 0.005, ""min_instances"": 5, ""threshold"": 0.05}}","{""error_rate"": {""min_instances"": 5, ""threshold"": 0.05}}",0.05,0.005,0.15,5,0.05,0.005,0.1,30,,,,-1,two_stage,2,0.5,"confirm_cooldown=200,divergence=0.3,error_rate=0.5,teacher_entropy=0.2",1,0,200,0.0,0,10000,10.0,25.0,200,500,0,0,2.0,0.19919716850828728,0.03850359007013867,0.5833333333333334,1.749819040298462,0.008295265957713127,0,0,33,33,-1,0.0,0.08333333333333326,0,0.0,0.0,0.0,0.0,1,confirmed_streak,0,5,0,uncertain,0.95,5,mild_drift,0.9475937589624877,0.0013218748860112151,0.39531252272317835,0.7587500187751718,1767889200.5577433,1.5459141731262207,0.03363526985049248
182,46592,46591,INSECTS_abrupt_balanced,insects_real,ts_drift_adapt_severity,20,"error_divergence_ph_meta@error.threshold=0.05,error.min_instances=5",error_divergence_ph_meta,"{""divergence"": {""alpha"": 0.1, ""delta"": 0.005, ""min_instances"": 30, ""threshold"": 0.05}, ""error_rate"": {""alpha"": 0.15, ""delta"": 0.005, ""min_instances"": 5, ""threshold"": 0.05}}","{""error_rate"": {""min_instances"": 5, ""threshold"": 0.05}}",0.05,0.005,0.15,5,0.05,0.005,0.1,30,,,,-1,two_stage,2,0.5,"confirm_cooldown=200,divergence=0.3,error_rate=0.5,teacher_entropy=0.2",1,0,200,0.0,0,10000,10.0,25.0,200,500,0,0,2.0,0.19979824862637363,0.03910060912598553,0.75,1.7491940259933472,0.00872836820781231,1,1,34,34,0,0.08333333333333337,0.16666666666666663,1,0.5,-0.007248771938501543,0.0,0.0,1,confirmed_streak,0,5,1,uncertain,0.95,5,mild_drift,0.9487968794812438,0.0013109374430056078,0.39765626136158916,0.759375009387586,1767889200.5782652,1.6419453620910645,0.03550085052847862
183,46848,46847,INSECTS_abrupt_balanced,insects_real,ts_drift_adapt_severity,20,"error_divergence_ph_meta@error.threshold=0.05,error.min_instances=5",error_divergence_ph_meta,"{""divergence"": {""alpha"": 0.1, ""delta"": 0.005, ""min_instances"": 30, ""threshold"": 0.05}, ""error_rate"": {""alpha"": 0.15, ""delta"": 0.005, ""min_instances"": 5, ""threshold"": 0.05}}","{""error_rate"": {""min_instances"": 5, ""threshold"": 0.05}}",0.05,0.005,0.15,5,0.05,0.005,0.1,30,,,,-1,two_stage,2,0.5,"confirm_cooldown=200,divergence=0.3,error_rate=0.5,teacher_entropy=0.2",1,0,200,0.0,0,10000,10.0,25.0,200,500,0,0,2.0,0.1997096994535519,0.03889897777550254,0.6666666666666666,1.7476286888122559,0.00801328755915165,0,0,34,34,-1,0.0,0.08333333333333337,0,0.0,0.0,0.0,0.0,1,confirmed_streak,0,5,0,uncertain,0.95,5,mild_drift,0.9493984397406219,0.0013054687215028038,0.3988281306807946,0.759687504693793,1767889200.5995681,1.6070117950439453,0.03263533115386963
184,47104,47103,INSECTS_abrupt_balanced,insects_real,ts_drift_adapt_severity,20,"error_divergence_ph_meta@error.threshold=0.05,error.min_instances=5",error_divergence_ph_meta,"{""divergence"": {""alpha"": 0.1, ""delta"": 0.005, ""min_instances"": 30, ""threshold"": 0.05}, ""error_rate"": {""alpha"": 0.15, ""delta"": 0.005, ""min_instances"": 5, ""threshold"": 0.05}}","{""error_rate"": {""min_instances"": 5, ""threshold"": 0.05}}",0.05,0.005,0.15,5,0.05,0.005,0.1,30,,,,-1,two_stage,2,0.5,"confirm_cooldown=200,divergence=0.3,error_rate=0.5,teacher_entropy=0.2",1,0,200,0.0,0,10000,10.0,25.0,200,500,0,0,2.0,0.19862432065217392,0.03757314800438619,1.0,1.7442827224731445,0.008267535828053951,0,0,34,34,-1,0.0,0.33333333333333337,0,0.0,0.0,0.0,0.0,1,confirmed_streak,0,5,0,uncertain,0.95,5,mild_drift,0.9496992198703109,0.0013027343607514021,0.3994140653403973,0.7598437523468965,1767889200.6471467,2.426558017730713,0.033683426678180695
185,47360,47359,INSECTS_abrupt_balanced,insects_real,ts_drift_adapt_severity,20,"error_divergence_ph_meta@error.threshold=0.05,error.min_instances=5",error_divergence_ph_meta,"{""divergence"": {""alpha"": 0.1, ""delta"": 0.005, ""min_instances"": 30, ""threshold"": 0.05}, ""error_rate"": {""alpha"": 0.15, ""delta"": 0.005, ""min_instances"": 5, ""threshold"": 0.05}}","{""error_rate"": {""min_instances"": 5, ""threshold"": 0.05}}",0.05,0.005,0.15,5,0.05,0.005,0.1,30,,,,-1,two_stage,2,0.5,"confirm_cooldown=200,divergence=0.3,error_rate=0.5,teacher_entropy=0.2",1,0,200,0.0,0,10000,10.0,25.0,200,500,0,0,2.0,0.19755067567567566,0.03625421331629672,1.0,1.7435072660446167,0.006743492558598518,0,0,34,34,-1,0.0,0.001524043269455433,0,0.0,0.0,0.0,0.0,1,confirmed_streak,0,5,0,uncertain,0.95,5,mild_drift,0.9498496099351554,0.0013013671803757012,0.3997070326701987,0.7599218761734483,1767889200.6977482,2.406484603881836,0.02747160755097866
186,47616,47615,INSECTS_abrupt_balanced,insects_real,ts_drift_adapt_severity,20,"error_divergence_ph_meta@error.threshold=0.05,error.min_instances=5",error_divergence_ph_meta,"{""divergence"": {""alpha"": 0.1, ""delta"": 0.005, ""min_instances"": 30, ""threshold"": 0.05}, ""error_rate"": {""alpha"": 0.15, ""delta"": 0.005, ""min_instances"": 5, ""threshold"": 0.05}}","{""error_rate"": {""min_instances"": 5, ""threshold"": 0.05}}",0.05,0.005,0.15,5,0.05,0.005,0.1,30,,,,-1,two_stage,2,0.5,"confirm_cooldown=200,divergence=0.3,error_rate=0.5,teacher_entropy=0.2",1,0,200,0.0,0,10000,10.0,25.0,200,500,0,0,2.0,0.19650957661290322,0.035027762433781764,1.0,1.743935227394104,0.0063375369645655155,0,0,34,34,-1,0.0,0.00040595559403300285,0,0.0,0.0,0.0,0.0,1,confirmed_streak,0,5,0,uncertain,0.95,5,mild_drift,0.9499248049675777,0.0013006835901878508,0.39985351633509936,0.7599609380867242,1767889200.7185087,2.1814651489257812,0.02588777430355549
187,47872,47871,INSECTS_abrupt_balanced,insects_real,ts_drift_adapt_severity,20,"error_divergence_ph_meta@error.threshold=0.05,error.min_instances=5",error_divergence_ph_meta,"{""divergence"": {""alpha"": 0.1, ""delta"": 0.005, ""min_instances"": 30, ""threshold"": 0.05}, ""error_rate"": {""alpha"": 0.15, ""delta"": 0.005, ""min_instances"": 5, ""threshold"": 0.05}}","{""error_rate"": {""min_instances"": 5, ""threshold"": 0.05}}",0.05,0.005,0.15,5,0.05,0.005,0.1,30,,,,-1,two_stage,2,0.5,"confirm_cooldown=200,divergence=0.3,error_rate=0.5,teacher_entropy=0.2",1,0,200,0.0,0,10000,10.0,25.0,200,500,0,0,2.0,0.1954587232620321,0.03377932112922693,1.0,1.7411593198776245,0.005057221744209528,1,1,35,35,0,0.25,0.0012803152203559875,1,0.5,0.10814559301130738,0.05407279650565369,0.0,1,confirmed_streak,0,5,1,uncertain,0.95,5,severe_drift,0.9114624024837888,0.0016503417950939254,0.3249267581675497,0.7399804690433621,1767889200.754839,2.294113874435425,0.020625073462724686
188,48128,48127,INSECTS_abrupt_balanced,insects_real,ts_drift_adapt_severity,20,"error_divergence_ph_meta@error.threshold=0.05,error.min_instances=5",error_divergence_ph_meta,"{""divergence"": {""alpha"": 0.1, ""delta"": 0.005, ""min_instances"": 30, ""threshold"": 0.05}, ""error_rate"": {""alpha"": 0.15, ""delta"": 0.005, ""min_instances"": 5, ""threshold"": 0.05}}","{""error_rate"": {""min_instances"": 5, ""threshold"": 0.05}}",0.05,0.005,0.15,5,0.05,0.005,0.1,30,,,,-1,two_stage,2,0.5,"confirm_cooldown=200,divergence=0.3,error_rate=0.5,teacher_entropy=0.2",1,0,200,0.0,0,10000,10.0,25.0,200,500,0,0,2.0,0.19450216090425532,0.03265378692939017,1.0,1.738716721534729,0.004317872691899538,0,0,35,35,-1,0.0,0.0007393490523099899,0,0.0,0.0,0.0,0.0,1,confirmed_streak,0,5,0,uncertain,0.95,5,mild_drift,0.9307312012418945,0.0014751708975469628,0.36246337908377485,0.7499902345216811,1767889200.808901,2.1912760734558105,0.017599007114768028
189,48384,48383,INSECTS_abrupt_balanced,insects_real,ts_drift_adapt_severity,20,"error_divergence_ph_meta@error.threshold=0.05,error.min_instances=5",error_divergence_ph_meta,"{""divergence"": {""alpha"": 0.1, ""delta"": 0.005, ""min_instances"": 30, ""threshold"": 0.05}, ""error_rate"": {""alpha"": 0.15, ""delta"": 0.005, ""min_instances"": 5, ""threshold"": 0.05}}","{""error_rate"": {""min_instances"": 5, ""threshold"": 0.05}}",0.05,0.005,0.15,5,0.05,0.005,0.1,30,,,,-1,two_stage,2,0.5,"confirm_cooldown=200,divergence=0.3,error_rate=0.5,teacher_entropy=0.2",1,0,200,0.0,0,10000,10.0,25.0,200,500,0,0,2.0,0.1935970568783069,0.03161036004112137,0.9166666666666666,1.7379422187805176,0.002800537506118417,0,0,35,35,-1,0.0,0.08333333333333337,0,0.0,0.0,0.0,0.0,1,confirmed_streak,0,5,0,uncertain,0.95,5,mild_drift,0.9403656006209472,0.0013875854487734815,0.38123168954188746,0.7549951172608406,1767889200.8580823,1.9737895727157593,0.011324647814035416
190,48640,48639,INSECTS_abrupt_balanced,insects_real,ts_drift_adapt_severity,20,"error_divergence_ph_meta@error.threshold=0.05,error.min_instances=5",error_divergence_ph_meta,"{""divergence"": {""alpha"": 0.1, ""delta"": 0.005, ""min_instances"": 30, ""threshold"": 0.05}, ""error_rate"": {""alpha"": 0.15, ""delta"": 0.005, ""min_instances"": 5, ""threshold"": 0.05}}","{""error_rate"": {""min_instances"": 5, ""threshold"": 0.05}}",0.05,0.005,0.15,5,0.05,0.005,0.1,30,,,,-1,two_stage,2,0.5,"confirm_cooldown=200,divergence=0.3,error_rate=0.5,teacher_entropy=0.2",1,0,200,0.0,0,10000,10.0,25.0,200,500,0,0,2.0,0.19280427631578947,0.030707470265827593,1.0,1.737365961074829,0.002446900587528944,0,0,35,35,-1,0.0,0.08333333333333337,0,0.0,0.0,0.0,0.0,1,confirmed_streak,0,5,0,uncertain,0.95,5,mild_drift,0.9451828003104736,0.0013437927243867408,0.39061584477094374,0.7574975586304202,1767889200.9136815,2.193763494491577,0.009803726337850094
191,48896,48895,INSECTS_abrupt_balanced,insects_real,ts_drift_adapt_severity,20,"error_divergence_ph_meta@error.threshold=0.05,error.min_instances=5",error_divergence_ph_meta,"{""divergence"": {""alpha"": 0.1, ""delta"": 0.005, ""min_instances"": 30, ""threshold"": 0.05}, ""error_rate"": {""alpha"": 0.15, ""delta"": 0.005, ""min_instances"": 5, ""threshold"": 0.05}}","{""error_rate"": {""min_instances"": 5, ""threshold"": 0.05}}",0.05,0.005,0.15,5,0.05,0.005,0.1,30,,,,-1,two_stage,2,0.5,"confirm_cooldown=200,divergence=0.3,error_rate=0.5,teacher_entropy=0.2",1,0,200,0.0,0,10000,10.0,25.0,200,500,0,0,2.0,0.1920607002617801,0.029881488998022503,0.9166666666666666,1.7375028133392334,0.002232765546068549,0,0,35,35,-1,0.0,0.08333333333333337,0,0.0,0.0,0.0,0.0,1,confirmed_streak,0,5,0,uncertain,0.95,5,mild_drift,0.9475914001552368,0.0013218963621933705,0.39530792238547185,0.7587487793152101,1767889200.965107,1.9661455154418945,0.008890846744179726
192,49152,49151,INSECTS_abrupt_balanced,insects_real,ts_drift_adapt_severity,20,"error_divergence_ph_meta@error.threshold=0.05,error.min_instances=5",error_divergence_ph_meta,"{""divergence"": {""alpha"": 0.1, ""delta"": 0.005, ""min_instances"": 30, ""threshold"": 0.05}, ""error_rate"": {""alpha"": 0.15, ""delta"": 0.005, ""min_instances"": 5, ""threshold"": 0.05}}","{""error_rate"": {""min_instances"": 5, ""threshold"": 0.05}}",0.05,0.005,0.15,5,0.05,0.005,0.1,30,,,,-1,two_stage,2,0.5,"confirm_cooldown=200,divergence=0.3,error_rate=0.5,teacher_entropy=0.2",1,0,200,0.0,0,10000,10.0,25.0,200,500,0,0,2.0,0.19138590494791666,0.029169716130939757,0.8333333333333334,1.737758755683899,0.0022101213689893484,1,1,36,36,0,0.16666666666666663,0.08333333333333326,1,0.5,0.0,0.0,0.0,1,confirmed_streak,0,5,1,uncertain,0.95,5,severe_drift,0.9102957000776184,0.0016609481810966852,0.3226539611927359,0.739374389657605,1767889201.0217142,2.017688512802124,0.008758080191910267
193,49408,49407,INSECTS_abrupt_balanced,insects_real,ts_drift_adapt_severity,20,"error_divergence_ph_meta@error.threshold=0.05,error.min_instances=5",error_divergence_ph_meta,"{""divergence"": {""alpha"": 0.1, ""delta"": 0.005, ""min_instances"": 30, ""threshold"": 0.05}, ""error_rate"": {""alpha"": 0.15, ""delta"": 0.005, ""min_instances"": 5, ""threshold"": 0.05}}","{""error_rate"": {""min_instances"": 5, ""threshold"": 0.05}}",0.05,0.005,0.15,5,0.05,0.005,0.1,30,,,,-1,two_stage,2,0.5,"confirm_cooldown=200,divergence=0.3,error_rate=0.5,teacher_entropy=0.2",1,0,200,0.0,0,10000,10.0,25.0,200,500,0,0,2.0,0.19077882124352333,0.02852639290665276,0.9166666666666666,1.7403532266616821,0.0028975107707083225,0,0,36,36,-1,0.0,0.08333333333333326,0,0.0,0.0,0.0,0.0,1,confirmed_streak,0,5,0,uncertain,0.95,5,mild_drift,0.9301478500388092,0.0014804740905483425,0.361326980596368,0.7496871948288025,1767889201.0769503,1.9503226280212402,0.011464793235063553
194,49664,49663,INSECTS_abrupt_balanced,insects_real,ts_drift_adapt_severity,20,"error_divergence_ph_meta@error.threshold=0.05,error.min_instances=5",error_divergence_ph_meta,"{""divergence"": {""alpha"": 0.1, ""delta"": 0.005, ""min_instances"": 30, ""threshold"": 0.05}, ""error_rate"": {""alpha"": 0.15, ""delta"": 0.005, ""min_instances"": 5, ""threshold"": 0.05}}","{""error_rate"": {""min_instances"": 5, ""threshold"": 0.05}}",0.05,0.005,0.15,5,0.05,0.005,0.1,30,,,,-1,two_stage,2,0.5,"confirm_cooldown=200,divergence=0.3,error_rate=0.5,teacher_entropy=0.2",1,0,200,0.0,0,10000,10.0,25.0,200,500,0,0,2.0,0.19029880798969073,0.028047614543905232,0.8333333333333334,1.7429403066635132,0.003907156642526388,0,0,36,36,-1,0.0,0.08333333333333326,0,0.0,0.0,0.0,0.0,1,confirmed_streak,0,5,0,uncertain,0.95,5,mild_drift,0.9400739250194046,0.0013902370452741715,0.380663490298184,0.7548435974144012,1767889201.1289768,1.9304537773132324,0.015436792746186256
195,49920,49919,INSECTS_abrupt_balanced,insects_real,ts_drift_adapt_severity,20,"error_divergence_ph_meta@error.threshold=0.05,error.min_instances=5",error_divergence_ph_meta,"{""divergence"": {""alpha"": 0.1, ""delta"": 0.005, ""min_instances"": 30, ""threshold"": 0.05}, ""error_rate"": {""alpha"": 0.15, ""delta"": 0.005, ""min_instances"": 5, ""threshold"": 0.05}}","{""error_rate"": {""min_instances"": 5, ""threshold"": 0.05}}",0.05,0.005,0.15,5,0.05,0.005,0.1,30,,,,-1,two_stage,2,0.5,"confirm_cooldown=200,divergence=0.3,error_rate=0.5,teacher_entropy=0.2",1,0,200,0.0,0,10000,10.0,25.0,200,500,0,0,2.0,0.18998397435897435,0.027773897213499685,1.0,1.7447704076766968,0.005237051285803318,0,0,36,36,-1,0.0,0.16666666666666663,0,0.0,0.0,0.0,0.0,1,confirmed_streak,0,5,0,uncertain,0.95,5,mild_drift,0.9450369625097023,0.0013451185226370857,0.390331745149092,0.7574217987072006,1767889201.1861117,1.9869966506958008,0.02076146751642227
196,50176,50175,INSECTS_abrupt_balanced,insects_real,ts_drift_adapt_severity,20,"error_divergence_ph_meta@error.threshold=0.05,error.min_instances=5",error_divergence_ph_meta,"{""divergence"": {""alpha"": 0.1, ""delta"": 0.005, ""min_instances"": 30, ""threshold"": 0.05}, ""error_rate"": {""alpha"": 0.15, ""delta"": 0.005, ""min_instances"": 5, ""threshold"": 0.05}}","{""error_rate"": {""min_instances"": 5, ""threshold"": 0.05}}",0.05,0.005,0.15,5,0.05,0.005,0.1,30,,,,-1,two_stage,2,0.5,"confirm_cooldown=200,divergence=0.3,error_rate=0.5,teacher_entropy=0.2",1,0,200,0.0,0,10000,10.0,25.0,200,500,0,0,2.0,0.19005102040816327,0.027998611166897978,0.8333333333333334,1.748255968093872,0.006692518945783377,0,0,36,36,-1,0.0,0.16666666666666663,0,0.0,0.0,0.0,0.0,1,confirmed_streak,0,5,0,uncertain,0.95,5,mild_drift,0.9475184812548512,0.0013225592613185428,0.39516587257454605,0.7587108993536003,1767889201.247543,1.8889245986938477,0.02655397728085518
197,50432,50431,INSECTS_abrupt_balanced,insects_real,ts_drift_adapt_severity,20,"error_divergence_ph_meta@error.threshold=0.05,error.min_instances=5",error_divergence_ph_meta,"{""divergence"": {""alpha"": 0.1, ""delta"": 0.005, ""min_instances"": 30, ""threshold"": 0.05}, ""error_rate"": {""alpha"": 0.15, ""delta"": 0.005, ""min_instances"": 5, ""threshold"": 0.05}}","{""error_rate"": {""min_instances"": 5, ""threshold"": 0.05}}",0.05,0.005,0.15,5,0.05,0.005,0.1,30,,,,-1,two_stage,2,0.5,"confirm_cooldown=200,divergence=0.3,error_rate=0.5,teacher_entropy=0.2",1,0,200,0.0,0,10000,10.0,25.0,200,500,0,0,2.0,0.19033550126903553,0.028474327798533778,0.8333333333333334,1.7496190071105957,0.007736835163086653,1,1,37,37,0,0.0,0.001044316217303276,1,0.5,-0.0083342198951388,0.0,0.0,1,confirmed_streak,0,5,1,uncertain,0.95,5,stable,0.9687592406274256,0.0010612796306592714,0.447582936287273,0.7993554496768002,1767889201.3029428,1.8261398077011108,0.03088909573853016
198,50688,50687,INSECTS_abrupt_balanced,insects_real,ts_drift_adapt_severity,20,"error_divergence_ph_meta@error.threshold=0.05,error.min_instances=5",error_divergence_ph_meta,"{""divergence"": {""alpha"": 0.1, ""delta"": 0.005, ""min_instances"": 30, ""threshold"": 0.05}, ""error_rate"": {""alpha"": 0.15, ""delta"": 0.005, ""min_instances"": 5, ""threshold"": 0.05}}","{""error_rate"": {""min_instances"": 5, ""threshold"": 0.05}}",0.05,0.005,0.15,5,0.05,0.005,0.1,30,,,,-1,two_stage,2,0.5,"confirm_cooldown=200,divergence=0.3,error_rate=0.5,teacher_entropy=0.2",1,0,200,0.0,0,10000,10.0,25.0,200,500,0,0,2.0,0.1908933080808081,0.029278542031329558,0.6666666666666666,1.7512069940567017,0.009337818250060081,0,0,37,37,-1,0.0,0.16666666666666674,0,0.0,0.0,0.0,0.0,1,confirmed_streak,0,5,0,uncertain,0.95,5,mild_drift,0.9593796203137128,0.0011806398153296357,0.42379146814363655,0.7796777248384001,1767889201.348737,1.8149452209472656,0.037300631403923035
199,50944,50943,INSECTS_abrupt_balanced,insects_real,ts_drift_adapt_severity,20,"error_divergence_ph_meta@error.threshold=0.05,error.min_instances=5",error_divergence_ph_meta,"{""divergence"": {""alpha"": 0.1, ""delta"": 0.005, ""min_instances"": 30, ""threshold"": 0.05}, ""error_rate"": {""alpha"": 0.15, ""delta"": 0.005, ""min_instances"": 5, ""threshold"": 0.05}}","{""error_rate"": {""min_instances"": 5, ""threshold"": 0.05}}",0.05,0.005,0.15,5,0.05,0.005,0.1,30,,,,-1,two_stage,2,0.5,"confirm_cooldown=200,divergence=0.3,error_rate=0.5,teacher_entropy=0.2",1,0,200,0.0,0,10000,10.0,25.0,200,500,0,0,2.0,0.1916418027638191,0.030304773839223944,0.6666666666666666,1.7542176246643066,0.010815340094268322,0,0,37,37,-1,0.0,0.0014775218442082405,0,0.0,0.0,0.0,0.0,1,confirmed_streak,0,5,0,uncertain,0.95,5,mild_drift,0.9546898101568564,0.001240319907664818,0.4118957340718183,0.7698388624192001,1767889201.3909955,1.7193737030029297,0.043253473937511444
200,51200,51199,INSECTS_abrupt_balanced,insects_real,ts_drift_adapt_severity,20,"error_divergence_ph_meta@error.threshold=0.05,error.min_instances=5",error_divergence_ph_meta,"{""divergence"": {""alpha"": 0.1, ""delta"": 0.005, ""min_instances"": 30, ""threshold"": 0.05}, ""error_rate"": {""alpha"": 0.15, ""delta"": 0.005, ""min_instances"": 5, ""threshold"": 0.05}}","{""error_rate"": {""min_instances"": 5, ""threshold"": 0.05}}",0.05,0.005,0.15,5,0.05,0.005,0.1,30,,,,-1,two_stage,2,0.5,"confirm_cooldown=200,divergence=0.3,error_rate=0.5,teacher_entropy=0.2",1,0,200,0.0,0,10000,10.0,25.0,200,500,0,0,2.0,0.19240234375,0.0313455755633677,0.5833333333333334,1.7553030252456665,0.012479261495172977,0,0,37,37,-1,0.0,0.08333333333333326,0,0.0,0.0,0.0,0.0,1,confirmed_streak,0,5,0,uncertain,0.95,5,mild_drift,0.9523449050784282,0.0012701599538324092,0.4059478670359091,0.7649194312096,1767889201.4330704,1.6499801874160767,0.0500783734023571
201,51456,51455,INSECTS_abrupt_balanced,insects_real,ts_drift_adapt_severity,20,"error_divergence_ph_meta@error.threshold=0.05,error.min_instances=5",error_divergence_ph_meta,"{""divergence"": {""alpha"": 0.1, ""delta"": 0.005, ""min_instances"": 30, ""threshold"": 0.05}, ""error_rate"": {""alpha"": 0.15, ""delta"": 0.005, ""min_instances"": 5, ""threshold"": 0.05}}","{""error_rate"": {""min_instances"": 5, ""threshold"": 0.05}}",0.05,0.005,0.15,5,0.05,0.005,0.1,30,,,,-1,two_stage,2,0.5,"confirm_cooldown=200,divergence=0.3,error_rate=0.5,teacher_entropy=0.2",1,0,200,0.0,0,10000,10.0,25.0,200,500,0,0,2.0,0.19325248756218905,0.03248971350669724,0.75,1.7579398155212402,0.014386868104338646,0,0,37,37,-1,0.0,0.16666666666666663,0,0.0,0.0,0.0,0.0,1,confirmed_streak,0,5,0,uncertain,0.95,5,mild_drift,0.951172452539214,0.0012850799769162048,0.4029739335179546,0.7624597156048001,1767889201.4767592,1.7899274826049805,0.05794072896242142
202,51712,51711,INSECTS_abrupt_balanced,insects_real,ts_drift_adapt_severity,20,"error_divergence_ph_meta@error.threshold=0.05,error.min_instances=5",error_divergence_ph_meta,"{""divergence"": {""alpha"": 0.1, ""delta"": 0.005, ""min_instances"": 30, ""threshold"": 0.05}, ""error_rate"": {""alpha"": 0.15, ""delta"": 0.005, ""min_instances"": 5, ""threshold"": 0.05}}","{""error_rate"": {""min_instances"": 5, ""threshold"": 0.05}}",0.05,0.005,0.15,5,0.05,0.005,0.1,30,,,,-1,two_stage,2,0.5,"confirm_cooldown=200,divergence=0.3,error_rate=0.5,teacher_entropy=0.2",1,0,200,0.0,0,10000,10.0,25.0,200,500,0,0,2.0,0.1942489170792079,0.033801310346326635,0.4166666666666667,1.7604228258132935,0.015560725703835487,1,1,38,38,0,0.4166666666666667,0.3333333333333333,1,0.5,-0.004601791488627857,0.0,0.0,1,confirmed_streak,0,5,1,uncertain,0.95,5,severe_drift,0.912086226269607,0.0016425399884581024,0.32648696675897726,0.7412298578024001,1767889201.520463,1.5711787939071655,0.06272392719984055
203,51968,51967,INSECTS_abrupt_balanced,insects_real,ts_drift_adapt_severity,20,"error_divergence_ph_meta@error.threshold=0.05,error.min_instances=5",error_divergence_ph_meta,"{""divergence"": {""alpha"": 0.1, ""delta"": 0.005, ""min_instances"": 30, ""threshold"": 0.05}, ""error_rate"": {""alpha"": 0.15, ""delta"": 0.005, ""min_instances"": 5, ""threshold"": 0.05}}","{""error_rate"": {""min_instances"": 5, ""threshold"": 0.05}}",0.05,0.005,0.15,5,0.05,0.005,0.1,30,,,,-1,two_stage,2,0.5,"confirm_cooldown=200,divergence=0.3,error_rate=0.5,teacher_entropy=0.2",1,0,200,0.0,0,10000,10.0,25.0,200,500,0,0,2.0,0.19537022783251232,0.03525644019809312,0.5,1.761479377746582,0.016600070521235466,0,0,38,38,-1,0.0,0.08333333333333331,0,0.0,0.0,0.0,0.0,1,confirmed_streak,0,5,0,uncertain,0.95,5,mild_drift,0.9310431131348035,0.0014712699942290514,0.36324348337948864,0.7506149289012001,1767889201.5605838,1.643121600151062,0.06725617498159409
204,52224,52223,INSECTS_abrupt_balanced,insects_real,ts_drift_adapt_severity,20,"error_divergence_ph_meta@error.threshold=0.05,error.min_instances=5",error_divergence_ph_meta,"{""divergence"": {""alpha"": 0.1, ""delta"": 0.005, ""min_instances"": 30, ""threshold"": 0.05}, ""error_rate"": {""alpha"": 0.15, ""delta"": 0.005, ""min_instances"": 5, ""threshold"": 0.05}}","{""error_rate"": {""min_instances"": 5, ""threshold"": 0.05}}",0.05,0.005,0.15,5,0.05,0.005,0.1,30,,,,-1,two_stage,2,0.5,"confirm_cooldown=200,divergence=0.3,error_rate=0.5,teacher_entropy=0.2",1,0,200,0.0,0,10000,10.0,25.0,200,500,0,0,2.0,0.19481464460784315,0.03439443962922258,1.0,1.7655680179595947,0.016857830807566643,0,0,38,38,-1,0.0,0.5,0,0.0,0.0,0.0,0.0,1,confirmed_streak,0,5,0,uncertain,0.95,5,mild_drift,0.9405215565674017,0.0013856349971145257,0.38162174168974433,0.7553074644506,1767889201.603974,1.9235204458236694,0.06853652000427246
205,52480,52479,INSECTS_abrupt_balanced,insects_real,ts_drift_adapt_severity,20,"error_divergence_ph_meta@error.threshold=0.05,error.min_instances=5",error_divergence_ph_meta,"{""divergence"": {""alpha"": 0.1, ""delta"": 0.005, ""min_instances"": 30, ""threshold"": 0.05}, ""error_rate"": {""alpha"": 0.15, ""delta"": 0.005, ""min_instances"": 5, ""threshold"": 0.05}}","{""error_rate"": {""min_instances"": 5, ""threshold"": 0.05}}",0.05,0.005,0.15,5,0.05,0.005,0.1,30,,,,-1,two_stage,2,0.5,"confirm_cooldown=200,divergence=0.3,error_rate=0.5,teacher_entropy=0.2",1,0,200,0.0,0,10000,10.0,25.0,200,500,0,0,2.0,0.1938643292682927,0.03299070879484884,1.0,1.7678391933441162,0.016689935699105263,0,0,38,38,-1,0.0,0.00016789510846138,0,0.0,0.0,0.0,0.0,1,confirmed_streak,0,5,0,uncertain,0.95,5,mild_drift,0.9452607782837008,0.0013428174985572628,0.3908108708448722,0.7576537322253001,1767889201.6482198,1.8682938814163208,0.06798446923494339
206,52736,52735,INSECTS_abrupt_balanced,insects_real,ts_drift_adapt_severity,20,"error_divergence_ph_meta@error.threshold=0.05,error.min_instances=5",error_divergence_ph_meta,"{""divergence"": {""alpha"": 0.1, ""delta"": 0.005, ""min_instances"": 30, ""threshold"": 0.05}, ""error_rate"": {""alpha"": 0.15, ""delta"": 0.005, ""min_instances"": 5, ""threshold"": 0.05}}","{""error_rate"": {""min_instances"": 5, ""threshold"": 0.05}}",0.05,0.005,0.15,5,0.05,0.005,0.1,30,,,,-1,two_stage,2,0.5,"confirm_cooldown=200,divergence=0.3,error_rate=0.5,teacher_entropy=0.2",1,0,200,0.0,0,10000,10.0,25.0,200,500,0,0,2.0,0.19292324029126215,0.03161150697351401,1.0,1.7645126581192017,0.016048960387706757,0,0,38,38,-1,0.0,0.0006409753113985062,0,0.0,0.0,0.0,0.0,1,confirmed_streak,0,5,0,uncertain,0.95,5,mild_drift,0.9476303891418504,0.0013214087492786314,0.3954054354224361,0.75882686611265,1767889201.6920702,1.8206816911697388,0.06570352613925934
207,52847,52846,INSECTS_abrupt_balanced,insects_real,ts_drift_adapt_severity,20,"error_divergence_ph_meta@error.threshold=0.05,error.min_instances=5",error_divergence_ph_meta,"{""divergence"": {""alpha"": 0.1, ""delta"": 0.005, ""min_instances"": 30, ""threshold"": 0.05}, ""error_rate"": {""alpha"": 0.15, ""delta"": 0.005, ""min_instances"": 5, ""threshold"": 0.05}}","{""error_rate"": {""min_instances"": 5, ""threshold"": 0.05}}",0.05,0.005,0.15,5,0.05,0.005,0.1,30,,,,-1,two_stage,2,0.5,"confirm_cooldown=200,divergence=0.3,error_rate=0.5,teacher_entropy=0.2",1,0,200,0.0,0,10000,10.0,25.0,200,500,0,0,2.0,0.1925180237288777,0.031020998195418963,1.0,1.7675901651382446,0.015141898766160011,1,1,39,39,0,0.5833333333333333,0.0009070616215467453,1,0.5,0.11438931125942728,0.05719465562971364,0.0,1,confirmed_streak,0,5,1,uncertain,0.95,5,severe_drift,0.9103151945709251,0.0016607043746393157,0.32270271771121806,0.7394134330563251,1767889201.7208698,1.8146682977676392,0.06209506094455719
